757.2
1019.54
252.71
1956.58
27.9679
330.272
746.983
1113.45
1624.46
121.696
12.9837
2043.87
272.03
6.20897
429.006
913.084
73.3269
940.077
48.436
202.18
154.37
97.2718
1132.76
295.198
1992.33
266.768
257.912
735.142
466.077
1396.22
2460.99
1004.79
701.154
1920.72
105.697
531.885
731.497
1493.56
4.50408
1656.67
247.794
1505.19
679.495
760.686
566.027
1556.49
149.468
234.775
908.096
675.789
839.438
7.67954
801.753
291.841
538.133
889.588
637.614
95.2279
151.112
1099.5
295.425
671.051
6.20789
854.664
373.834
692.329
581.996
197.487
39.7328
174.139
239.637
612.243
542.981
279.734
173.301
758.659
629.592
1297.6
230.638
298.54
917.991
329.48
829.29
1411.85
1295.7
161.457
878.156
30.111
891.958
32.6839
138.131
4.97134
764.951
1226.07
43.0049
678.158
93.8277
58.8702
72.0938
1674.7
5.05235
64.3751
565.762
5.51886
546.919
46.0783
1198.04
218.845
422.965
5.02372
40.6556
930.625
249.152
5.72898
2031.55
161.795
1340.65
72.2861
852.875
432.168
230.827
41.4467
1126.89
175.306
93.2646
111.688
4.91436
329.164
4.88559
409.071
6.53143
320.46
204.029
684.017
56.379
44.4702
578.759
16.9731
316.922
10.7637
1030.84
137.563
286.045
333.349
589.125
118.915
379.67
1182.92
207.695
44.2195
196.11
69.7496
525.138
968.365
1918.81
20.1824
784.033
616.378
31.9687
555.011
556.856
1412.24
30.4467
98.7787
