128
0 0 0 0 0 0 0 0 0 0 0 0 0 0 0 0 0 0 0 0 0 0 0 0 0 0 0 0 0 0 0 0 0 0 0 0 0 0 0 0 0 0 0 0 0 0 0 0 0 0 0 0 0 0 0 0 0 0 0 0 0 0 0 0 129 0 0 0 0 0 0 0 0 0 0 0 0 0 0 0 0 0 0 0 0 0 0 0 0 0 0 0 0 0 0 0 0 0 0 0 0 0 0 0 0 0 0 0 0 0 0 0 0 0 0 0 0 0 0 0 0 0 0 0 0 0 0 0
0 0 0 0 0 0 0 0 0 0 0 0 0 0 0 0 0 0 0 0 0 0 0 0 0 0 0 0 0 0 0 0 0 0 0 0 0 0 0 0 0 0 0 0 0 0 0 0 0 0 0 0 0 40 104 185 90 237 120 168 69 48 21 203 98 180 60 184 219 15 232 91 168 146 135 96 0 0 0 0 0 0 0 0 0 0 0 0 0 0 0 0 0 0 0 0 0 0 0 0 0 0 0 0 0 0 0 0 0 0 0 0 0 0 0 0 0 0 0 0 0 0 0 0 0 0 0 0
0 0 0 0 0 0 0 0 0 0 0 0 0 0 0 0 0 0 0 0 0 0 0 0 0 0 0 0 0 0 0 0 0 0 0 0 0 0 0 0 0 0 0 0 0 0 0 0 0 244 28 250 35 118 1 252 53 147 183 179 85 124 232 117 38 39 214 188 30 161 172 247 72 125 101 50 35 88 233 245 0 0 0 0 0 0 0 0 0 0 0 0 0 0 0 0 0 0 0 0 0 0 0 0 0 0 0 0 0 0 0 0 0 0 0 0 0 0 0 0 0 0 0 0 0 0 0 0
0 0 0 0 0 0 0 0 0 0 0 0 0 0 0 0 0 0 0 0 0 0 0 0 0 0 0 0 0 0 0 0 0 0 0 0 0 0 0 0 0 0 0 0 0 143 255 252 88 115 156 58 157 60 68 216 231 106 172 97 141 214 44 236 132 4 191 134 21 213 218 47 223 128 67 65 12 165 23 206 252 193 42 106 0 0 0 0 0 0 0 0 0 0 0 0 0 0 0 0 0 0 0 0 0 0 0 0 0 0 0 0 0 0 0 0 0 0 0 0 0 0 0 0 0 0 0 0
0 0 0 0 0 0 0 0 0 0 0 0 0 0 0 0 0 0 0 0 0 0 0 0 0 0 0 0 0 0 0 0 0 0 0 0 0 0 0 0 0 0 88 84 14 69 227 110 67 102 131 140 137 161 113 214 12 119 62 90 77 173 59 39 186 151 37 232 25 219 49 201 53 149 109 32 64 79 183 178 59 39 83 142 146 86 182 0 0 0 0 0 0 0 0 0 0 0 0 0 0 0 0 0 0 0 0 0 0 0 0 0 0 0 0 0 0 0 0 0 0 0 0 0 0 0 0 0
0 0 0 0 0 0 0 0 0 0 0 0 0 0 0 0 0 0 0 0 0 0 0 0 0 0 0 0 0 0 0 0 0 0 0 0 0 0 0 0 62 7 254 222 205 235 25 169 8 212 198 210 36 229 162 139 115 16 60 233 120 163 166 139 199 189 254 248 40 233 217 141 121 167 230 30 100 212 230 151 90 233 164 244 4 250 20 207 253 0 0 0 0 0 0 0 0 0 0 0 0 0 0 0 0 0 0 0 0 0 0 0 0 0 0 0 0 0 0 0 0 0 0 0 0 0 0 0
0 0 0 0 0 0 0 0 0 0 0 0 0 0 0 0 0 0 0 0 0 0 0 0 0 0 0 0 0 0 0 0 0 0 0 0 0 24 0 0 224 11 44 203 54 0 129 182 169 67 94 206 14 181 75 116 154 60 168 64 190 210 42 203 26 246 88 216 24 42 105 78 9 44 60 64 195 63 248 212 190 60 225 186 123 5 64 249 75 189 168 146 0 0 0 0 0 0 0 0 0 0 0 0 0 0 0 0 0 0 0 0 0 0 0 0 0 0 0 0 0 0 0 0 0 0 0 0
0 0 0 0 0 0 0 0 0 0 0 0 0 0 0 0 0 0 0 0 0 0 0 0 0 0 0 0 0 0 0 0 0 0 0 220 101 114 164 67 104 224 141 245 124 211 123 131 228 44 8 61 17 234 189 252 176 76 59 56 208 161 195 50 200 245 227 33 65 155 244 190 109 101 147 145 164 231 15 218 106 109 41 116 216 229 39 48 121 145 14 108 189 86 0 0 0 0 0 0 0 0 0 0 0 0 0 0 0 0 0 0 0 0 0 0 0 0 0 0 0 0 0 0 0 0 0 0
0 0 0 0 0 0 0 0 0 0 0 0 0 0 0 0 0 0 0 0 0 0 0 0 0 0 0 0 0 0 0 0 0 0 103 178 130 224 77 130 125 13 154 152 98 59 44 57 11 231 61 19 114 115 237 146 116 108 94 6 68 155 39 204 177 66 224 254 211 19 26 19 53 182 221 13 173 24 86 105 163 246 142 5 160 226 129 143 233 74 50 33 40 63 139 0 0 0 0 0 0 0 0 0 0 0 0 0 0 0 0 0 0 0 0 0 0 0 0 0 0 0 0 0 0 0 0 0
0 0 0 0 0 0 0 0 0 0 0 0 0 0 0 0 0 0 0 0 0 0 0 0 0 0 0 0 0 0 0 0 149 114 13 60 176 162 251 227 153 51 91 245 7 203 200 84 13 174 99 228 82 64 85 95 232 202 137 87 85 59 225 190 235 107 59 20 7 109 168 53 143 42 101 142 92 46 235 122 111 33 111 167 27 139 172 215 47 149 4 176 84 0 177 245 211 0 0 0 0 0 0 0 0 0 0 0 0 0 0 0 0 0 0 0 0 0 0 0 0 0 0 0 0 0 0 0
0 0 0 0 0 0 0 0 0 0 0 0 0 0 0 0 0 0 0 0 0 0 0 0 0 0 0 0 0 0 216 32 72 95 59 89 130 87 176 103 79 59 81 162 103 217 106 175 1 7 73 229 162 208 188 69 132 122 164 211 177 223 253 95 127 13 160 163 74 215 192 232 16 92 155 11 229 83 232 74 10 72 103 114 212 94 15 237 122 34 46 94 141 182 67 31 69 33 3 0 0 0 0 0 0 0 0 0 0 0 0 0 0 0 0 0 0 0 0 0 0 0 0 0 0 0 0 0
0 0 0 0 0 0 0 0 0 0 0 0 0 0 0 0 0 0 0 0 0 0 0 0 0 0 0 0 0 192 232 128 242 168 35 67 163 171 153 3 252 19 214 160 21 59 171 102 26 40 211 74 78 71 194 15 44 148 173 191 238 70 107 160 232 92 89 65 159 48 225 51 37 253 171 244 64 198 15 80 43 43 43 247 247 147 18 175 211 156 128 68 77 165 10 200 124 38 180 190 0 0 0 0 0 0 0 0 0 0 0 0 0 0 0 0 0 0 0 0 0 0 0 0 0 0 0 0
0 0 0 0 0 0 0 0 0 0 0 0 0 0 0 0 0 0 0 0 0 0 0 0 0 0 0 101 109 141 214 73 26 13 101 62 53 164 176 192 255 23 39 123 114 78 231 244 129 180 22 50 217 250 139 104 238 52 160 58 179 116 95 42 145 83 189 186 245 137 49 210 241 168 120 199 208 183 116 83 204 193 103 47 72 217 252 26 81 221 55 216 88 102 198 69 213 6 58 217 49 205 0 0 0 0 0 0 0 0 0 0 0 0 0 0 0 0 0 0 0 0 0 0 0 0 0 0
0 0 0 0 0 0 0 0 0 0 0 0 0 0 0 0 0 0 0 0 0 0 0 0 0 0 178 24 250 141 156 193 149 115 174 55 158 201 76 228 187 138 60 197 204 198 251 89 78 128 51 118 41 69 148 65 193 249 60 218 151 34 75 242 3 41 98 62 31 1 1 113 85 212 205 185 35 250 40 35 77 21 250 76 39 90 130 88 208 110 226 211 149 252 44 155 35 62 48 125 236 66 35 0 0 0 0 0 0 0 0 0 0 0 0 0 0 0 0 0 0 0 0 0 0 0 0 0
0 0 0 0 0 0 0 0 0 0 0 0 0 0 0 0 0 0 0 0 0 0 0 0 0 143 60 192 211 173 168 14 233 38 110 216 136 86 25 182 107 124 215 100 248 132 127 146 244 234 108 130 223 102 208 250 182 250 126 137 143 210 244 14 205 229 82 179 72 245 235 16 65 47 166 159 207 238 138 201 225 58 203 94 64 162 174 91 129 152 193 91 250 110 90 87 45 33 225 219 36 32 19 155 0 0 0 0 0 0 0 0 0 0 0 0 0 0 0 0 0 0 0 0 0 0 0 0
0 0 0 0 0 0 0 0 0 0 0 0 0 0 0 0 0 0 0 0 0 0 0 20 139 65 93 179 209 122 1 190 32 42 175 107 102 118 179 146 138 231 105 4 111 154 201 108 82 219 111 119 222 9 126 59 76 43 225 142 23 57 217 31 88 190 200 5 142 195 203 226 18 134 48 107 113 33 192 69 230 225 44 169 111 46 47 7 124 189 131 174 55 110 7 99 73 7 139 57 63 46 222 170 175 86 0 0 0 0 0 0 0 0 0 0 0 0 0 0 0 0 0 0 0 0 0 0
0 0 0 0 0 0 0 0 0 0 0 0 0 0 0 0 0 0 0 0 0 0 138 67 251 231 98 234 20 103 12 29 67 206 170 169 229 219 191 20 131 234 160 159 59 37 177 92 0 139 254 103 149 178 168 240 234 4 86 5 36 133 108 21 85 32 41 169 65 242 233 181 27 209 34 236 249 93 161 208 11 130 128 45 184 86 128 48 115 81 199 201 174 135 100 71 173 199 147 81 90 219 60 0 147 232 174 0 0 0 0 0 0 0 0 0 0 0 0 0 0 0 0 0 0 0 0 0
0 0 0 0 0 0 0 0 0 0 0 0 0 0 0 0 0 0 0 0 0 33 26 217 58 219 101 230 17 205 17 241 100 203 120 252 227 100 178 233 184 163 41 67 246 35 126 112 154 9 43 113 147 69 150 203 219 57 181 123 64 244 179 117 255 96 61 82 62 91 140 147 192 255 94 152 126 74 55 219 249 229 106 97 233 36 232 37 232 19 181 157 254 163 14 132 156 142 27 158 204 49 192 168 139 84 153 197 0 0 0 0 0 0 0 0 0 0 0 0 0 0 0 0 0 0 0 0
0 0 0 0 0 0 0 0 0 0 0 0 0 0 0 0 0 0 0 0 121 192 253 214 186 119 218 14 73 105 76 79 57 169 15 10 165 15 125 206 18 33 160 84 240 192 205 239 45 128 45 197 28 141 37 67 4 223 251 17 170 49 41 47 175 95 169 61 106 43 232 76 65 183 219 25 26 87 137 218 220 5 164 175 243 242 85 48 57 68 70 159 243 202 42 117 151 88 206 122 200 39 81 185 144 228 75 81 188 0 0 0 0 0 0 0 0 0 0 0 0 0 0 0 0 0 0 0
0 0 0 0 0 0 0 0 0 0 0 0 0 0 0 0 0 0 0 139 74 29 102 86 139 98 80 204 170 242 253 72 33 205 251 220 76 241 132 171 73 128 146 254 8 118 36 24 120 84 216 209 61 207 147 217 39 91 63 173 179 48 211 208 14 98 2 89 223 228 86 91 187 200 220 184 167 208 166 248 146 235 165 140 117 38 196 106 250 151 73 123 80 193 61 192 107 201 193 16 99 61 57 38 45 126 106 123 69 130 0 0 0 0 0 0 0 0 0 0 0 0 0 0 0 0 0 0
0 0 0 0 0 0 0 0 0 0 0 0 0 0 0 0 0 0 3 50 71 148 92 192 60 151 139 213 109 213 26 65 40 237 26 232 68 134 77 178 140 230 164 122 185 160 72 48 206 168 119 153 180 170 99 129 33 41 180 36 217 199 58 148 146 10 65 51 241 39 84 131 14 83 246 99 56 105 194 150 168 212 63 89 36 104 109 96 249 209 9 119 118 168 183 9 94 236 247 1 153 6 176 252 116 9 223 234 149 115 38 0 0 0 0 0 0 0 0 0 0 0 0 0 0 0 0 0
0 0 0 0 0 0 0 0 0 0 0 0 0 0 0 0 0 226 69 13 104 223 5 238 19 108 5 16 156 63 90 84 75 192 154 138 11 40 223 223 193 74 97 153 182 91 85 48 65 230 35 14 86 81 196 237 188 215 206 251 211 64 157 194 41 251 242 242 221 118 234 185 55 221 221 154 135 167 122 43 85 126 62 158 124 160 49 146 165 159 245 90 163 243 12 40 254 125 105 101 63 152 140 5 129 189 32 94 237 16 14 116 0 0 0 0 0 0 0 0 0 0 0 0 0 0 0 0
0 0 0 0 0 0 0 0 0 0 0 0 0 0 0 0 42 1 190 195 119 109 136 141 112 252 96 255 62 191 102 90 117 76 118 119 47 76 148 36 112 3 30 127 225 242 24 2 191 31 35 174 172 120 101 23 146 198 211 47 81 195 218 144 72 80 116 85 80 72 144 103 82 205 66 104 220 88 249 243 188 183 216 35 189 59 3 189 148 111 114 220 69 152 82 150 199 155 34 229 101 82 21 114 196 25 94 36 181 126 72 36 200 0 0 0 0 0 0 0 0 0 0 0 0 0 0 0
0 0 0 0 0 0 0 0 0 0 0 0 0 0 0 36 77 193 41 4 177 239 168 174 20 118 134 149 160 81 17 30 129 204 208 230 70 111 149 146 36 212 183 230 132 201 197 85 32 84 171 188 178 6 21 37 112 163 245 193 27 18 102 119 121 174 11 209 95 15 187 99 252 3 230 35 32 26 254 68 173 154 39 149 160 57 121 70 80 4 12 34 41 184 237 16 147 238 101 108 198 206 210 60 115 110 231 157 94 122 35 70 116 211 0 0 0 0 0 0 0 0 0 0 0 0 0 0
0 0 0 0 0 0 0 0 0 0 0 0 0 0 0 116 7 135 104 242 200 150 73 81 109 89 202 0 12 9 211 118 131 0 39 225 233 88 101 31 207 64 163 59 221 134 223 167 197 202 144 121 98 86 172 60 127 1 6 191 1 19 177 49 74 232 64 157 16 204 65 75 119 38 70 38 96 48 151 157 171 197 114 152 109 5 10 175 44 239 85 115 187 237 213 168 192 171 169 182 237 126 172 101 23 157 81 51 249 222 107 198 63 126 0 0 0 0 0 0 0 0 0 0 0 0 0 0
0 0 0 0 0 0 0 0 0 0 0 0 0 0 56 231 62 67 111 156 27 174 91 212 215 128 174 209 3 156 185 147 109 40 95 113 168 212 251 155 207 132 45 225 191 9 19 107 5 148 152 251 199 73 193 8 49 213 250 180 47 124 247 106 183 100 240 42 217 245 71 94 125 247 68 184 36 33 96 136 182 106 254 52 46 188 145 143 174 10 169 209 111 152 80 137 139 61 231 84 163 166 250 89 212 52 116 107 227 242 157 251 246 138 230 0 0 0 0 0 0 0 0 0 0 0 0 0
0 0 0 0 0 0 0 0 0 0 0 0 0 11 227 149 41 154 224 211 61 4 94 126 166 24 224 104 76 64 207 238 150 83 85 55 156 109 18 188 253 28 77 87 159 122 149 208 230 86 214 211 219 59 40 166 114 80 55 38 42 12 97 211 239 3 196 44 84 204 243 79 224 101 94 6 244 91 253 31 200 147 87 62 120 114 185 64 214 3 146 42 17 79 199 188 183 244 198 232 219 166 197 65 133 192 219 147 34 139 83 27 130 190 8 35 0 0 0 0 0 0 0 0 0 0 0 0
0 0 0 0 0 0 0 0 0 0 0 0 200 180 118 212 177 91 146 196 100 222 20 75 237 101 133 165 38 132 128 56 29 125 213 193 46 57 252 227 147 243 68 184 117 108 214 202 201 238 197 146 6 85 138 252 181 16 89 192 63 48 79 20 224 34 64 239 220 161 121 183 65 73 43 147 94 81 110 139 6 180 10 37 86 184 11 237 117 17 125 1 225 219 222 84 223 155 244 80 228 7 156 104 255 127 86 74 9 133 239 89 215 174 228 242 210 0 0 0 0 0 0 0 0 0 0 0
0 0 0 0 0 0 0 0 0 0 0 0 52 216 18 32 119 198 11 172 241 209 205 51 246 98 22 69 42 8 2 126 112 55 224 56 118 84 82 80 227 152 88 150 36 129 82 93 155 1 192 155 106 219 29 4 237 188 30 254 18 150 153 142 42 253 135 184 10 104 217 223 21 134 38 54 169 173 41 35 187 167 216 5 241 49 215 92 84 79 48 218 58 106 200 204 168 24 208 254 198 145 14 18 168 17 54 14 244 123 9 158 14 130 43 130 169 0 0 0 0 0 0 0 0 0 0 0
0 0 0 0 0 0 0 0 0 0 0 55 127 120 73 57 23 163 83 146 88 44 92 131 225 247 54 197 122 187 94 146 224 138 46 129 64 16 39 224 164 6 93 88 221 197 235 119 119 118 182 124 203 169 99 194 178 244 179 61 4 117 221 39 68 242 25 65 236 185 62 174 135 152 66 34 232 178 88 165 242 77 149 48 201 132 70 240 90 159 183 134 107 39 161 221 135 67 29 10 52 110 76 49 76 38 202 228 144 208 243 62 167 89 220 254 72 66 0 0 0 0 0 0 0 0 0 0
0 0 0 0 0 0 0 0 0 0 171 52 87 214 220 129 66 76 142 34 60 191 168 235 92 160 3 45 49 47 199 131 83 122 94 120 246 29 112 76 181 245 190 131 253 83 100 182 243 153 207 22 221 34 140 187 72 74 135 180 19 195 112 116 255 90 252 123 27 142 198 168 192 229 200 141 242 154 198 191 139 91 37 148 200 48 171 182 52 230 14 35 71 129 78 108 255 211 18 33 163 58 179 144 4 131 119 236 121 16 102 108 207 253 28 64 249 146 62 0 0 0 0 0 0 0 0 0
0 0 0 0 0 0 0 0 0 0 193 217 107 98 77 84 144 29 44 208 19 94 174 178 252 225 116 115 146 191 219 228 118 163 46 124 179 105 204 165 84 44 78 0 28 161 46 109 179 212 201 87 94 245 28 115 187 165 44 98 39 172 209 187 130 67 70 163 112 180 247 176 154 163 129 161 192 5 1 17 200 51 190 81 147 160 47 105 6 130 186 10 232 140 202 30 179 124 230 117 217 134 202 155 160 62 77 250 126 254 90 113 5 114 218 72 194 15 150 0 0 0 0 0 0 0 0 0
0 0 0 0 0 0 0 0 0 44 43 124 231 28 84 158 19 197 248 113 189 182 46 75 137 194 238 172 54 168 128 246 140 226 103 43 30 201 74 72 216 197 172 59 97 254 207 189 27 17 233 239 59 68 14 41 8 203 62 196 154 216 137 45 107 132 0 204 48 190 74 221 40 93 113 65 129 81 84 25 38 109 254 223 243 215 72 140 117 229 166 145 223 38 218 165 159 146 172 192 23 104 60 192 234 186 44 3 211 104 24 37 39 2 238 132 107 239 237 87 0 0 0 0 0 0 0 0
0 0 0 0 0 0 0 0 0 239 218 81 213 100 204 79 145 139 244 27 128 147 178 220 43 210 185 65 210 36 85 146 126 244 56 44 127 151 126 182 86 146 235 183 239 184 232 32 23 147 237 244 65 214 188 164 177 130 241 154 129 118 16 116 160 14 71 7 84 205 11 81 56 250 226 72 129 222 246 169 74 184 203 140 207 250 222 243 183 151 45 87 98 187 64 139 189 152 138 151 131 163 80 61 242 106 149 195 255 111 181 15 106 53 13 129 167 41 246 18 0 0 0 0 0 0 0 0
0 0 0 0 0 0 0 0 119 192 4 104 160 79 248 137 113 132 205 177 255 200 103 98 227 126 40 218 89 97 184 195 55 159 134 100 54 1 80 122 103 51 178 225 144 57 129 67 158 174 179 107 1 144 250 160 138 180 114 48 129 106 160 46 116 215 100 174 117 173 119 203 125 184 112 79 245 79 204 118 17 15 72 134 29 200 166 165 158 241 136 186 198 154 230 59 42 133 144 200 170 65 243 28 229 181 238 26 245 218 43 184 189 230 233 174 16 132 154 90 143 0 0 0 0 0 0 0
0 0 0 0 0 0 0 137 179 15 214 96 213 86 245 123 55 146 213 66 162 34 221 136 201 19 52 102 165 38 113 69 38 55 179 145 92 28 137 182 198 159 250 18 217 193 120 196 245 207 141 128 161 209 48 249 106 109 156 132 18 237 85 225 18 244 49 242 54 78 204 13 236 144 131 190 211 156 31 87 238 227 116 93 141 221 65 117 241 233 189 109 57 239 246 46 92 104 162 10 206 138 149 50 61 53 42 199 52 52 176 156 83 12 104 83 89 70 189 240 226 220 0 0 0 0 0 0
0 0 0 0 0 0 0 157 47 155 32 85 73 87 239 163 161 96 87 104 172 101 250 156 104 92 121 229 43 89 236 226 254 238 53 136 132 82 6 99 60 106 40 55 233 200 40 144 237 198 138 192 160 67 39 193 13 2 30 46 79 154 111 80 91 137 168 46 149 203 179 225 129 132 59 240 215 236 2 221 179 12 250 129 96 168 65 94 126 102 43 87 4 177 212 253 185 69 200 80 34 102 6 247 176 62 127 127 6 240 227 143 43 191 67 251 150 58 137 243 225 38 0 0 0 0 0 0
0 0 0 0 0 0 99 74 214 138 203 160 240 84 138 124 118 32 163 101 51 173 194 231 224 30 197 206 84 3 150 184 192 48 131 142 123 163 202 192 22 59 49 85 159 12 49 110 215 191 6 127 55 49 104 248 255 234 102 224 12 82 74 206 102 173 73 160 241 188 89 32 118 179 7 29 118 111 102 24 64 107 134 191 114 173 11 40 89 82 247 183 171 218 41 247 250 123 90 113 14 54 184 40 249 196 103 29 78 71 36 10 7 248 253 217 183 8 210 89 237 121 140 0 0 0 0 0
0 0 0 0 0 0 47 204 237 196 238 247 144 171 25 58 245 1 127 18 209 190 155 169 232 201 125 34 30 204 69 254 12 54 17 224 85 122 211 231 146 213 37 66 225 88 248 190 21 186 133 63 8 70 190 216 89 91 204 169 185 73 92 171 33 79 186 68 65 11 231 196 181 149 248 82 66 69 129 103 126 54 109 36 112 97 209 159 92 131 225 189 145 175 224 197 19 151 165 68 39 96 131 65 82 12 93 195 191 94 218 174 182 122 126 238 197 109 114 214 149 142 181 0 0 0 0 0
0 0 0 0 0 0 224 118 123 112 199 92 172 66 4 163 231 231 138 69 221 53 114 40 253 194 213 205 224 218 99 218 142 166 112 12 47 65 45 72 216 89 248 214 73 15 77 31 112 35 78 238 249 181 209 130 181 53 88 153 127 29 244 112 95 75 248 212 154 27 247 146 30 105 109 149 119 206 106 85 21 179 200 169 121 156 87 185 146 11 144 231 254 3 24 28 109 71 169 186 182 6 218 2 114 220 18 18 76 193 196 32 98 49 60 207 230 34 7 190 88 166 133 0 0 0 0 0
0 0 0 0 0 111 208 2 87 7 48 57 94 240 82 76 1 241 27 203 185 116 55 70 182 131 2 198 42 18 118 197 150 242 123 172 255 54 112 129 187 38 37 251 112 69 89 152 117 65 212 205 152 203 74 168 125 215 70 145 85 163 224 90 145 153 153 118 176 108 62 194 188 186 10 146 161 234 63 178 253 55 35 125 245 62 190 203 61 70 244 96 212 184 99 224 79 147 205 58 171 197 95 173 19 69 193 215 64 54 31 107 107 137 140 28 90 25 53 7 46 248 3 33 0 0 0 0
0 0 0 0 0 24 100 96 214 213 162 73 18 191 153 131 106 241 51 0 147 53 18 75 115 52 141 117 135 23 64 20 41 118 212 194 175 211 115 231 237 55 112 62 27 57 108 146 23 185 191 216 200 181 232 86 227 243 183 164 82 53 59 252 242 180 240 227 227 11 59 156 129 67 248 129 206 20 149 180 218 242 142 70 120 8 253 254 232 117 65 10 161 68 165 47 152 169 59 181 120 109 40 206 168 188 218 64 85 34 141 59 225 212 58 21 236 137 248 81 253 215 51 202 0 0 0 0
0 0 0 0 80 45 155 47 42 103 142 165 33 75 62 172 224 170 117 80 19 34 216 2 189 250 208 117 27 156 62 162 190 177 31 52 166 139 235 250 63 81 136 173 147 143 180 20 95 135 177 138 233 118 102 194 40 7 76 28 232 181 41 10 104 133 137 169 221 180 111 112 220 79 59 237 250 129 60 158 253 135 79 121 97 161 0 103 150 48 226 213 132 186 103 238 246 253 166 196 84 210 16 146 58 169 128 51 102 112 70 7 249 129 160 143 143 157 101 146 95 107 58 110 151 0 0 0
0 0 0 0 43 212 137 121 248 206 36 215 243 110 142 171 214 33 186 136 123 86 132 94 234 25 250 58 140 192 129 248 1 215 115 3 212 19 12 166 112 46 133 233 173 20 198 71 57 237 178 74 73 164 166 116 33 60 226 230 123 25 113 237 194 239 148 190 106 231 187 126 122 172 77 29 93 110 9 148 170 0 11 139 228 164 18 244 23 66 128 56 134 209 5 14 73 196 16 98 24 168 131 37 144 226 247 133 110 149 17 96 52 250 140 191 105 155 137 24 155 197 62 247 1 0 0 0
0 0 0 0 247 112 114 128 243 30 26 164 237 81 188 48 143 140 118 212 124 125 107 0 164 48 212 137 6 207 39 110 169 221 16 251 21 76 51 177 82 10 251 10 153 28 179 219 151 183 212 196 108 218 88 232 154 61 179 60 72 9 178 235 243 226 65 81 140 179 137 3 243 47 132 66 158 210 192 113 200 27 20 55 160 180 73 27 14 217 166 223 231 129 113 176 170 54 208 142 147 205 252 111 242 186 129 5 240 4 75 181 160 165 84 60 185 15 95 251 116 42 57 22 150 0 0 0
0 0 0 58 245 77 206 115 115 190 26 173 99 46 215 47 251 170 234 9 176 174 70 110 185 47 10 36 59 157 7 136 169 40 55 129 27 97 149 45 168 79 100 184 190 83 248 134 204 153 95 223 177 124 66 246 202 188 146 23 121 207 8 135 237 189 194 136 88 61 238 229 230 228 155 177 14 65 240 45 20 3 222 131 234 237 43 190 10 170 123 139 64 84 227 204 183 78 18 218 41 132 128 144 147 250 19 118 105 208 165 202 98 138 137 35 252 115 94 224 49 218 131 44 31 33 0 0
0 0 0 204 220 32 154 112 230 173 218 208 80 217 245 3 217 64 231 232 88 125 197 235 252 149 138 165 68 147 84 146 89 168 96 66 169 113 254 209 196 254 78 169 138 109 90 113 111 188 57 108 81 253 145 33 76 108 150 17 84 146 88 17 151 155 163 186 112 203 133 184 72 129 54 154 40 236 61 178 130 94 154 51 107 26 248 119 104 87 232 101 228 166 0 126 193 0 177 53 16 143 101 165 90 195 160 221 107 144 13 233 204 248 122 71 33 131 56 121 94 68 27 88 229 22 0 0
0 0 0 132 179 144 49 164 187 228 68 165 140 105 77 171 197 105 144 86 149 132 94 181 120 26 37 123 183 215 199 52 198 112 140 101 156 88 53 100 118 86 124 59 66 116 53 251 37 142 26 219 12 9 156 127 178 75 215 102 255 65 17 255 178 127 220 112 182 20 237 63 244 207 120 76 101 27 87 137 2 237 9 185 74 225 226 29 71 213 118 209 164 184 32 228 90 159 102 152 33 6 5 241 36 168 20 13 250 218 204 4 69 200 184 187 50 29 249 110 223 197 237 71 152 37 0 0
0 0 0 156 57 106 101 30 95 112 225 134 126 100 51 26 51 44 154 213 180 84 87 245 103 225 113 3 254 54 239 12 168 244 220 170 172 35 188 139 127 214 180 23 55 102 181 77 89 84 123 101 151 36 187 140 165 234 59 1 40 46 180 38 158 175 249 43 37 124 165 46 75 39 133 160 106 101 114 82 184 87 127 96 137 23 127 9 233 99 19 233 34 7 78 110 128 52 171 235 144 197 195 236 106 55 8 126 20 91 161 123 201 106 137 211 25 217 178 162 32 2 223 57 102 184 0 0
0 0 184 60 238 80 213 80 244 82 124 203 91 154 68 14 147 154 149 125 22 75 91 124 0 211 145 14 45 206 36 175 115 252 237 134 51 83 126 136 226 49 86 47 65 182 84 146 35 57 13 171 231 95 122 206 125 204 194 154 177 120 122 238 16 144 182 51 129 233 110 238 108 23 189 94 8 146 239 229 38 48 105 178 223 32 154 131 177 195 24 124 151 237 34 166 25 5 110 88 185 173 143 18 50 88 80 255 182 140 196 240 37 28 247 44 98 22 237 241 240 67 9 63 95 47 109 0
0 0 234 247 226 7 104 124 158 85 39 54 166 183 71 169 83 145 87 227 178 29 62 169 63 243 120 106 6 97 88 189 111 172 179 163 126 68 55 78 229 216 57 160 35 154 103 18 232 170 150 24 148 250 254 212 183 160 184 119 139 147 27 134 222 122 114 251 178 152 143 249 24 125 16 134 101 131 249 91 211 14 71 8 187 42 212 84 76 88 158 3 210 119 146 230 25 73 149 62 231 181 43 226 28 70 10 134 231 51 143 87 239 55 115 179 19 178 49 120 180 188 206 140 52 236 112 0
0 0 62 177 51 54 202 48 227 138 34 82 150 200 37 99 35 126 251 47 255 35 213 78 114 214 18 89 178 214 163 99 48 64 175 38 39 224 8 50 162 121 13 91 188 48 244 97 93 48 117 166 65 245 69 26 117 124 14 73 114 55 57 21 201 169 119 5 237 12 200 89 134 227 247 80 241 86 39 230 178 154 219 55 212 221 132 232 206 2 34 124 0 215 1 12 24 216 117 180 24 147 150 38 136 175 216 238 50 236 82 88 50 83 77 242 48 36 175 231 224 4 21 225 139 183 234 0
0 0 205 246 214 58 2 132 190 181 200 188 126 7 104 0 51 74 195 213 57 89 18 24 86 172 23 53 164 56 10 197 72 50 88 87 10 145 17 85 59 151 177 3 77 76 53 112 19 69 68 217 164 189 144 153 45 224 22 237 151 44 123 192 78 85 171 87 50 168 27 237 60 129 183 181 58 81 178 218 102 61 227 31 73 151 214 252 166 134 161 89 128 133 191 145 190 89 117 93 92 247 193 205 1 255 56 203 57 209 191 14 27 229 79 145 137 159 59 122 112 138 84 63 172 252 102 0
0 165 45 126 242 251 159 29 186 103 248 145 65 128 101 117 140 4 116 79 78 149 40 103 82 174 197 254 198 138 5 102 207 101 50 130 125 118 80 196 78 22 0 23 45 173 80 207 57 185 179 133 215 223 81 120 91 169 124 176 201 48 6 54 161 62 227 160 7 214 82 215 182 228 44 68 240 142 5 80 189 109 237 74 102 166 142 34 66 58 90 68 63 240 170 82 186 121 6 97 134 145 5 23 36 213 135 113 124 109 254 183 108 92 152 36 7 222 227 169 247 173 219 142 57 75 72 158
0 151 183 13 244 30 144 154 82 43 193 199 27 202 73 242 130 127 84 102 106 6 22 137 101 218 96 48 198 158 80 18 104 215 192 145 144 190 101 75 177 14 168 125 31 195 237 161 11 122 240 245 98 76 218 90 242 102 175 69 163 87 208 168 192 238 176 176 32 251 245 95 174 62 12 184 77 70 192 212 235 152 35 69 252 83 126 196 66 169 124 248 174 202 201 63 57 241 170 77 12 68 101 45 243 224 236 36 197 113 110 91 60 122 178 32 51 234 247 113 64 133 192 255 161 78 190 57
0 110 59 19 229 189 35 180 235 254 74 230 167 78 152 245 252 23 113 233 230 203 71 183 92 227 170 221 114 175 3 58 21 107 162 215 208 129 228 187 20 198 100 56 129 139 221 240 49 219 220 249 185 215 118 224 38 139 4 39 32 8 22 234 71 246 28 91 190 137 67 226 90 83 74 80 123 234 71 130 146 112 211 175 253 71 183 168 192 220 45 177 121 150 4 131 184 40 193 153 80 108 41 135 236 56 151 181 7 152 89 76 49 149 199 108 224 255 169 145 174 250 196 66 10 69 222 179
0 212 201 173 92 170 64 250 200 88 195 119 63 98 60 44 115 82 22 145 91 76 242 135 77 162 151 103 18 65 85 74 174 252 95 161 198 15 138 253 170 205 150 99 235 234 123 173 248 218 190 93 42 91 3 202 87 230 170 86 91 34 201 5 103 81 29 141 222 99 32 113 197 222 28 151 192 157 38 226 175 222 239 73 229 15 91 227 153 69 226 213 31 5 36 101 115 144 28 204 44 183 91 106 205 170 254 202 42 214 162 92 45 1 58 239 28 45 221 185 134 133 98 159 13 238 230 33
0 152 87 27 198 188 208 51 73 47 68 208 164 87 50 96 62 194 26 73 245 148 169 26 19 238 36 121 194 42 5 7 92 102 122 85 49 197 92 134 190 24 255 220 142 172 122 79 212 117 102 80 161 79 118 132 0 159 190 104 120 196 153 2 171 205 53 149 215 241 128 39 88 168 213 0 251 181 161 11 159 32 175 156 41 77 69 202 10 105 190 213 170 173 212 250 24 89 167 72 61 105 94 249 104 196 167 120 49 17 156 19 4 175 90 30 102 11 52 134 200 29 132 80 32 81 248 186
0 161 144 136 171 155 177 172 240 216 159 184 38 34 45 116 104 59 244 49 84 51 62 204 195 237 15 84 85 176 206 239 76 63 68 87 55 115 209 18 60 102 204 29 134 172 105 56 204 0 15 103 167 91 199 143 1 162 100 93 212 229 193 239 104 176 245 234 15 136 16 88 18 208 124 79 58 212 194 172 165 103 139 241 187 90 95 41 64 65 48 252 172 123 63 22 230 108 195 68 208 114 157 7 23 130 177 23 131 91 253 50 171 96 145 159 70 45 170 254 5 253 78 37 110 118 43 125
0 153 227 76 129 42 146 197 254 14 104 71 11 67 101 143 207 91 163 228 131 250 41 95 12 90 186 61 210 94 76 92 111 209 238 154 235 253 12 19 17 228 161 39 103 63 195 78 4 6 147 22 248 249 121 225 201 97 171 195 235 156 75 136 142 100 123 68 209 248 134 89 114 57 47 13 44 114 66 214 157 132 106 49 162 81 99 23 110 111 224 21 108 199 60 198 168 219 255 55 165 155 204 158 102 152 25 129 163 86 137 222 135 87 150 197 35 242 164 125 42 13 216 86 218 151 127 117
0 234 41 144 199 158 183 94 223 126 78 192 121 41 146 66 195 156 229 37 218 238 123 189 97 118 113 208 98 58 27 92 51 62 17 61 206 88 178 214 76 219 145 217 76 126 197 16 137 123 53 35 37 248 115 102 85 226 203 42 3 161 178 254 42 191 86 198 231 93 250 59 28 211 36 248 83 223 222 80 8 248 6 235 37 54 152 88 55 13 149 108 179 154 32 95 140 118 21 175 253 84 205 145 232 117 145 73 180 64 182 14 226 17 74 118 129 151 199 113 249 244 135 126 185 213 80 17
0 42 121 213 172 170 0 218 117 235 113 119 120 115 166 190 202 140 170 206 81 6 143 85 53 129 128 92 178 147 79 9 118 29 120 120 200 41 89 131 151 255 15 120 187 251 64 161 33 62 6 246 160 36 242 16 67 108 207 123 26 95 235 162 202 248 164 131 126 97 75 96 158 112 93 69 7 61 133 209 191 168 227 168 248 43 120 173 149 231 201 23 143 15 134 50 178 192 109 180 145 160 220 37 100 52 90 28 212 94 125 88 31 34 102 174 121 108 217 79 123 199 63 7 65 193 215 229
0 95 209 247 151 253 230 104 255 77 127 190 28 184 213 140 130 3 162 179 129 54 35 178 195 132 75 250 243 110 177 204 95 64 7 58 156 54 148 11 176 31 249 134 87 143 129 97 46 135 240 40 91 222 4 255 108 25 128 185 217 180 221 152 127 150 41 175 71 65 81 172 237 226 153 9 110 202 197 62 170 21 239 23 97 82 43 70 112 246 117 188 255 149 202 241 42 87 172 110 17 87 60 210 153 238 26 39 124 17 182 205 225 206 153 212 169 231 162 169 133 210 230 190 85 103 216 23
0 14 156 126 207 52 136 7 42 98 110 207 70 3 20 189 172 151 194 88 71 106 89 218 161 90 72 111 249 224 30 47 230 175 239 153 217 128 63 128 236 122 132 40 210 197 117 194 193 240 179 115 174 121 226 204 213 96 124 1 112 124 63 11 232 147 167 227 168 199 48 132 202 66 172 57 249 60 231 96 19 42 100 188 24 78 110 31 7 187 108 113 50 104 71 52 102 183 152 124 171 190 91 110 250 71 45 100 214 127 178 97 37 244 115 97 240 111 62 72 174 56 226 242 247 188 127 119
216 25 113 121 238 188 123 224 181 54 181 66 46 184 248 132 171 244 184 14 36 121 147 61 98 229 149 136 113 91 18 61 34 139 226 174 23 240 58 189 228 251 189 230 224 252 206 223 80 105 128 151 83 233 72 88 209 48 115 209 19 191 93 91 59 131 196 122 227 248 43 88 124 86 82 208 175 14 186 144 108 45 4 112 209 225 193 147 18 212 191 7 103 43 33 24 42 120 177 120 34 29 141 71 91 231 53 133 115 189 13 175 152 238 217 242 79 201 127 17 181 190 192 29 19 104 60 158
0 117 156 101 85 165 133 95 71 153 149 107 203 205 188 94 108 105 120 219 3 39 228 253 23 56 172 87 45 38 230 36 228 111 172 209 17 133 219 208 201 132 87 191 63 188 96 174 55 27 251 125 28 49 96 132 90 175 110 241 93 86 57 17 40 71 251 107 203 50 119 161 104 110 200 220 184 164 118 132 179 107 220 7 141 180 239 38 127 205 122 40 201 71 44 40 135 186 50 234 158 195 74 55 221 110 10 14 166 98 150 115 175 44 171 133 60 21 169 105 18 230 15 136 13 72 46 65
0 250 89 150 189 145 205 250 125 65 224 20 51 5 94 133 58 152 221 31 187 118 146 84 207 222 226 47 195 45 209 187 22 24 124 251 107 184 229 113 208 25 187 72 88 210 162 40 127 114 43 16 15 242 84 108 75 3 70 1 167 74 200 47 180 134 2 74 69 241 171 210 23 11 2 199 33 96 23 126 139 248 229 160 219 241 243 8 213 213 18 100 28 118 163 46 109 249 139 211 132 105 25 84 247 101 200 179 123 249 234 113 87 235 163 83 174 17 246 130 72 7 42 4 149 245 64 97
0 67 198 3 1 109 169 128 75 129 107 28 164 169 133 149 179 247 15 84 19 132 52 87 106 91 92 225 244 223 195 115 174 99 252 55 136 161 63 166 250 70 69 7 72 201 190 163 86 116 59 176 204 82 181 85 135 157 36 164 190 191 71 89 76 99 148 119 128 238 41 179 191 118 73 11 8 2 167 194 214 90 246 49 10 242 143 232 86 152 181 223 233 211 144 6 20 57 75 2 133 142 67 241 136 99 87 65 194 97 21 113 79 13 123 33 217 55 212 16 29 191 57 19 143 51 54 99
0 84 101 187 54 233 22 120 68 212 250 220 118 77 41 66 16 43 148 242 73 184 107 134 30 64 211 228 133 197 31 130 150 17 90 174 110 60 85 26 134 54 6 95 38 170 146 180 174 151 21 150 252 107 72 109 93 223 6 222 163 69 81 34 238 28 47 234 85 119 77 155 14 85 141 58 232 41 109 103 210 35 123 82 165 99 98 207 119 212 161 12 116 95 224 195 198 180 238 135 254 55 127 174 197 80 132 221 154 93 63 106 211 164 184 128 237 55 57 228 76 184 253 33 242 147 85 204
0 240 177 136 112 6 252 49 223 180 10 247 46 182 30 88 38 163 18 80 61 30 44 188 52 177 24 127 253 5 202 144 191 175 2 25 80 28 252 126 50 223 52 243 250 241 127 58 239 181 180 211 130 186 48 71 179 38 142 123 30 124 55 111 168 6 183 152 74 244 191 141 186 145 253 253 82 28 125 93 75 108 46 124 206 28 15 229 245 13 43 211 82 124 41 7 117 33 86 55 52 18 87 180 133 175 146 51 206 65 245 91 210 156 212 83 16 134 140 171 48 95 214 64 205 2 255 9
0 147 31 4 87 78 29 234 161 150 17 184 37 88 17 174 10 179 2 109 224 219 144 156 65 155 166 13 16 218 181 114 28 247 229 253 255 181 88 121 158 251 103 191 119 206 123 234 141 108 116 226 229 217 235 244 100 123 205 29 139 231 34 170 143 177 120 234 209 186 103 51 142 94 57 35 54 29 112 212 206 150 66 59 198 1 71 136 110 74 223 195 140 44 47 189 39 18 237 253 192 91 197 20 244 197 153 30 73 134 105 102 242 165 90 27 126 122 197 239 122 66 138 48 71 53 207 64
0 19 157 135 242 112 144 233 174 78 201 67 161 5 117 103 237 25 173 209 112 233 186 248 35 221 125 243 172 3 46 1 0 241 69 178 26 80 129 91 182 190 14 170 144 250 229 218 127 103 253 52 91 226 205 148 165 241 122 6 193 16 234 50 213 77 178 69 242 48 55 107 207 136 15 196 50 192 180 144 120 137 146 163 94 122 242 99 108 86 46 52 33 221 227 137 66 27 168 204 72 93 152 74 138 57 161 182 118 29 47 205 214 227 21 190 20 59 40 123 88 209 215 207 191 143 188 93
0 42 180 94 27 148 195 118 111 103 230 20 127 57 0 92 242 154 232 49 106 157 9 196 235 122 188 69 61 231 53 218 84 201 53 156 156 134 27 15 131 37 97 197 115 108 157 67 15 61 244 236 136 241 92 84 255 246 249 18 163 255 10 91 89 204 7 208 7 44 79 36 86 65 129 61 50 37 127 165 48 113 79 236 98 121 218 230 156 246 49 75 30 96 187 235 170 18 103 251 84 145 65 43 245 226 47 184 133 103 40 198 51 239 195 130 184 219 83 242 137 130 147 152 232 56 210 101
0 239 236 23 225 134 85 235 163 5 39 72 88 33 140 165 31 123 231 253 218 224 57 112 119 66 162 136 189 220 109 255 22 155 4 208 217 229 171 148 190 114 106 30 98 177 128 218 173 119 37 231 17 89 26 189 121 128 135 120 131 253 204 9 252 60 74 132 86 186 134 155 243 43 192 247 47 146 46 125 180 215 84 148 10 207 12 219 165 135 124 106 254 253 114 228 98 128 129 9 74 79 236 139 112 173 23 102 28 147 119 248 240 213 48 111 96 235 91 43 235 62 151 29 174 155 152 86
0 149 58 204 206 205 36 171 172 154 212 117 156 239 247 31 39 250 230 138 109 161 68 18 99 239 65 207 227 169 244 186 232 16 84 197 177 50 117 174 31 183 20 189 192 141 113 97 255 71 79 95 183 88 36 24 181 13 153 125 33 199 242 136 95 50 131 124 103 9 43 182 238 130 140 240 193 133 180 148 63 14 132 145 53 34 211 232 122 106 122 95 228 42 1 17 109 100 84 167 199 51 156 122 58 226 46 33 129 197 162 230 12 116 108 99 183 77 93 234 186 54 115 30 48 181 156 60
0 184 103 66 91 215 19 206 134 199 65 247 188 183 166 201 209 29 38 204 225 183 163 189 21 34 64 33 239 46 47 246 127 13 15 161 191 251 246 120 193 203 96 105 4 177 29 142 244 209 255 194 135 236 210 74 249 56 63 117 55 137 236 133 128 79 235 245 243 179 219 157 212 113 71 159 68 219 60 248 62 213 213 70 9 134 173 13 85 21 64 178 251 153 19 97 251 75 2 75 116 105 169 77 118 210 206 166 247 234 107 248 81 71 231 147 43 130 87 65 138 80 246 195 214 14 211 245
0 0 47 191 51 18 75 193 151 167 121 159 227 131 200 9 27 206 30 117 72 126 96 70 12 216 6 155 19 150 206 6 177 254 48 227 232 5 10 144 80 147 76 207 221 192 0 11 38 252 199 138 19 249 227 189 17 0 104 222 33 36 113 143 114 197 31 230 51 61 148 94 141 131 43 209 53 72 109 122 221 20 95 176 27 102 115 220 230 82 30 195 47 170 92 101 34 112 32 63 33 201 224 181 126 48 251 176 178 112 195 90 143 77 108 133 27 31 101 168 235 95 179 161 48 148 138 0
0 0 97 159 86 204 138 53 221 19 92 198 88 203 202 183 155 31 5 11 15 123 129 83 15 218 185 76 3 198 94 121 57 137 61 7 20 81 176 145 247 119 109 49 202 255 246 190 137 199 58 121 123 228 83 216 252 21 235 168 59 193 127 49 161 141 166 55 82 20 153 8 190 9 125 210 51 184 78 175 194 39 214 70 41 240 199 36 124 250 102 9 110 143 60 116 224 33 243 124 146 169 117 11 112 116 18 230 185 123 25 199 45 158 34 236 173 243 170 142 15 235 197 66 14 200 215 0
0 0 179 179 49 31 76 34 254 34 89 155 238 47 249 202 137 125 255 125 172 218 38 116 206 109 156 72 20 4 72 250 128 179 76 61 85 30 31 209 198 145 100 6 140 41 29 205 62 136 240 158 175 140 181 7 146 97 35 237 178 1 120 167 187 99 216 114 213 57 123 22 18 199 191 106 32 119 24 153 192 187 191 97 245 19 150 213 75 76 98 94 172 202 189 64 22 246 30 95 242 55 172 57 230 42 133 236 75 122 145 153 39 188 215 141 35 230 247 99 192 231 144 235 247 61 23 0
0 0 165 200 161 77 115 40 75 88 58 244 222 166 88 233 207 103 212 131 242 8 226 181 80 255 160 32 126 234 236 91 250 43 138 172 90 1 135 6 251 184 105 54 1 188 54 213 77 116 102 136 166 16 255 216 97 37 224 33 61 196 248 82 30 62 73 4 206 34 65 182 45 255 153 52 222 68 155 104 38 161 61 66 88 74 153 194 8 247 194 64 148 70 25 204 13 153 87 153 143 86 118 130 52 202 49 145 178 28 186 229 33 47 196 153 206 215 1 30 173 170 3 243 250 38 52 0
0 0 0 26 193 35 177 88 247 211 107 17 169 243 100 72 134 64 42 14 172 172 69 250 80 190 100 15 170 252 99 63 125 95 74 165 23 105 56 171 73 178 12 107 108 27 1 243 153 44 162 93 105 11 111 95 99 192 233 103 37 56 186 61 70 108 102 208 3 176 64 46 198 73 173 44 172 194 254 91 63 16 162 146 145 154 141 164 188 236 55 180 159 56 235 66 55 180 150 103 225 80 14 216 10 100 140 114 83 92 131 167 180 226 183 197 206 7 51 96 232 233 120 100 87 86 0 0
0 0 0 207 219 131 9 163 69 150 255 214 183 239 48 28 2 188 104 205 25 91 9 128 203 70 37 255 131 247 148 187 186 226 27 182 97 13 222 158 18 127 130 15 104 102 10 65 219 211 183 102 72 189 134 38 165 119 237 71 72 68 87 102 12 208 110 9 34 212 97 178 145 33 212 211 140 4 78 235 26 4 19 33 235 164 159 41 192 92 103 9 84 62 163 102 110 68 84 162 128 17 237 175 48 209 186 12 32 121 170 63 122 70 139 249 145 45 192 203 52 188 32 175 44 185 0 0
0 0 0 253 203 126 74 166 48 210 209 43 103 82 180 179 252 224 138 167 228 213 105 15 93 249 137 125 202 86 217 247 3 93 46 141 48 41 70 109 210 224 122 116 112 100 150 227 12 22 181 205 122 208 81 190 93 164 198 133 114 32 84 236 10 190 21 13 76 159 232 194 252 16 35 157 88 187 176 5 118 73 134 192 170 82 251 121 79 103 193 101 126 229 230 15 20 74 59 155 137 203 42 233 32 227 68 5 154 150 81 160 235 45 190 27 21 250 166 45 185 239 184 150 122 27 0 0
0 0 0 199 82 226 71 112 225 154 64 74 85 76 27 184 99 235 128 214 90 35 3 189 142 64 80 39 191 92 217 199 25 150 39 241 113 194 129 37 169 145 80 90 243 190 49 52 170 39 114 103 5 161 9 208 46 95 17 164 72 185 68 80 169 198 67 35 96 46 173 10 97 75 39 236 150 166 70 90 20 229 183 89 135 130 19 245 45 98 225 185 126 236 2 223 72 1 104 161 70 112 51 21 66 107 100 175 241 208 58 45 148 113 95 138 119 112 104 244 22 18 72 125 51 2 0 0
0 0 0 0 30 17 120 214 88 235 28 251 138 147 29 95 91 185 161 133 121 249 116 59 145 238 139 188 216 58 115 145 193 14 69 197 41 221 170 240 199 205 5 231 92 208 24 107 174 65 68 31 41 211 212 97 230 169 135 166 42 64 31 155 95 109 173 185 125 240 241 2 57 197 63 229 198 24 83 86 185 59 181 16 216 79 15 75 229 21 36 182 229 91 162 66 223 82 114 96 213 49 182 191 68 255 10 44 111 233 222 128 211 164 4 68 127 115 11 31 222 226 63 18 226 0 0 0
0 0 0 0 37 254 205 169 182 120 55 16 206 191 217 170 206 141 60 188 18 162 149 20 231 213 12 242 194 203 60 218 228 168 71 197 117 170 190 12 77 186 168 204 73 251 215 173 120 51 124 19 104 219 127 17 114 91 75 244 238 199 79 117 149 21 92 126 174 237 84 80 89 126 71 197 27 233 87 186 26 221 169 239 219 154 220 141 15 25 165 70 0 174 134 206 222 217 81 242 11 243 254 32 62 15 93 196 37 159 0 23 35 155 99 136 179 204 126 186 222 88 164 56 185 0 0 0
0 0 0 0 161 197 94 209 226 116 241 105 137 132 253 61 120 242 34 83 216 207 94 102 173 9 85 181 56 233 51 158 121 93 110 33 75 120 215 195 64 19 108 162 64 186 162 42 97 153 203 243 216 73 191 179 129 33 139 123 180 95 44 67 16 119 130 216 96 20 250 251 77 220 214 11 191 27 220 97 196 23 164 51 98 141 209 220 55 92 178 12 32 70 44 237 51 169 165 237 93 72 132 87 44 188 88 155 6 17 22 170 68 58 6 165 41 147 0 13 224 0 251 46 255 0 0 0
0 0 0 0 0 155 126 134 118 36 52 124 156 86 119 12 216 229 149 230 136 11 170 66 169 184 228 141 215 79 4 92 48 72 50 99 196 54 13 229 173 163 123 85 37 140 85 230 102 204 87 110 177 94 195 207 160 102 7 0 196 230 180 38 218 193 105 96 255 145 221 50 144 58 241 142 102 112 179 206 89 58 228 220 108 23 138 19 36 114 200 9 62 50 85 110 158 97 27 208 228 135 83 97 238 216 220 216 170 140 45 233 197 46 242 163 97 250 220 20 120 23 7 56 0 0 0 0
0 0 0 0 0 238 213 182 184 32 155 195 137 134 198 103 69 209 110 224 43 138 15 206 78 62 197 243 76 16 165 200 52 71 55 2 112 95 91 24 13 224 255 49 21 24 179 100 87 15 129 154 217 159 15 32 177 172 44 222 179 166 146 72 212 204 168 116 37 46 110 16 96 4 152 178 187 222 239 139 176 252 234 72 198 53 175 88 111 221 187 184 137 20 109 38 151 26 82 209 193 55 98 169 69 90 184 75 82 153 173 34 141 136 147 248 138 186 32 163 144 21 244 227 0 0 0 0
0 0 0 0 0 0 114 15 39 80 254 201 183 83 50 255 171 22 4 217 204 127 166 255 10 3 163 149 182 143 229 112 120 75 116 12 113 200 240 85 40 189 108 36 134 50 44 173 114 105 61 230 241 155 219 15 139 80 177 137 6 23 251 187 107 191 57 239 205 224 197 32 110 218 131 217 90 152 68 16 170 175 24 48 126 131 28 22 12 191 28 251 193 221 98 8 27 146 47 34 179 255 39 23 161 198 251 108 9 248 147 6 77 195 214 58 253 217 113 53 91 225 219 0 0 0 0 0
0 0 0 0 0 0 200 182 5 123 203 166 195 77 130 151 243 21 166 48 50 115 10 7 254 30 174 137 189 38 120 68 33 182 91 91 48 151 70 157 19 170 104 45 61 136 246 190 124 182 23 17 177 71 66 163 181 43 231 128 20 32 201 131 148 9 46 80 44 194 3 119 118 244 160 40 185 247 53 116 124 247 80 26 98 155 131 19 102 108 219 130 60 132 73 124 61 86 73 161 218 160 16 232 55 185 28 87 182 53 213 89 149 127 65 101 87 144 34 197 231 7 197 0 0 0 0 0
0 0 0 0 0 0 246 56 36 75 203 177 144 245 213 24 197 140 219 96 32 12 108 212 38 204 156 10 155 129 105 98 226 189 14 248 225 254 50 94 178 130 153 210 76 6 140 68 55 198 247 121 234 119 133 100 68 178 178 5 109 76 67 59 229 59 22 90 228 61 246 232 60 129 195 245 130 8 59 17 223 87 15 142 126 44 6 137 204 88 34 135 204 45 179 240 151 45 10 64 20 78 92 227 95 138 97 130 166 39 193 206 149 134 72 30 49 30 104 238 37 23 230 0 0 0 0 0
0 0 0 0 0 0 0 166 239 80 196 177 16 218 221 81 125 0 9 173 224 99 107 87 198 99 248 42 197 112 247 121 235 183 246 225 148 33 117 144 147 118 37 111 43 169 216 249 238 43 96 133 198 208 85 191 198 119 233 62 81 247 227 224 242 155 151 20 253 4 10 222 2 223 139 30 84 104 221 121 210 89 18 51 192 98 185 112 36 130 146 21 119 237 18 159 56 242 107 183 66 207 14 228 181 162 102 193 166 94 89 186 231 94 96 232 230 226 42 18 124 187 0 0 0 0 0 0
0 0 0 0 0 0 0 182 108 28 178 76 238 202 12 56 169 116 136 186 85 27 98 88 143 172 147 78 241 165 236 238 148 11 168 178 80 213 99 167 118 32 121 225 190 254 220 57 157 84 157 178 244 61 180 159 250 246 123 122 188 75 142 1 87 143 177 81 24 119 183 48 85 152 144 238 232 12 141 70 199 46 185 31 35 121 106 33 176 69 156 61 115 231 125 47 51 128 144 93 86 191 52 41 189 147 2 93 149 32 43 156 69 205 122 253 4 126 247 211 197 150 0 0 0 0 0 0
0 0 0 0 0 0 0 0 11 49 111 25 191 201 29 140 17 225 253 129 168 8 74 166 148 218 81 127 96 43 110 47 82 92 107 151 80 70 44 145 187 29 24 82 148 150 41 97 201 209 238 6 180 45 106 243 169 93 80 140 1 238 61 62 196 132 165 249 211 250 163 156 116 133 99 130 42 223 198 234 236 154 5 211 216 221 99 159 18 134 70 241 132 71 61 34 106 15 180 241 227 241 107 253 59 211 203 160 99 207 199 104 169 241 79 158 146 13 24 228 51 0 0 0 0 0 0 0
0 0 0 0 0 0 0 0 0 175 110 40 43 220 144 224 229 4 124 76 185 11 44 173 93 240 126 86 80 23 210 170 205 88 78 123 86 191 150 176 70 191 123 72 32 119 32 6 203 234 242 210 228 40 215 121 195 249 240 185 151 67 251 212 249 92 157 143 134 13 38 40 109 95 99 67 203 7 212 110 204 149 19 124 130 161 48 79 172 175 244 9 67 177 1 116 11 3 14 41 199 77 216 56 177 16 154 106 218 95 195 94 145 171 90 123 34 248 161 160 0 0 0 0 0 0 0 0
0 0 0 0 0 0 0 0 0 168 57 243 160 169 195 21 86 27 227 117 60 123 195 197 219 40 87 219 64 228 27 83 29 107 238 64 177 92 240 47 24 120 99 92 235 114 109 193 12 174 35 41 137 110 7 118 107 28 84 58 245 174 174 169 143 92 25 186 181 74 69 44 211 120 210 235 244 193 86 123 207 157 231 181 21 134 43 25 240 213 56 253 51 116 122 189 71 227 111 193 230 29 238 249 180 116 240 212 3 162 20 52 212 250 130 128 240 221 35 184 0 0 0 0 0 0 0 0
0 0 0 0 0 0 0 0 0 0 21 195 37 252 232 89 108 247 19 66 127 232 97 234 176 126 195 241 253 177 62 99 19 57 203 168 36 149 202 200 231 139 128 224 60 247 15 74 115 39 25 8 200 21 70 128 172 225 235 182 212 186 154 103 216 76 16 175 142 12 132 67 4 205 151 148 180 150 252 65 62 232 136 61 33 147 252 255 162 190 19 26 120 229 85 89 225 197 46 242 171 248 142 83 128 9 80 96 177 202 0 10 15 20 55 122 112 248 49 0 0 0 0 0 0 0 0 0
0 0 0 0 0 0 0 0 0 0 123 168 115 230 150 207 233 164 213 202 190 101 224 253 174 4 158 215 103 187 140 69 186 61 147 84 167 33 91 169 205 237 66 100 18 120 118 87 176 159 2 209 115 6 79 98 245 204 65 252 211 87 244 136 195 68 48 189 155 197 123 220 93 234 62 168 40 166 5 27 228 66 235 109 40 243 34 123 226 226 209 126 214 5 142 36 209 23 87 3 53 243 187 31 47 221 235 111 139 116 163 133 171 209 232 111 110 220 169 0 0 0 0 0 0 0 0 0
0 0 0 0 0 0 0 0 0 0 0 43 244 81 231 248 144 0 94 180 120 185 64 80 214 148 121 198 38 89 163 248 214 198 185 154 95 218 192 181 0 182 133 117 77 45 105 64 186 177 125 212 134 103 42 157 143 21 49 39 92 147 103 185 226 0 33 140 232 12 121 15 10 219 43 21 253 137 41 93 213 54 182 37 113 116 255 142 141 131 16 54 37 78 12 108 244 95 159 163 176 18 139 6 28 18 222 185 36 94 102 208 232 194 101 77 20 29 0 0 0 0 0 0 0 0 0 0
0 0 0 0 0 0 0 0 0 0 0 0 182 81 38 13 12 42 163 245 26 50 62 142 156 135 75 63 30 195 67 2 162 226 218 165 63 25 228 157 243 47 129 188 175 147 226 57 70 240 185 120 204 218 92 72 224 155 142 227 106 107 154 20 160 154 70 239 50 93 109 42 4 11 58 249 188 249 222 180 76 154 116 209 230 81 123 213 120 249 160 254 13 165 20 78 215 33 120 30 40 227 118 130 173 168 27 121 191 14 22 161 54 18 216 106 210 0 0 0 0 0 0 0 0 0 0 0
0 0 0 0 0 0 0 0 0 0 0 0 30 190 23 38 15 229 149 139 237 102 76 93 41 32 223 247 179 220 32 106 165 60 63 121 31 172 164 79 136 222 105 236 255 107 171 12 95 93 211 138 89 93 109 8 121 245 146 27 67 33 120 181 82 91 187 121 193 36 8 87 239 25 213 61 13 183 215 175 121 240 228 161 224 33 226 111 56 4 136 243 38 54 185 178 249 233 88 152 223 255 57 127 143 5 193 217 90 204 189 115 7 225 73 81 1 0 0 0 0 0 0 0 0 0 0 0
0 0 0 0 0 0 0 0 0 0 0 0 0 137 172 127 82 99 248 97 80 200 48 204 40 255 62 221 250 94 165 27 157 177 255 31 20 189 22 56 79 165 54 96 173 247 184 151 81 3 45 193 253 197 137 202 103 57 13 51 214 178 24 156 212 149 184 236 150 168 150 14 230 72 217 147 38 95 100 245 190 234 46 40 106 103 2 56 230 78 213 37 129 169 16 181 77 228 72 216 57 107 97 213 78 140 144 148 36 236 12 93 190 63 10 102 0 0 0 0 0 0 0 0 0 0 0 0
0 0 0 0 0 0 0 0 0 0 0 0 0 0 159 254 109 211 104 0 191 100 116 219 20 248 88 206 181 1 43 139 205 150 234 200 193 135 209 238 69 153 212 153 41 147 51 75 181 223 19 118 206 133 232 15 48 57 250 141 110 164 25 120 239 218 166 37 12 175 20 250 63 150 50 49 31 44 90 47 162 12 44 11 150 109 116 176 6 10 208 231 255 176 39 135 118 74 119 40 98 76 204 125 64 97 65 54 252 160 62 34 202 105 23 0 0 0 0 0 0 0 0 0 0 0 0 0
0 0 0 0 0 0 0 0 0 0 0 0 0 0 0 71 70 201 246 217 62 123 137 178 12 12 71 171 233 29 86 22 28 171 241 213 107 132 237 6 122 142 31 240 225 249 126 91 16 74 37 49 19 9 119 196 102 185 255 94 81 43 79 191 23 193 81 46 141 242 67 243 200 76 192 236 98 107 192 120 185 103 220 240 88 36 178 163 122 10 249 50 36 163 142 194 160 158 93 95 229 14 43 27 5 46 211 87 149 152 20 54 7 199 0 0 0 0 0 0 0 0 0 0 0 0 0 0
0 0 0 0 0 0 0 0 0 0 0 0 0 0 0 103 131 8 165 25 83 140 40 183 1 80 5 96 53 206 26 225 48 105 79 232 0 47 247 64 76 221 222 121 50 28 110 96 89 154 148 72 50 47 141 209 186 96 34 144 197 195 29 4 139 190 71 163 10 149 250 97 158 189 113 249 2 219 90 176 221 139 198 184 25 55 93 180 63 103 179 123 5 87 108 216 121 162 91 84 89 199 70 151 133 28 217 243 47 220 91 251 64 128 0 0 0 0 0 0 0 0 0 0 0 0 0 0
0 0 0 0 0 0 0 0 0 0 0 0 0 0 0 0 212 6 221 43 25 235 120 97 30 142 151 168 1 110 164 157 76 134 48 74 157 91 143 94 149 98 30 42 180 120 154 220 143 71 110 16 92 93 19 143 181 156 176 57 89 229 196 45 216 226 41 4 54 226 113 90 237 230 238 242 30 20 90 175 191 115 199 95 193 48 236 18 29 59 210 95 85 62 156 236 98 208 203 7 253 143 159 101 110 122 14 38 191 158 63 73 132 0 0 0 0 0 0 0 0 0 0 0 0 0 0 0
0 0 0 0 0 0 0 0 0 0 0 0 0 0 0 0 0 85 72 165 137 108 201 139 18 33 74 118 96 61 131 28 202 136 58 76 214 82 167 53 149 172 202 142 50 17 114 201 48 36 165 64 173 138 184 175 124 222 96 29 126 196 97 76 128 184 254 213 109 95 36 183 35 160 120 170 27 68 77 242 65 176 140 2 108 107 3 179 171 154 50 84 98 182 199 88 39 93 48 111 205 123 205 57 89 130 144 158 246 152 163 33 0 0 0 0 0 0 0 0 0 0 0 0 0 0 0 0
0 0 0 0 0 0 0 0 0 0 0 0 0 0 0 0 0 0 147 85 56 115 131 254 200 152 117 238 7 15 90 226 98 17 90 232 243 165 98 6 239 164 111 72 97 138 126 222 77 162 232 150 227 142 61 232 37 207 225 0 172 10 218 233 150 110 251 87 254 226 104 255 181 122 138 97 2 235 167 56 174 100 199 213 19 129 147 57 135 107 61 26 60 201 238 38 129 99 235 61 85 219 224 209 162 21 5 225 239 111 41 0 0 0 0 0 0 0 0 0 0 0 0 0 0 0 0 0
0 0 0 0 0 0 0 0 0 0 0 0 0 0 0 0 0 0 0 130 43 38 41 31 60 180 162 129 35 146 29 175 95 187 241 123 139 51 240 215 150 136 138 130 35 225 0 252 153 100 165 182 51 66 8 213 57 40 143 182 42 159 84 220 112 226 225 224 100 17 138 194 85 12 221 185 196 127 137 206 249 230 156 150 27 115 151 224 81 124 183 32 196 14 191 201 195 53 48 221 79 180 182 71 252 45 101 145 78 136 0 0 0 0 0 0 0 0 0 0 0 0 0 0 0 0 0 0
0 0 0 0 0 0 0 0 0 0 0 0 0 0 0 0 0 0 0 0 230 126 0 58 17 234 206 240 98 179 107 213 133 30 130 119 36 185 2 53 4 221 69 202 80 75 2 185 126 218 187 79 157 104 208 188 93 85 96 218 49 211 175 225 159 141 107 118 4 86 118 20 174 245 7 224 32 98 126 7 223 99 190 219 1 208 164 22 5 248 31 134 35 10 204 187 181 14 75 160 63 116 117 91 75 2 65 253 23 0 0 0 0 0 0 0 0 0 0 0 0 0 0 0 0 0 0 0
0 0 0 0 0 0 0 0 0 0 0 0 0 0 0 0 0 0 0 0 0 157 81 119 65 234 167 169 185 249 247 120 112 101 83 17 115 178 223 9 231 85 236 34 124 244 7 89 252 9 163 54 116 229 5 28 164 6 106 244 95 139 133 20 80 160 211 216 179 98 19 211 232 133 48 104 42 186 199 147 41 77 100 19 70 19 140 117 246 90 13 254 194 178 244 68 121 252 0 4 92 35 43 214 154 95 20 34 0 0 0 0 0 0 0 0 0 0 0 0 0 0 0 0 0 0 0 0
0 0 0 0 0 0 0 0 0 0 0 0 0 0 0 0 0 0 0 0 0 0 169 79 217 31 213 65 73 200 27 68 49 224 1 54 38 100 159 81 142 25 95 115 116 195 119 63 175 152 231 212 222 227 168 66 144 9 135 39 100 143 91 56 184 129 180 52 205 196 168 210 96 216 113 239 221 138 205 111 255 214 227 40 189 243 210 31 180 24 15 236 11 239 84 7 4 24 214 249 110 202 213 206 213 165 3 0 0 0 0 0 0 0 0 0 0 0 0 0 0 0 0 0 0 0 0 0
0 0 0 0 0 0 0 0 0 0 0 0 0 0 0 0 0 0 0 0 0 0 0 206 201 65 58 101 156 34 31 107 135 223 29 162 79 212 154 58 187 37 196 88 83 121 191 161 77 223 70 198 153 16 164 119 58 130 208 237 202 139 121 133 210 57 182 93 11 31 140 98 148 130 98 252 24 233 19 163 94 81 51 160 93 99 172 150 64 63 214 7 120 77 46 1 51 24 181 136 137 97 88 167 227 253 0 0 0 0 0 0 0 0 0 0 0 0 0 0 0 0 0 0 0 0 0 0
0 0 0 0 0 0 0 0 0 0 0 0 0 0 0 0 0 0 0 0 0 0 0 0 0 171 198 153 221 37 166 15 88 219 232 240 98 8 221 128 183 196 119 7 55 246 85 158 30 220 24 104 213 3 219 105 193 176 139 130 201 95 3 218 61 65 57 241 113 210 43 230 146 121 138 90 85 251 34 249 139 195 12 141 162 114 88 27 144 100 86 254 104 80 106 253 208 192 132 12 156 225 93 86 0 0 0 0 0 0 0 0 0 0 0 0 0 0 0 0 0 0 0 0 0 0 0 0
0 0 0 0 0 0 0 0 0 0 0 0 0 0 0 0 0 0 0 0 0 0 0 0 0 0 217 30 69 187 26 218 192 33 157 147 206 6 62 184 223 101 125 225 51 227 14 237 141 254 202 253 61 6 218 34 95 101 27 231 123 94 252 109 140 129 244 119 53 67 142 164 124 23 60 186 119 245 29 112 27 221 253 62 56 160 160 22 196 224 96 26 110 138 16 140 52 101 96 108 35 243 122 0 0 0 0 0 0 0 0 0 0 0 0 0 0 0 0 0 0 0 0 0 0 0 0 0
0 0 0 0 0 0 0 0 0 0 0 0 0 0 0 0 0 0 0 0 0 0 0 0 0 0 0 224 110 166 110 163 51 134 156 158 21 10 221 57 9 30 146 146 132 158 37 164 64 255 136 179 14 101 218 128 250 37 124 36 106 80 246 163 234 240 160 228 178 130 8 252 244 240 204 182 14 22 219 83 42 128 7 194 116 209 210 32 160 235 144 122 115 137 110 90 76 146 132 237 26 89 0 0 0 0 0 0 0 0 0 0 0 0 0 0 0 0 0 0 0 0 0 0 0 0 0 0
0 0 0 0 0 0 0 0 0 0 0 0 0 0 0 0 0 0 0 0 0 0 0 0 0 0 0 0 0 55 168 156 78 27 193 229 38 53 50 216 48 102 162 203 177 34 242 76 182 228 197 137 2 141 17 161 63 208 23 185 113 21 237 32 180 225 211 1 156 1 201 254 75 164 240 103 13 161 206 1 122 51 86 10 163 176 101 30 115 230 46 4 84 230 138 44 141 85 74 166 0 0 0 0 0 0 0 0 0 0 0 0 0 0 0 0 0 0 0 0 0 0 0 0 0 0 0 0
0 0 0 0 0 0 0 0 0 0 0 0 0 0 0 0 0 0 0 0 0 0 0 0 0 0 0 0 0 0 150 201 43 46 19 152 24 239 102 255 179 82 99 195 82 126 158 168 206 82 175 108 91 123 55 12 124 97 220 62 140 210 61 94 64 255 210 10 37 102 16 32 232 207 172 195 14 195 184 195 2 192 64 162 97 156 2 21 176 213 60 86 223 221 25 129 10 233 206 0 0 0 0 0 0 0 0 0 0 0 0 0 0 0 0 0 0 0 0 0 0 0 0 0 0 0 0 0
0 0 0 0 0 0 0 0 0 0 0 0 0 0 0 0 0 0 0 0 0 0 0 0 0 0 0 0 0 0 0 0 177 162 45 240 77 242 182 126 162 119 121 197 156 68 49 161 64 44 244 61 254 200 184 230 174 209 4 166 61 221 224 17 249 164 42 130 254 20 221 42 206 47 37 224 21 186 144 230 214 19 215 86 108 31 93 228 210 100 50 68 237 36 52 116 220 0 0 0 0 0 0 0 0 0 0 0 0 0 0 0 0 0 0 0 0 0 0 0 0 0 0 0 0 0 0 0
0 0 0 0 0 0 0 0 0 0 0 0 0 0 0 0 0 0 0 0 0 0 0 0 0 0 0 0 0 0 0 0 0 0 111 188 126 250 6 69 181 58 170 153 168 245 153 224 40 121 148 185 225 207 100 61 24 231 201 113 109 32 238 74 128 35 49 72 69 175 159 22 209 145 252 7 196 143 246 146 218 254 16 248 105 168 39 28 238 61 226 75 144 65 61 0 0 0 0 0 0 0 0 0 0 0 0 0 0 0 0 0 0 0 0 0 0 0 0 0 0 0 0 0 0 0 0 0
0 0 0 0 0 0 0 0 0 0 0 0 0 0 0 0 0 0 0 0 0 0 0 0 0 0 0 0 0 0 0 0 0 0 0 178 111 65 139 186 0 236 219 45 122 187 122 24 166 221 244 255 150 23 102 164 227 3 202 48 116 220 94 147 254 121 251 52 46 78 216 209 200 149 243 70 155 29 40 118 247 51 208 194 238 167 47 110 202 220 226 31 191 37 0 0 0 0 0 0 0 0 0 0 0 0 0 0 0 0 0 0 0 0 0 0 0 0 0 0 0 0 0 0 0 0 0 0
0 0 0 0 0 0 0 0 0 0 0 0 0 0 0 0 0 0 0 0 0 0 0 0 0 0 0 0 0 0 0 0 0 0 0 0 0 31 152 217 170 25 172 210 168 76 199 10 67 238 70 170 28 216 74 237 143 86 4 69 215 248 180 187 136 127 222 203 65 198 156 244 206 228 25 225 5 78 160 50 77 144 107 9 201 163 151 187 147 25 31 201 0 0 0 0 0 0 0 0 0 0 0 0 0 0 0 0 0 0 0 0 0 0 0 0 0 0 0 0 0 0 0 0 0 0 0 0
0 0 0 0 0 0 0 0 0 0 0 0 0 0 0 0 0 0 0 0 0 0 0 0 0 0 0 0 0 0 0 0 0 0 0 0 0 0 0 0 21 174 177 184 116 37 25 209 59 182 209 58 123 175 160 143 188 54 14 247 101 229 90 49 197 244 115 112 110 126 210 231 239 111 64 184 46 149 179 90 233 128 220 208 27 79 161 36 239 0 0 0 0 0 0 0 0 0 0 0 0 0 0 0 0 0 0 0 0 0 0 0 0 0 0 0 0 0 0 0 0 0 0 0 0 0 0 0
0 0 0 0 0 0 0 0 0 0 0 0 0 0 0 0 0 0 0 0 0 0 0 0 0 0 0 0 0 0 0 0 0 0 0 0 0 0 0 0 0 0 4 170 113 40 109 6 237 50 56 124 17 89 83 92 76 252 101 205 0 177 255 138 199 191 159 146 174 79 146 159 61 221 85 100 165 26 48 180 191 230 213 69 208 196 174 0 0 0 0 0 0 0 0 0 0 0 0 0 0 0 0 0 0 0 0 0 0 0 0 0 0 0 0 0 0 0 0 0 0 0 0 0 0 0 0 0
0 0 0 0 0 0 0 0 0 0 0 0 0 0 0 0 0 0 0 0 0 0 0 0 0 0 0 0 0 0 0 0 0 0 0 0 0 0 0 0 0 0 0 0 0 194 72 218 73 34 76 33 58 218 196 90 88 84 163 125 176 232 208 103 93 62 157 61 82 97 160 183 15 113 149 99 85 52 18 204 139 211 57 148 0 0 0 0 0 0 0 0 0 0 0 0 0 0 0 0 0 0 0 0 0 0 0 0 0 0 0 0 0 0 0 0 0 0 0 0 0 0 0 0 0 0 0 0
0 0 0 0 0 0 0 0 0 0 0 0 0 0 0 0 0 0 0 0 0 0 0 0 0 0 0 0 0 0 0 0 0 0 0 0 0 0 0 0 0 0 0 0 0 0 0 0 0 143 201 145 84 5 37 238 91 4 160 48 51 148 187 254 249 232 86 39 68 147 29 229 234 133 210 196 180 231 140 135 0 0 0 0 0 0 0 0 0 0 0 0 0 0 0 0 0 0 0 0 0 0 0 0 0 0 0 0 0 0 0 0 0 0 0 0 0 0 0 0 0 0 0 0 0 0 0 0
0 0 0 0 0 0 0 0 0 0 0 0 0 0 0 0 0 0 0 0 0 0 0 0 0 0 0 0 0 0 0 0 0 0 0 0 0 0 0 0 0 0 0 0 0 0 0 0 0 0 0 0 0 168 175 231 26 23 156 51 108 134 165 222 183 6 151 118 62 84 2 126 29 237 119 130 0 0 0 0 0 0 0 0 0 0 0 0 0 0 0 0 0 0 0 0 0 0 0 0 0 0 0 0 0 0 0 0 0 0 0 0 0 0 0 0 0 0 0 0 0 0 0 0 0 0 0 0
