128
0 0 0 0 0 0 0 0 0 0 0 0 0 0 0 0 0 0 0 0 0 0 0 0 0 0 0 0 0 0 0 0 0 0 0 0 0 0 0 0 0 0 0 0 0 0 0 0 0 0 0 0 0 0 0 0 0 0 0 0 0 0 0 0 6 0 0 0 0 0 0 0 0 0 0 0 0 0 0 0 0 0 0 0 0 0 0 0 0 0 0 0 0 0 0 0 0 0 0 0 0 0 0 0 0 0 0 0 0 0 0 0 0 0 0 0 0 0 0 0 0 0 0 0 0 0 0 0
0 0 0 0 0 0 0 0 0 0 0 0 0 0 0 0 0 0 0 0 0 0 0 0 0 0 0 0 0 0 0 0 0 0 0 0 0 0 0 0 0 0 0 0 0 0 0 0 0 0 0 0 0 98 26 246 38 98 152 114 22 28 107 204 197 243 144 241 188 27 57 125 173 151 224 252 0 0 0 0 0 0 0 0 0 0 0 0 0 0 0 0 0 0 0 0 0 0 0 0 0 0 0 0 0 0 0 0 0 0 0 0 0 0 0 0 0 0 0 0 0 0 0 0 0 0 0 0
0 0 0 0 0 0 0 0 0 0 0 0 0 0 0 0 0 0 0 0 0 0 0 0 0 0 0 0 0 0 0 0 0 0 0 0 0 0 0 0 0 0 0 0 0 0 0 0 0 49 191 161 172 213 196 53 63 217 89 75 211 24 240 47 36 40 218 142 229 234 203 94 161 245 128 35 19 33 160 164 0 0 0 0 0 0 0 0 0 0 0 0 0 0 0 0 0 0 0 0 0 0 0 0 0 0 0 0 0 0 0 0 0 0 0 0 0 0 0 0 0 0 0 0 0 0 0 0
0 0 0 0 0 0 0 0 0 0 0 0 0 0 0 0 0 0 0 0 0 0 0 0 0 0 0 0 0 0 0 0 0 0 0 0 0 0 0 0 0 0 0 0 0 3 92 114 140 185 242 97 36 226 0 222 53 188 126 52 238 116 202 112 46 174 157 166 193 74 250 141 169 99 210 56 232 170 112 221 138 188 212 161 0 0 0 0 0 0 0 0 0 0 0 0 0 0 0 0 0 0 0 0 0 0 0 0 0 0 0 0 0 0 0 0 0 0 0 0 0 0 0 0 0 0 0 0
0 0 0 0 0 0 0 0 0 0 0 0 0 0 0 0 0 0 0 0 0 0 0 0 0 0 0 0 0 0 0 0 0 0 0 0 0 0 0 0 0 0 211 83 59 250 56 219 72 115 140 159 181 196 69 148 56 51 40 78 223 185 58 237 162 92 137 168 155 25 193 70 209 67 243 10 223 83 166 225 214 50 161 69 214 90 192 0 0 0 0 0 0 0 0 0 0 0 0 0 0 0 0 0 0 0 0 0 0 0 0 0 0 0 0 0 0 0 0 0 0 0 0 0 0 0 0 0
0 0 0 0 0 0 0 0 0 0 0 0 0 0 0 0 0 0 0 0 0 0 0 0 0 0 0 0 0 0 0 0 0 0 0 0 0 0 0 0 6 104 159 204 102 232 128 30 43 38 221 184 197 201 239 108 70 200 171 133 182 173 149 172 16 168 170 34 110 196 16 107 214 149 91 30 46 56 14 176 228 27 205 38 104 187 183 163 2 0 0 0 0 0 0 0 0 0 0 0 0 0 0 0 0 0 0 0 0 0 0 0 0 0 0 0 0 0 0 0 0 0 0 0 0 0 0 0
0 0 0 0 0 0 0 0 0 0 0 0 0 0 0 0 0 0 0 0 0 0 0 0 0 0 0 0 0 0 0 0 0 0 0 0 0 41 202 251 114 4 231 240 242 40 124 163 92 64 167 165 187 94 164 237 240 29 154 157 190 131 137 85 254 140 238 38 100 82 218 227 120 170 237 118 39 14 24 145 174 69 106 226 120 233 64 184 29 70 88 216 0 0 0 0 0 0 0 0 0 0 0 0 0 0 0 0 0 0 0 0 0 0 0 0 0 0 0 0 0 0 0 0 0 0 0 0
0 0 0 0 0 0 0 0 0 0 0 0 0 0 0 0 0 0 0 0 0 0 0 0 0 0 0 0 0 0 0 0 0 0 0 99 23 138 125 41 213 196 14 227 147 206 214 26 171 57 201 103 117 191 182 162 253 168 56 128 181 75 47 219 189 18 203 102 187 234 118 129 54 26 109 124 180 124 254 120 120 176 152 116 229 249 27 188 193 124 250 166 96 89 0 0 0 0 0 0 0 0 0 0 0 0 0 0 0 0 0 0 0 0 0 0 0 0 0 0 0 0 0 0 0 0 0 0
0 0 0 0 0 0 0 0 0 0 0 0 0 0 0 0 0 0 0 0 0 0 0 0 0 0 0 0 0 0 0 0 0 0 46 109 27 36 127 82 88 94 40 222 129 97 182 135 162 153 173 243 6 243 159 212 110 35 194 93 60 214 173 85 67 98 29 52 132 46 250 61 13 216 114 6 54 76 46 91 14 125 109 148 56 123 152 207 176 210 126 67 139 70 170 0 0 0 0 0 0 0 0 0 0 0 0 0 0 0 0 0 0 0 0 0 0 0 0 0 0 0 0 0 0 0 0 0
0 0 0 0 0 0 0 0 0 0 0 0 0 0 0 0 0 0 0 0 0 0 0 0 0 0 0 0 0 0 0 0 59 8 93 100 215 242 129 199 160 182 243 20 242 180 52 142 224 7 82 245 65 198 253 88 164 255 217 3 119 204 248 32 29 199 75 111 7 126 235 113 202 106 235 240 27 219 84 97 39 179 214 237 91 116 201 162 30 36 109 160 114 122 142 190 213 0 0 0 0 0 0 0 0 0 0 0 0 0 0 0 0 0 0 0 0 0 0 0 0 0 0 0 0 0 0 0
0 0 0 0 0 0 0 0 0 0 0 0 0 0 0 0 0 0 0 0 0 0 0 0 0 0 0 0 0 0 36 242 141 4 5 0 94 0 69 96 55 35 98 133 119 25 145 228 76 40 101 85 24 32 25 239 208 13 183 50 205 101 226 0 56 240 41 24 41 173 213 45 220 68 166 0 160 63 231 158 238 207 31 214 144 122 51 173 1 22 119 246 150 255 138 88 127 38 7 0 0 0 0 0 0 0 0 0 0 0 0 0 0 0 0 0 0 0 0 0 0 0 0 0 0 0 0 0
0 0 0 0 0 0 0 0 0 0 0 0 0 0 0 0 0 0 0 0 0 0 0 0 0 0 0 0 0 51 137 209 36 35 240 118 104 196 246 175 179 68 113 135 201 166 87 199 32 223 184 49 31 183 226 232 159 37 160 140 189 137 10 107 247 113 125 187 67 35 228 115 174 153 120 38 249 126 240 97 192 252 154 1 49 160 221 15 88 190 208 143 197 30 81 58 60 237 32 76 0 0 0 0 0 0 0 0 0 0 0 0 0 0 0 0 0 0 0 0 0 0 0 0 0 0 0 0
0 0 0 0 0 0 0 0 0 0 0 0 0 0 0 0 0 0 0 0 0 0 0 0 0 0 0 46 198 176 6 220 80 49 242 27 23 50 90 157 179 10 232 249 9 15 65 105 111 139 149 139 13 230 138 250 25 3 209 127 44 68 126 189 222 156 94 1 55 180 45 103 60 153 212 195 86 11 226 167 22 5 239 243 145 146 50 161 90 108 7 40 112 160 105 26 198 203 219 89 102 234 0 0 0 0 0 0 0 0 0 0 0 0 0 0 0 0 0 0 0 0 0 0 0 0 0 0
0 0 0 0 0 0 0 0 0 0 0 0 0 0 0 0 0 0 0 0 0 0 0 0 0 0 80 14 59 174 144 126 145 33 249 159 167 47 236 72 228 80 196 52 84 3 237 122 52 224 229 119 84 233 209 11 93 71 153 194 22 54 201 179 220 89 109 25 42 190 1 39 232 85 99 92 104 220 47 63 88 105 97 254 105 208 231 107 204 39 118 82 199 146 174 108 253 149 238 229 12 255 118 0 0 0 0 0 0 0 0 0 0 0 0 0 0 0 0 0 0 0 0 0 0 0 0 0
0 0 0 0 0 0 0 0 0 0 0 0 0 0 0 0 0 0 0 0 0 0 0 0 0 121 43 19 163 4 71 16 107 176 174 148 231 140 56 232 252 117 82 106 51 255 66 252 245 36 150 177 168 90 87 32 149 110 64 16 123 92 24 114 119 153 99 178 41 16 14 130 152 2 37 104 223 7 34 158 14 115 100 213 77 159 96 118 91 195 211 107 8 147 71 168 82 11 18 84 42 52 194 203 0 0 0 0 0 0 0 0 0 0 0 0 0 0 0 0 0 0 0 0 0 0 0 0
0 0 0 0 0 0 0 0 0 0 0 0 0 0 0 0 0 0 0 0 0 0 0 167 83 41 181 6 65 236 192 99 229 17 194 131 235 191 161 252 47 191 79 53 69 222 2 121 141 210 66 93 21 75 251 95 129 205 35 8 104 177 209 243 191 131 62 117 255 112 174 91 98 98 70 237 81 200 229 79 91 66 184 255 76 58 192 176 162 157 31 232 108 133 158 70 84 30 163 143 122 47 174 112 5 34 0 0 0 0 0 0 0 0 0 0 0 0 0 0 0 0 0 0 0 0 0 0
0 0 0 0 0 0 0 0 0 0 0 0 0 0 0 0 0 0 0 0 0 0 112 51 114 119 71 198 37 9 127 162 6 37 169 177 21 168 117 61 62 228 77 15 186 25 99 4 62 20 4 90 110 125 28 170 48 55 4 128 193 201 89 101 168 192 147 2 235 183 127 113 106 117 61 52 10 249 204 148 136 50 134 108 156 179 9 129 251 5 231 33 32 89 39 177 53 107 37 92 160 83 184 188 138 59 3 0 0 0 0 0 0 0 0 0 0 0 0 0 0 0 0 0 0 0 0 0
0 0 0 0 0 0 0 0 0 0 0 0 0 0 0 0 0 0 0 0 0 159 104 123 167 17 89 237 188 94 47 15 234 99 107 220 133 228 113 125 128 196 141 195 172 3 40 114 29 38 27 3 22 116 35 195 185 107 74 133 178 192 6 113 111 122 175 216 118 26 173 87 56 24 81 63 225 52 192 177 132 204 126 151 58 162 21 216 255 30 119 82 143 218 70 246 86 55 126 7 218 192 93 249 159 253 37 42 0 0 0 0 0 0 0 0 0 0 0 0 0 0 0 0 0 0 0 0
0 0 0 0 0 0 0 0 0 0 0 0 0 0 0 0 0 0 0 0 2 11 127 136 231 112 179 110 103 99 50 210 89 17 135 101 59 4 36 23 177 137 159 156 87 210 172 176 30 32 202 76 237 89 143 184 212 71 19 89 161 72 136 218 226 241 56 94 229 157 202 88 47 56 162 132 210 170 252 197 202 124 21 155 157 5 196 9 141 170 182 83 140 122 132 85 30 178 248 110 199 117 4 54 63 223 98 175 149 0 0 0 0 0 0 0 0 0 0 0 0 0 0 0 0 0 0 0
0 0 0 0 0 0 0 0 0 0 0 0 0 0 0 0 0 0 0 249 106 26 127 136 224 62 251 198 38 95 215 43 111 247 52 224 116 55 231 130 163 85 57 230 40 235 82 237 142 60 71 251 155 48 44 21 12 31 196 100 113 68 37 119 119 207 204 18 8 94 73 57 192 77 7 155 50 111 144 143 141 7 92 63 121 245 124 152 48 255 45 2 63 67 19 47 188 82 19 137 227 145 237 205 97 97 136 70 55 81 0 0 0 0 0 0 0 0 0 0 0 0 0 0 0 0 0 0
0 0 0 0 0 0 0 0 0 0 0 0 0 0 0 0 0 0 61 81 93 154 250 48 123 228 186 153 65 76 112 91 211 12 67 16 131 156 210 114 212 88 173 69 223 119 180 254 76 248 180 224 89 246 191 6 89 118 135 172 46 92 18 58 177 62 251 205 106 45 136 167 87 20 234 53 94 178 121 55 27 111 130 62 31 222 101 217 102 93 251 1 132 174 50 213 197 242 50 5 20 14 168 116 166 222 125 171 201 76 231 0 0 0 0 0 0 0 0 0 0 0 0 0 0 0 0 0
0 0 0 0 0 0 0 0 0 0 0 0 0 0 0 0 0 227 10 80 224 46 164 59 8 158 5 101 70 45 144 206 225 173 83 251 239 58 131 204 67 59 88 64 63 26 210 221 242 141 225 220 224 161 198 22 201 103 236 15 85 222 191 61 38 253 186 184 211 102 209 183 42 90 155 62 108 62 220 201 93 245 216 132 110 159 121 97 55 208 17 207 160 198 247 209 30 238 84 66 30 97 154 79 210 66 111 1 110 228 55 231 0 0 0 0 0 0 0 0 0 0 0 0 0 0 0 0
0 0 0 0 0 0 0 0 0 0 0 0 0 0 0 0 119 110 46 49 165 231 112 85 92 36 209 144 143 89 221 176 93 102 244 10 98 129 213 135 92 40 99 198 96 121 51 193 163 113 239 238 156 86 136 209 225 139 125 179 83 49 233 97 78 152 125 4 120 231 131 101 172 22 220 213 114 224 225 33 115 223 105 105 8 138 200 121 215 248 52 191 146 55 12 37 65 175 141 58 22 171 245 3 190 37 51 89 20 34 238 140 204 0 0 0 0 0 0 0 0 0 0 0 0 0 0 0
0 0 0 0 0 0 0 0 0 0 0 0 0 0 0 125 140 70 254 251 153 229 197 247 204 143 31 132 51 224 64 246 92 23 242 19 92 62 111 203 181 161 95 22 52 204 220 125 154 169 216 86 188 167 70 193 31 219 177 59 240 57 37 255 208 145 176 104 152 95 70 126 165 11 208 251 252 108 165 155 198 56 120 246 143 128 73 117 116 113 194 15 228 125 68 225 180 177 142 245 232 73 8 73 156 214 219 6 150 71 188 143 168 172 0 0 0 0 0 0 0 0 0 0 0 0 0 0
0 0 0 0 0 0 0 0 0 0 0 0 0 0 0 194 3 128 27 73 65 149 203 232 28 102 47 4 54 184 111 43 168 195 39 203 12 221 234 201 222 9 24 222 229 149 121 33 226 71 181 183 214 101 182 255 119 243 57 116 148 115 46 98 203 185 4 238 16 64 162 128 113 200 240 28 102 5 55 131 27 137 130 25 251 224 111 148 238 213 56 94 235 141 224 224 236 197 7 30 190 65 7 1 175 229 153 124 167 63 10 184 13 99 0 0 0 0 0 0 0 0 0 0 0 0 0 0
0 0 0 0 0 0 0 0 0 0 0 0 0 0 115 242 209 191 216 89 96 187 219 112 185 68 72 65 64 21 45 17 33 22 72 244 65 65 15 163 146 120 55 165 33 135 144 34 229 23 107 37 62 223 223 151 132 115 11 203 227 188 88 127 100 1 49 232 128 138 92 136 54 217 93 77 190 207 99 210 102 35 3 236 15 245 179 59 210 253 77 52 179 95 102 218 140 104 242 146 130 117 138 238 19 169 101 159 208 20 2 216 78 220 223 0 0 0 0 0 0 0 0 0 0 0 0 0
0 0 0 0 0 0 0 0 0 0 0 0 0 242 175 94 82 232 203 87 56 101 145 94 227 218 247 74 167 181 188 218 72 85 215 36 230 171 95 214 195 45 84 28 92 176 165 32 23 71 94 202 177 200 232 241 43 25 162 235 67 255 53 100 158 36 128 152 110 38 91 213 146 191 220 128 100 222 68 58 71 101 87 38 158 244 206 2 140 228 35 16 137 194 251 151 138 10 234 60 27 55 222 235 139 226 93 137 174 149 5 42 240 92 103 72 0 0 0 0 0 0 0 0 0 0 0 0
0 0 0 0 0 0 0 0 0 0 0 0 84 177 235 38 147 84 199 242 205 230 156 189 72 134 96 240 28 134 38 132 113 222 94 211 60 111 205 11 139 8 72 236 236 191 124 111 176 94 212 177 95 141 90 141 127 232 131 167 90 48 158 247 71 79 120 207 210 72 182 253 183 243 240 140 99 225 97 161 1 207 58 212 197 201 224 38 198 84 196 131 200 244 89 144 88 163 4 215 30 179 97 48 93 116 191 103 213 237 247 253 230 164 132 195 108 0 0 0 0 0 0 0 0 0 0 0
0 0 0 0 0 0 0 0 0 0 0 0 123 65 106 116 162 244 110 7 40 250 53 1 159 202 14 184 51 177 211 233 153 70 74 200 51 172 83 12 19 83 6 19 171 169 14 51 182 102 88 171 209 224 245 230 25 41 132 71 235 77 42 240 48 46 84 247 199 10 96 159 44 199 97 172 209 71 232 221 100 120 164 5 26 88 131 7 87 97 101 106 198 240 63 74 95 120 242 246 67 218 164 242 155 85 107 62 156 1 38 122 232 214 81 202 172 0 0 0 0 0 0 0 0 0 0 0
0 0 0 0 0 0 0 0 0 0 0 40 36 242 14 209 130 168 222 247 151 191 33 140 28 187 93 177 132 16 152 226 24 10 79 58 217 234 212 223 188 232 191 187 46 41 192 61 14 20 108 165 86 25 179 162 11 207 158 201 246 38 38 62 210 191 213 113 116 160 112 49 101 183 240 249 250 253 54 31 175 168 116 17 105 121 142 144 211 213 199 115 91 217 16 160 41 221 34 200 249 190 199 239 11 83 120 135 200 18 5 0 126 154 78 222 248 213 0 0 0 0 0 0 0 0 0 0
0 0 0 0 0 0 0 0 0 0 118 100 85 44 132 107 63 17 116 25 145 164 128 135 226 37 237 6 156 66 67 172 145 84 60 207 24 134 217 14 207 147 204 16 255 248 185 48 210 190 8 164 126 172 67 209 68 175 230 181 211 144 232 255 234 5 79 113 126 130 239 118 118 60 248 48 52 162 218 20 152 114 192 199 18 0 184 192 185 53 182 90 213 57 51 147 18 248 234 86 91 113 119 195 229 91 147 175 66 69 142 223 60 76 36 50 132 40 249 0 0 0 0 0 0 0 0 0
0 0 0 0 0 0 0 0 0 0 253 144 94 166 35 7 76 133 4 25 29 165 172 167 12 148 110 51 62 57 209 153 127 35 118 40 200 20 217 146 210 153 217 249 120 242 232 180 133 91 153 241 8 137 4 54 176 170 242 45 24 42 113 107 215 81 31 71 129 87 144 88 239 189 253 180 39 134 237 25 43 149 127 230 55 158 112 81 54 13 246 5 161 159 183 84 19 139 67 58 40 154 249 140 55 171 221 116 250 128 5 161 40 146 58 251 116 231 199 0 0 0 0 0 0 0 0 0
0 0 0 0 0 0 0 0 0 245 221 230 218 31 226 197 141 111 114 30 22 66 147 166 226 214 136 91 100 103 106 196 31 161 180 194 115 161 213 224 47 249 90 116 42 167 30 186 213 192 105 223 192 253 213 233 7 147 12 255 164 239 174 44 159 8 175 1 134 224 94 47 243 99 149 166 41 167 125 75 109 193 136 66 96 219 179 52 86 170 30 27 10 210 162 153 39 158 72 196 116 196 71 9 2 145 135 203 83 130 44 101 51 246 58 138 91 209 144 109 0 0 0 0 0 0 0 0
0 0 0 0 0 0 0 0 0 129 137 205 247 242 49 40 197 64 204 186 130 236 60 80 237 132 223 248 61 107 104 202 12 45 77 27 225 40 27 236 156 150 153 26 157 244 79 224 82 64 91 163 164 230 18 203 190 187 176 237 184 81 104 167 6 122 9 152 15 220 234 101 102 51 218 177 2 133 215 177 132 210 217 187 133 77 113 82 64 11 233 95 10 120 79 31 203 155 64 143 30 79 199 201 223 215 13 253 145 53 114 238 232 66 58 28 168 114 105 133 0 0 0 0 0 0 0 0
0 0 0 0 0 0 0 0 68 235 22 108 237 139 255 126 40 66 242 142 232 179 143 50 144 134 237 101 94 158 245 66 117 216 158 137 107 30 217 212 156 110 40 182 119 44 133 209 76 143 169 81 203 53 247 105 207 60 136 173 32 4 5 121 119 201 56 145 248 92 0 97 245 38 100 37 48 249 49 52 151 85 210 103 38 98 146 179 250 220 226 98 97 207 94 180 233 208 204 115 40 0 161 206 180 236 111 61 35 94 139 231 237 248 74 124 81 38 109 228 156 0 0 0 0 0 0 0
0 0 0 0 0 0 0 199 161 72 107 8 40 193 177 220 150 169 231 30 94 208 186 152 250 135 97 59 107 248 247 93 179 165 203 241 10 27 38 179 25 226 117 23 14 121 108 63 87 174 218 246 67 3 129 190 238 58 128 7 220 81 59 138 195 20 54 44 114 2 80 69 245 45 154 105 11 91 170 197 37 22 93 6 159 97 229 143 29 18 231 172 187 11 44 209 35 225 218 105 117 149 27 224 56 42 87 25 140 246 89 161 197 214 166 164 248 224 36 179 172 227 0 0 0 0 0 0
0 0 0 0 0 0 0 199 113 175 135 176 198 35 17 108 221 41 115 236 223 60 85 78 31 21 236 54 218 24 75 177 240 57 238 158 49 109 42 216 212 147 148 179 225 91 104 59 7 206 66 242 3 179 142 64 227 97 19 136 30 73 138 176 70 176 133 108 223 178 177 44 182 31 225 176 141 61 25 16 132 130 75 131 123 5 145 5 71 7 136 60 12 171 201 134 237 178 161 229 229 23 140 156 199 2 103 109 254 40 203 163 55 82 245 131 131 101 85 184 12 121 0 0 0 0 0 0
0 0 0 0 0 0 16 125 114 226 182 47 78 116 58 137 168 230 76 81 39 24 230 79 132 21 106 55 145 183 24 161 220 117 173 77 218 86 221 149 96 117 83 67 144 160 89 189 80 114 206 200 34 207 164 208 227 61 142 155 226 50 165 174 29 68 200 111 73 105 179 137 126 214 101 253 148 48 119 129 22 125 124 161 206 14 220 68 247 112 90 234 108 237 58 66 19 151 221 183 3 163 192 9 164 195 62 237 4 26 106 185 193 22 251 237 159 72 30 149 175 189 176 0 0 0 0 0
0 0 0 0 0 0 241 69 161 170 44 58 194 221 36 111 113 54 201 35 112 12 170 121 121 84 10 221 115 212 239 41 167 179 191 178 135 61 44 136 241 250 48 219 245 141 95 24 9 164 254 178 119 140 24 61 4 161 187 187 46 188 135 148 220 233 255 11 16 16 72 68 240 176 146 158 85 68 109 53 212 180 136 172 137 199 225 228 131 67 173 237 93 23 0 229 204 216 21 44 160 64 82 204 8 127 219 252 113 41 145 179 249 37 218 23 19 160 247 33 118 112 148 0 0 0 0 0
0 0 0 0 0 0 29 214 165 235 167 143 72 10 251 239 221 201 27 51 75 209 120 105 193 0 213 78 235 123 161 152 206 91 174 53 220 241 216 218 205 127 158 71 188 149 155 139 223 1 27 105 216 198 154 83 105 38 226 204 80 76 165 79 154 68 99 86 54 6 99 244 247 246 235 204 160 32 56 52 15 40 241 133 66 241 122 39 51 152 85 30 39 71 229 162 116 151 149 77 94 189 163 204 131 3 79 116 78 230 232 160 56 46 131 102 90 87 34 76 152 249 205 0 0 0 0 0
0 0 0 0 0 39 26 138 33 203 80 120 157 97 220 141 51 200 167 202 191 241 88 26 235 14 91 119 247 153 118 177 234 83 52 152 124 64 144 184 185 125 154 115 196 254 36 248 140 234 127 234 249 47 98 66 234 199 159 171 103 0 219 121 128 20 20 164 7 209 131 88 68 26 69 86 111 133 134 81 236 213 166 191 145 238 60 225 135 40 195 132 214 88 55 111 243 171 166 253 143 119 38 12 3 205 173 70 55 216 101 246 134 59 42 107 42 228 175 95 80 211 20 50 0 0 0 0
0 0 0 0 0 50 41 70 21 211 70 190 226 52 161 67 106 56 145 224 171 2 15 207 48 212 182 233 35 75 112 113 104 73 49 24 81 203 220 168 34 68 141 27 149 237 178 172 57 188 173 128 26 252 143 48 232 55 235 132 73 12 86 71 37 51 73 140 235 173 166 104 14 140 153 255 118 116 78 210 167 206 221 206 84 208 186 199 46 106 66 132 40 115 23 215 59 249 232 255 136 205 54 55 218 125 18 61 202 20 29 177 110 79 145 182 65 113 229 102 207 169 145 248 0 0 0 0
0 0 0 0 23 89 100 252 42 174 173 58 198 128 94 59 30 63 165 197 161 145 91 223 103 44 97 195 155 222 62 53 88 190 244 135 107 91 40 96 235 141 105 35 25 216 142 93 185 229 121 81 219 25 153 88 91 170 194 107 244 125 1 125 137 243 96 22 7 139 0 48 211 74 12 88 160 151 224 142 78 114 158 56 100 71 169 213 231 182 71 9 91 84 198 168 235 203 252 207 180 125 64 176 250 92 170 198 242 158 105 178 119 142 180 98 187 227 3 187 81 35 85 170 236 0 0 0
0 0 0 0 163 241 102 255 159 72 119 133 77 129 82 74 6 7 51 238 143 241 169 68 185 178 119 93 33 200 246 216 12 185 127 216 73 109 186 192 63 52 86 213 109 154 105 204 28 93 17 115 52 42 208 24 249 69 86 100 38 178 187 233 59 83 127 32 218 114 241 58 84 218 98 46 184 245 12 147 84 80 132 129 61 139 108 167 30 29 186 191 67 148 204 108 147 166 72 174 3 11 79 68 197 99 20 17 244 140 43 36 108 230 70 23 84 59 36 112 154 132 100 181 238 0 0 0
0 0 0 0 78 159 78 172 247 230 39 63 17 238 93 26 44 209 25 104 249 40 9 196 93 84 143 39 254 143 127 139 236 255 132 15 2 95 120 251 68 88 49 39 12 76 155 238 20 121 64 158 230 205 209 212 177 92 71 143 143 39 253 253 61 207 206 82 211 153 178 144 79 208 174 87 189 100 241 209 94 195 172 81 207 38 215 194 118 139 136 23 97 133 234 71 186 169 209 147 32 116 21 149 112 182 123 146 111 35 33 143 202 177 81 45 149 225 188 2 85 187 29 202 182 0 0 0
0 0 0 207 64 164 191 129 96 45 216 146 253 58 158 33 190 31 38 154 24 207 151 200 123 73 127 204 251 79 12 63 39 75 205 185 224 232 226 197 170 6 223 216 154 226 210 95 162 216 23 1 205 154 48 241 54 162 182 225 170 191 42 56 61 194 188 73 121 170 40 219 246 195 1 176 42 3 124 154 155 30 231 52 200 183 177 138 40 91 146 90 78 109 48 132 153 222 143 137 236 172 177 80 63 141 139 227 231 109 225 137 112 90 54 243 18 134 65 19 183 185 56 219 244 149 0 0
0 0 0 244 116 74 23 187 66 99 167 73 152 96 202 214 128 18 220 234 108 175 13 123 233 53 204 170 156 207 81 120 167 171 9 103 135 115 79 76 141 138 22 60 236 234 129 113 72 94 9 235 168 52 91 126 135 44 143 190 218 62 179 158 138 58 46 141 141 2 225 36 46 88 237 174 183 79 96 127 170 118 103 37 151 193 231 46 130 74 25 172 142 5 41 123 80 140 143 30 162 179 83 24 183 77 194 157 138 114 101 188 241 174 56 253 83 22 251 236 5 207 242 117 86 23 0 0
0 0 0 145 209 86 186 83 11 54 27 140 201 149 77 92 210 53 118 48 42 30 238 73 152 166 42 126 81 185 215 62 46 99 67 74 20 180 183 101 245 34 204 7 114 97 100 174 54 25 139 164 160 143 119 85 14 105 149 5 177 89 159 24 48 223 31 8 128 147 210 153 237 188 235 160 243 103 178 75 233 11 75 20 116 201 193 249 103 251 188 58 21 29 162 145 141 187 134 247 205 16 214 181 196 84 229 174 33 96 62 5 93 183 56 145 240 34 241 35 212 253 74 238 118 71 0 0
0 0 0 160 129 25 222 195 194 73 155 135 96 0 122 25 233 79 94 212 138 145 112 57 15 125 180 177 12 13 202 5 205 125 130 240 146 56 163 242 174 39 241 64 152 239 91 213 73 220 6 165 117 106 138 109 151 237 132 20 92 29 5 153 24 69 43 255 20 236 207 22 57 14 35 205 92 90 18 35 205 75 14 129 18 98 8 93 215 255 19 106 81 36 144 75 111 132 252 63 17 167 204 133 121 222 109 127 227 174 95 88 151 28 116 56 196 243 73 116 199 54 169 11 173 253 0 0
0 0 23 62 82 232 70 122 183 11 203 223 187 184 130 50 16 233 110 132 183 115 80 255 90 90 31 249 165 11 255 177 46 249 228 155 162 5 128 159 1 129 145 2 196 163 220 68 82 95 46 80 13 111 161 193 43 164 126 24 158 13 9 190 89 77 75 13 107 248 228 197 118 54 97 132 14 128 196 153 3 133 76 72 148 187 73 64 215 145 122 156 185 251 15 99 113 89 140 126 5 57 43 58 113 63 253 247 148 102 188 19 7 237 241 109 95 61 223 244 213 218 174 158 102 254 31 0
0 0 250 53 90 220 47 105 135 75 134 242 28 37 62 0 206 84 93 141 227 242 111 88 94 212 220 1 106 47 138 62 188 90 75 194 246 186 99 119 1 69 136 69 167 96 106 154 25 29 212 94 204 152 134 59 46 103 42 217 36 115 143 211 110 144 230 131 22 37 215 139 156 9 24 114 245 152 42 39 250 248 232 206 172 0 19 53 214 130 245 95 94 90 168 207 215 187 50 90 137 160 165 58 69 201 92 186 121 189 33 213 5 26 63 202 189 250 48 48 131 234 199 226 60 13 235 0
0 0 46 189 42 23 172 105 249 114 114 226 176 187 98 195 168 164 161 105 136 123 98 24 76 198 126 165 56 2 7 21 2 148 160 120 92 156 133 145 117 128 204 216 120 63 131 205 243 87 8 140 144 54 86 182 41 234 207 209 40 31 76 207 218 25 74 117 215 83 231 156 188 100 137 218 202 118 131 189 93 18 21 160 14 71 183 185 219 160 157 112 254 56 64 252 183 34 23 182 117 226 15 11 112 96 65 90 13 56 72 108 130 41 173 41 33 79 198 107 243 112 195 17 8 212 110 0
0 0 244 52 151 194 62 139 245 126 47 184 7 4 164 163 13 207 189 27 141 237 51 245 64 55 121 26 243 84 188 135 22 160 152 248 23 103 214 86 90 230 107 226 29 7 128 68 9 79 42 157 148 106 58 29 70 59 18 3 80 99 58 233 184 118 114 155 62 196 217 174 136 154 238 238 113 182 23 122 162 14 81 188 235 208 15 52 116 53 99 70 253 251 56 14 185 200 168 198 160 252 21 129 38 153 60 135 67 225 15 67 248 204 234 68 208 41 211 59 34 168 160 135 85 12 184 0
0 70 21 13 162 255 216 167 198 29 133 213 184 242 143 166 6 77 66 14 165 208 224 8 205 149 75 53 108 171 85 203 4 60 180 57 134 173 190 186 251 75 116 86 59 131 133 224 100 25 255 39 62 123 62 90 32 25 73 52 50 246 54 111 8 237 119 250 202 89 171 129 202 203 149 8 255 7 241 197 193 225 140 58 111 229 1 54 128 201 4 174 157 114 12 71 145 4 23 9 80 13 138 37 165 139 200 88 226 62 9 2 200 33 135 74 192 88 23 190 238 157 167 30 36 44 236 98
0 138 10 143 29 34 43 160 201 219 110 0 82 186 90 109 147 59 153 54 29 172 31 215 208 130 212 67 2 63 140 208 80 196 80 80 135 81 60 62 28 245 93 97 100 255 209 103 0 129 208 254 228 237 87 47 75 149 49 137 153 213 79 252 214 134 228 250 61 87 64 45 183 50 60 146 184 116 140 182 214 35 177 182 205 75 77 158 226 196 74 225 156 25 36 239 229 117 30 170 211 235 58 170 51 96 34 155 228 230 160 79 19 246 245 33 103 161 120 181 29 51 24 66 55 77 253 95
0 250 40 174 68 67 18 85 232 167 143 169 112 16 111 171 105 89 124 193 247 118 211 34 53 217 216 2 84 55 248 250 25 10 12 141 118 102 96 208 86 69 232 59 108 165 104 143 121 52 144 177 233 19 72 190 40 70 34 136 181 208 242 27 79 182 200 166 232 253 247 132 86 119 88 163 252 98 231 111 253 30 12 168 37 207 111 124 65 110 137 144 215 20 10 29 238 13 191 14 137 17 204 121 30 120 119 172 254 203 118 173 197 165 25 49 86 187 5 194 63 183 231 115 212 93 112 243
0 35 251 159 197 102 76 88 35 91 119 163 86 252 22 165 172 125 50 17 22 100 87 46 66 65 253 146 251 124 106 155 6 36 24 255 199 111 248 236 70 176 153 105 209 88 194 173 176 89 129 40 128 14 175 73 87 113 241 186 183 180 34 29 100 106 86 124 10 18 246 177 225 101 17 169 217 58 215 1 167 87 24 146 243 97 212 101 24 169 59 193 18 189 98 26 126 8 5 23 76 248 97 100 178 46 149 166 28 172 96 253 179 174 125 29 14 154 108 164 78 234 192 53 1 192 52 40
0 204 109 5 68 22 57 42 207 98 124 211 89 18 192 108 108 133 65 180 88 100 127 119 184 78 42 148 47 246 179 38 172 7 161 6 6 71 10 26 48 205 188 169 96 155 19 21 122 28 22 115 151 239 228 48 125 44 200 202 189 116 220 97 65 238 216 12 94 167 172 213 148 10 248 192 36 5 90 145 41 32 242 30 76 246 79 108 201 60 106 152 180 204 180 23 98 33 186 159 84 230 65 66 54 142 204 97 71 238 91 136 164 93 6 165 243 126 21 129 124 210 52 251 88 19 166 162
0 239 155 60 139 65 225 209 247 80 180 76 79 228 130 102 220 45 130 187 144 228 156 53 165 17 156 74 6 22 86 4 63 67 197 17 171 111 244 222 182 198 173 224 85 52 25 212 8 252 109 68 101 76 127 47 93 194 74 17 49 124 157 109 45 167 192 219 19 136 8 102 2 83 244 195 222 3 136 58 177 77 184 112 33 203 219 190 121 48 178 50 117 212 160 113 138 151 61 25 239 240 214 129 197 222 106 116 43 254 226 4 183 74 220 221 41 161 131 49 211 4 191 71 132 120 99 164
0 120 107 90 106 40 73 219 142 194 235 6 21 241 141 226 174 122 172 228 196 24 235 68 32 77 150 133 156 184 84 53 33 96 24 187 17 229 243 211 60 61 187 45 249 143 190 104 112 220 158 198 10 243 23 143 194 223 87 119 138 63 1 223 27 237 194 112 114 139 209 237 18 49 28 155 161 243 242 32 34 89 143 173 137 245 7 135 179 197 128 47 26 79 49 152 186 103 58 158 207 80 222 247 241 47 66 103 108 73 186 141 124 234 62 180 152 54 196 74 154 107 70 115 190 67 80 229
0 240 140 212 120 22 203 68 137 10 121 96 158 244 12 42 240 232 17 255 79 254 180 224 157 138 217 126 94 37 100 37 155 148 217 241 211 12 20 25 185 6 214 81 130 198 221 35 211 6 213 107 161 186 177 110 130 104 113 206 115 88 52 101 94 216 5 211 141 45 29 222 207 221 59 12 104 3 63 206 175 133 155 190 65 138 84 10 140 35 26 119 224 250 143 204 179 41 141 134 219 63 154 225 124 170 196 127 150 52 49 193 93 117 232 96 106 234 128 54 83 127 228 110 125 191 200 183
0 138 15 243 52 20 45 166 136 162 243 153 194 127 52 164 187 19 19 211 254 49 198 172 154 155 199 99 107 165 16 18 112 78 142 128 52 147 101 22 48 22 105 255 34 113 80 131 40 193 49 94 16 187 25 123 172 165 255 229 94 75 211 110 239 163 34 184 218 165 206 80 8 25 95 237 101 23 72 234 221 159 183 73 6 14 22 137 227 20 131 134 154 209 226 206 22 222 255 174 244 180 195 215 106 189 180 29 232 132 184 79 131 140 109 194 4 182 65 219 109 169 251 128 159 26 24 206
0 192 146 110 34 65 59 226 208 30 53 234 26 24 18 121 122 217 180 247 196 79 202 68 68 43 149 255 66 147 37 35 252 48 122 188 158 45 175 198 121 122 58 251 229 248 215 34 212 82 52 78 46 151 186 222 174 77 159 175 33 243 216 29 3 189 36 20 218 113 161 168 153 47 167 220 138 25 113 88 159 157 204 112 83 0 35 170 222 241 154 212 174 164 14 98 42 192 218 172 112 199 23 194 65 170 133 153 20 61 250 247 144 176 84 141 225 225 210 177 14 182 82 141 63 204 70 228
0 215 60 17 16 242 171 187 123 67 173 99 255 134 214 35 23 67 20 50 189 217 38 163 245 80 168 226 122 72 130 62 128 194 228 59 124 76 60 107 77 170 215 127 171 77 199 132 113 98 57 244 211 26 30 67 204 100 148 95 132 254 102 241 37 217 218 24 39 179 202 195 28 60 218 47 182 215 27 29 234 197 206 171 252 165 235 104 90 16 147 169 245 120 157 84 128 63 165 127 176 192 63 188 147 98 221 38 73 216 83 68 205 47 135 95 66 62 92 229 249 45 175 192 43 35 157 74
28 131 58 76 45 71 120 5 222 39 155 106 91 229 208 207 40 30 74 104 110 179 176 172 45 25 22 240 251 48 29 134 37 221 24 238 161 73 56 21 128 37 187 212 139 225 64 165 110 210 195 34 44 133 19 239 116 250 96 211 111 159 207 18 71 4 39 31 207 48 237 175 198 108 165 228 191 124 231 105 155 57 146 44 53 209 64 117 17 240 144 218 16 34 29 192 195 125 156 194 186 211 221 60 216 220 145 41 51 151 75 161 74 177 134 97 112 112 194 198 188 74 27 144 195 253 101 133
0 97 47 39 187 26 200 210 120 47 29 65 115 183 254 142 108 244 96 76 133 233 69 19 192 0 98 73 240 112 162 4 109 30 158 202 134 155 232 213 133 235 188 146 189 86 172 158 247 149 166 182 56 113 239 195 236 46 33 139 26 207 178 202 48 59 115 187 189 130 167 124 245 97 65 239 29 159 4 197 252 198 163 253 221 158 12 151 37 111 98 208 157 110 205 141 199 138 118 127 148 137 161 139 220 12 192 177 228 203 55 153 203 104 74 144 247 139 37 169 74 125 16 79 188 59 25 71
0 131 100 132 255 241 54 123 136 229 45 38 227 223 54 108 4 119 236 200 112 42 148 18 102 171 45 124 248 86 24 37 218 6 54 117 140 60 191 111 252 244 234 20 90 124 176 143 239 71 144 235 181 31 225 26 76 165 40 160 167 33 44 177 69 195 247 189 210 97 143 115 99 55 208 149 190 113 87 31 167 251 23 227 199 42 135 69 154 179 49 100 225 246 1 42 221 61 235 112 74 196 143 189 74 97 189 148 85 103 118 133 115 76 141 29 209 214 228 205 98 182 193 91 253 34 3 186
0 102 242 244 242 191 62 243 22 145 225 178 71 167 220 94 117 16 69 177 81 228 21 252 216 6 31 13 222 221 233 253 123 161 225 121 92 168 146 215 231 44 31 87 224 237 236 148 209 168 124 143 208 152 199 219 149 108 50 154 16 163 166 114 246 44 225 25 184 195 194 130 122 221 183 26 158 84 48 130 47 24 134 153 148 205 187 45 215 199 251 199 196 192 171 149 206 34 70 249 116 193 242 42 238 70 155 104 214 61 173 64 151 133 47 40 24 219 114 240 54 233 156 16 119 140 206 35
0 212 206 38 19 104 113 44 39 125 109 255 21 76 130 238 166 61 51 156 90 172 23 190 103 24 25 157 128 153 65 170 186 186 31 56 37 241 211 207 84 12 216 147 251 14 95 167 249 89 181 248 196 87 140 147 69 78 52 53 11 210 111 64 106 182 129 253 255 105 47 89 86 159 12 202 140 232 169 125 240 180 22 29 144 209 192 97 155 191 201 98 156 59 117 33 175 123 93 107 10 186 49 124 232 115 151 173 228 161 150 7 211 99 76 175 183 197 13 110 11 129 153 162 116 159 59 95
0 107 143 50 144 14 151 105 206 187 58 207 222 25 104 91 26 98 104 24 146 217 246 138 25 174 8 176 152 122 94 141 179 180 143 88 38 82 155 70 254 28 205 188 92 98 53 55 231 67 95 141 93 216 223 126 28 88 209 185 1 96 199 205 148 65 166 223 212 248 37 172 123 100 84 55 45 116 74 50 68 104 180 174 123 60 250 254 25 218 175 101 168 19 12 81 110 116 113 240 78 229 186 212 230 117 11 188 51 94 3 247 142 177 38 240 68 25 183 22 249 218 197 219 81 254 198 219
0 113 198 107 200 32 54 212 152 14 85 34 91 16 33 102 165 255 89 196 56 98 119 153 121 212 252 95 140 132 196 17 111 185 231 15 35 59 83 99 108 80 78 79 68 144 56 89 244 215 228 103 164 125 159 86 1 26 23 108 246 25 40 85 134 49 83 64 144 87 143 183 130 78 175 72 74 201 162 123 201 182 50 114 231 151 235 17 131 126 46 93 181 181 39 93 71 205 152 7 187 155 131 187 27 220 38 89 58 243 197 74 194 244 147 226 181 4 124 23 77 173 76 159 37 99 151 42
0 74 85 76 51 79 52 77 186 64 154 250 18 123 6 75 47 106 50 235 251 252 17 149 206 54 120 191 220 35 155 109 54 137 113 68 201 143 73 224 196 7 43 147 61 149 96 107 211 212 163 226 106 167 245 154 120 101 72 173 139 76 182 105 201 0 241 4 105 130 192 123 27 242 164 75 254 145 164 247 10 71 183 171 127 135 82 72 45 117 106 219 44 245 210 213 68 78 64 142 237 99 81 9 236 26 84 252 117 205 66 48 5 111 157 66 61 253 30 146 23 234 100 117 219 201 133 254
0 74 121 47 160 72 196 185 237 245 0 109 203 255 187 11 137 168 12 203 217 151 13 134 89 42 68 153 240 8 125 18 44 203 154 210 84 245 15 108 221 62 205 239 132 185 170 228 200 231 215 97 139 164 194 193 39 209 165 160 183 50 31 206 63 4 214 170 120 149 178 234 135 185 241 193 155 151 8 251 63 184 243 182 219 160 150 90 22 142 55 12 207 7 177 252 173 167 197 68 234 72 142 56 119 133 183 148 117 146 213 67 110 181 108 95 8 118 151 243 69 146 7 206 4 139 214 212
0 207 26 194 72 249 173 161 40 75 247 96 53 167 54 186 253 99 154 187 38 128 170 75 212 149 50 93 161 35 254 13 73 144 76 131 160 165 160 166 107 64 164 143 66 44 99 226 141 145 207 98 92 131 20 141 147 87 229 71 35 63 12 164 19 54 63 145 87 182 157 36 112 144 131 221 19 63 148 251 63 132 18 69 196 208 93 221 218 24 58 232 9 2 145 24 235 118 172 234 56 77 185 50 64 116 188 254 216 44 193 205 131 40 25 105 108 88 129 48 88 78 152 212 172 223 217 40
0 243 160 47 184 187 116 240 4 103 75 37 233 57 127 79 132 102 194 113 203 213 252 87 88 15 4 141 179 129 63 184 206 25 137 169 43 77 233 11 79 87 235 82 144 218 185 75 108 219 28 86 177 246 131 128 202 128 110 84 216 181 70 161 58 115 59 29 30 193 3 165 175 163 133 63 157 44 184 79 165 5 134 201 61 9 123 190 245 52 198 188 44 161 215 4 173 62 164 128 217 136 188 45 78 10 173 247 212 43 196 183 204 52 171 122 12 135 231 13 102 161 225 205 51 56 249 242
0 152 162 184 216 208 63 197 68 246 90 35 164 65 207 248 73 47 137 72 26 195 156 71 202 179 2 236 108 240 230 82 70 22 91 169 90 31 56 163 197 31 125 58 141 81 206 25 144 15 85 199 70 102 36 199 59 8 19 205 15 65 162 202 162 251 58 127 143 238 14 153 218 101 201 182 0 221 2 68 11 85 240 55 184 71 180 130 62 203 46 94 144 203 114 139 206 0 36 12 136 45 232 34 25 200 153 156 210 134 76 138 253 219 226 111 16 168 234 169 73 147 17 221 248 130 86 179
0 0 160 18 55 85 20 37 166 138 144 137 28 3 147 133 218 207 192 105 221 59 246 117 225 166 117 103 164 153 121 223 0 66 33 253 127 189 121 169 105 99 162 234 107 119 13 44 66 164 30 48 166 120 208 48 64 238 161 49 120 203 131 114 150 9 171 203 31 12 95 105 7 157 64 167 52 46 202 178 71 206 225 92 182 143 222 206 34 193 227 55 128 78 133 164 200 234 144 172 29 9 228 206 236 12 92 73 129 216 3 139 234 2 132 155 137 31 63 155 48 221 125 146 203 56 140 0
0 0 101 57 243 183 29 134 90 222 160 185 93 79 173 180 18 87 11 98 43 165 21 16 245 146 22 105 133 71 206 239 77 188 174 46 19 215 40 94 96 166 23 153 54 113 127 235 55 116 189 203 251 174 176 67 40 210 153 215 89 31 228 0 59 94 148 18 214 85 114 17 238 204 190 105 142 73 146 189 192 162 24 215 98 145 73 202 10 54 59 181 82 152 81 50 57 124 20 177 86 212 149 230 222 217 64 102 111 200 217 41 94 142 188 120 183 79 60 110 240 31 125 206 47 209 201 0
0 0 71 158 84 105 76 254 90 221 241 225 103 221 94 217 3 185 97 99 12 180 91 72 230 142 111 189 83 89 14 37 113 210 197 94 144 33 60 117 155 48 169 174 209 44 48 174 171 39 145 85 101 63 66 173 18 219 67 217 182 215 44 215 216 176 29 226 65 197 100 202 108 149 134 235 218 5 27 21 14 86 43 162 126 19 239 254 69 52 15 20 218 187 167 36 56 217 79 47 169 12 23 223 240 62 23 30 113 239 203 193 99 22 41 114 131 69 47 234 124 155 237 21 198 198 237 0
0 0 213 217 70 167 140 129 240 178 119 85 128 188 244 111 192 253 32 235 238 29 2 10 220 210 185 252 204 248 128 153 232 104 8 64 217 94 180 238 175 120 246 4 90 247 114 75 203 84 139 124 230 92 58 96 133 24 174 102 66 201 222 82 83 73 29 43 200 127 182 201 37 116 52 15 63 218 10 33 136 141 217 87 39 160 100 71 24 42 112 142 87 184 251 96 200 214 139 222 206 215 37 159 175 22 165 219 8 57 194 101 198 79 235 99 227 166 211 130 237 238 12 212 87 247 25 0
0 0 0 45 165 178 179 198 234 221 159 181 21 89 212 172 147 26 45 157 170 217 36 66 77 235 106 123 97 201 109 97 165 242 90 220 17 137 5 211 78 1 224 106 94 221 121 253 40 205 37 160 150 155 187 26 203 171 45 210 244 129 13 126 109 131 18 207 213 72 105 128 255 123 194 131 194 245 127 34 7 5 3 106 63 163 11 11 132 47 133 162 145 252 242 106 24 122 19 150 17 61 191 219 92 241 24 64 106 151 255 226 74 211 172 248 179 248 152 166 169 91 195 250 120 170 0 0
0 0 0 3 248 71 0 11 46 246 224 81 126 44 17 187 237 17 116 141 53 76 176 134 172 195 243 242 28 3 107 57 234 151 7 231 228 70 217 72 95 5 242 120 69 241 45 218 199 41 141 101 206 194 82 202 1 158 224 132 66 19 93 234 244 233 180 118 81 83 81 176 164 246 4 24 83 20 42 25 102 43 77 53 130 30 104 196 150 213 54 47 241 214 171 165 154 72 237 28 84 31 239 217 214 116 2 216 62 187 105 80 109 170 3 131 74 56 253 98 41 123 17 27 3 183 0 0
0 0 0 211 154 114 5 237 177 210 147 92 223 69 115 181 145 189 67 144 31 189 171 195 170 216 137 7 241 43 134 29 47 140 119 1 155 126 113 183 212 58 252 122 16 89 233 164 124 60 109 251 242 186 193 147 112 60 119 255 75 217 92 79 80 245 150 26 210 79 76 196 153 221 93 170 220 89 158 114 53 23 240 95 232 70 84 40 103 179 73 185 95 188 239 228 143 252 134 67 188 217 225 160 141 247 144 163 186 177 129 99 55 142 11 117 236 242 238 7 76 118 186 156 181 50 0 0
0 0 0 161 130 73 59 205 31 202 238 51 95 137 2 11 108 255 203 148 102 3 76 40 15 199 60 168 180 201 77 53 80 80 120 73 51 184 17 61 147 227 198 84 20 238 213 96 41 125 149 174 104 218 116 101 95 223 78 87 212 8 169 117 219 109 172 128 239 41 136 174 195 247 81 65 178 80 148 115 193 154 129 28 51 51 250 178 198 120 127 86 79 252 110 45 57 178 225 173 167 230 22 216 131 69 217 227 173 29 24 206 170 180 52 231 249 211 135 2 176 141 30 141 252 193 0 0
0 0 0 0 49 203 247 34 77 246 18 255 128 254 156 193 98 244 108 118 11 165 58 47 8 80 242 170 81 152 3 143 28 207 212 141 97 157 229 91 177 213 197 17 6 249 191 69 222 75 28 46 184 222 150 52 213 2 204 169 180 75 12 201 131 249 141 92 53 116 154 41 105 44 4 143 107 21 232 25 208 18 221 212 118 113 144 62 53 238 21 22 138 29 192 196 246 194 57 240 112 180 2 21 142 238 211 214 157 220 186 83 126 20 164 222 122 153 73 163 76 52 51 254 137 0 0 0
0 0 0 0 128 119 178 81 215 151 174 249 247 157 174 69 173 103 96 117 209 179 170 203 164 120 205 192 249 33 188 112 82 201 194 59 97 228 24 233 92 82 164 172 8 11 143 76 173 161 238 131 238 40 109 104 84 78 160 133 187 202 0 127 96 128 142 213 116 198 46 109 174 48 149 76 49 129 140 255 157 148 114 148 108 48 28 46 107 3 41 168 169 106 141 226 124 41 139 77 87 3 146 199 44 118 11 155 28 57 241 122 253 171 185 35 150 131 41 98 59 125 76 158 169 0 0 0
0 0 0 0 223 42 35 251 206 46 229 222 239 32 150 5 172 222 160 121 82 9 236 20 170 142 127 195 52 26 159 244 48 238 74 112 135 238 63 220 188 39 35 232 44 17 192 184 67 11 187 72 98 35 90 150 45 96 200 123 56 8 148 6 154 241 131 138 136 91 141 180 196 122 60 83 57 56 108 200 36 229 69 112 247 63 82 66 172 139 179 99 25 172 158 210 95 173 42 138 181 234 88 98 183 149 116 204 112 240 37 41 140 205 150 92 3 40 133 176 140 63 224 124 173 0 0 0
0 0 0 0 0 237 47 69 79 32 237 221 190 73 160 37 78 137 10 186 113 164 233 15 59 180 61 67 21 1 233 36 192 39 111 215 11 220 117 140 174 184 43 193 247 76 1 182 231 100 221 228 119 205 92 170 35 51 173 83 44 159 232 125 149 166 60 225 173 82 109 157 235 228 212 105 178 188 64 168 178 105 216 218 132 112 93 208 212 220 35 252 17 28 228 151 247 140 250 85 161 218 210 36 176 193 169 219 29 96 230 151 16 17 150 73 176 18 26 138 244 52 26 160 0 0 0 0
0 0 0 0 0 179 218 182 120 26 174 214 133 171 213 41 195 28 176 74 180 150 225 94 181 253 196 178 72 144 187 203 224 129 171 210 156 58 6 176 216 25 29 42 70 95 191 203 128 20 126 249 63 52 85 142 53 110 115 211 186 123 148 138 129 146 207 224 244 95 7 83 11 75 1 154 185 249 130 124 161 64 227 176 240 80 3 254 123 92 200 163 178 66 62 2 0 242 39 7 209 32 58 209 230 191 229 10 148 95 86 245 123 31 26 222 8 98 6 229 67 93 52 252 0 0 0 0
0 0 0 0 0 0 154 84 237 18 128 102 204 127 215 29 199 4 115 148 152 196 43 23 55 218 27 137 151 1 26 93 8 10 118 220 159 39 112 231 67 245 204 179 166 168 34 218 105 31 202 159 8 66 0 174 105 13 68 64 234 120 213 42 10 108 18 219 17 101 138 156 249 15 25 184 170 122 178 158 190 233 82 211 85 172 81 112 97 57 94 114 145 214 194 149 104 54 60 21 116 121 62 109 202 167 245 200 15 60 151 95 150 11 142 48 111 207 55 228 64 14 74 0 0 0 0 0
0 0 0 0 0 0 207 239 12 111 157 246 124 235 111 206 77 41 157 50 54 124 101 62 23 201 150 241 104 39 154 151 61 198 18 122 192 185 58 255 147 235 211 152 167 200 100 44 129 172 137 9 231 212 118 46 102 249 121 47 156 91 147 68 252 107 60 147 140 140 204 93 14 129 237 198 2 255 213 42 68 63 110 120 150 239 197 162 168 112 130 2 248 248 126 132 170 29 151 40 141 191 226 222 79 124 188 28 109 170 216 214 98 215 20 39 226 95 97 222 170 181 15 0 0 0 0 0
0 0 0 0 0 0 245 1 73 81 74 77 102 195 58 172 24 54 39 177 242 119 87 240 209 188 36 79 211 69 252 200 169 5 197 221 191 46 209 94 134 176 246 243 201 123 80 135 94 202 98 79 148 106 141 15 80 37 222 241 216 102 81 13 28 239 206 205 28 7 137 179 62 17 162 146 41 40 15 95 47 172 21 164 24 52 51 152 148 124 59 186 137 203 42 151 210 165 177 125 22 144 17 245 54 241 162 121 37 31 190 92 6 220 235 56 28 134 85 94 235 13 114 0 0 0 0 0
0 0 0 0 0 0 0 25 12 154 53 39 149 222 96 128 154 109 88 0 253 72 5 13 87 207 80 52 122 106 69 207 76 67 142 34 102 4 90 209 83 77 86 117 254 25 62 191 65 131 164 255 38 85 220 96 234 246 149 111 105 23 126 247 116 95 99 137 53 44 55 140 50 42 85 58 91 108 161 46 188 178 100 150 225 41 119 3 133 186 199 39 86 110 11 89 119 219 98 73 64 166 222 81 91 13 233 56 11 52 221 105 210 224 56 249 10 131 6 69 220 160 0 0 0 0 0 0
0 0 0 0 0 0 0 23 128 159 88 92 114 183 103 49 108 114 97 67 142 97 203 170 167 209 131 190 183 58 219 91 224 252 164 129 82 106 157 243 210 187 68 4 216 50 137 161 207 158 163 167 24 47 132 196 250 226 203 203 6 240 121 59 113 172 248 94 97 87 93 253 55 210 131 169 106 113 105 246 69 110 85 8 183 158 105 220 22 78 106 106 195 44 29 119 53 96 105 46 160 114 49 114 8 110 153 98 114 158 171 190 234 171 116 34 32 61 3 109 18 229 0 0 0 0 0 0
0 0 0 0 0 0 0 0 169 182 244 87 212 216 105 156 98 248 76 19 128 72 8 228 245 202 27 193 141 230 13 112 66 14 105 52 255 104 105 128 199 125 188 245 94 85 211 133 191 158 206 226 169 205 32 196 141 237 233 86 98 79 35 8 184 251 66 103 236 3 222 51 236 63 206 223 2 185 114 153 81 115 235 132 33 182 110 2 242 72 89 83 25 124 68 93 24 147 142 91 138 94 88 104 101 131 182 206 28 93 56 77 14 222 122 30 109 19 187 136 177 0 0 0 0 0 0 0
0 0 0 0 0 0 0 0 0 212 66 69 74 179 41 34 23 194 247 139 37 234 236 172 148 26 12 94 245 197 160 151 117 118 88 250 50 93 116 12 74 161 151 136 103 41 230 37 196 202 160 194 20 202 237 203 230 61 1 245 141 96 223 39 130 192 63 83 100 9 19 181 231 88 108 235 224 244 132 26 252 154 132 230 191 70 199 234 104 55 162 34 212 70 197 132 34 139 51 227 244 227 66 15 64 173 157 58 29 105 49 253 193 235 124 10 121 222 207 32 0 0 0 0 0 0 0 0
0 0 0 0 0 0 0 0 0 59 9 173 139 252 180 62 240 146 245 203 147 35 131 60 5 114 116 73 103 85 92 206 12 115 195 211 233 240 183 198 210 45 171 156 55 188 45 9 23 113 34 187 62 247 157 25 58 26 102 32 127 24 207 1 166 156 123 191 78 162 117 59 149 71 166 172 115 81 94 10 87 243 109 227 60 138 184 242 75 67 217 178 75 201 210 212 70 181 234 92 40 106 34 38 53 242 131 155 138 45 49 129 106 42 141 246 188 167 78 170 0 0 0 0 0 0 0 0
0 0 0 0 0 0 0 0 0 0 129 29 178 241 161 13 140 63 191 123 251 117 226 103 179 221 165 189 57 108 124 220 255 22 143 163 96 153 12 93 42 102 184 14 7 114 214 182 85 9 155 255 63 221 147 165 184 189 108 210 216 6 182 194 15 68 178 59 56 87 104 171 222 242 21 84 221 199 232 211 241 211 197 177 114 67 46 157 2 152 251 125 203 61 163 117 90 2 16 241 76 239 42 196 230 172 46 168 127 58 134 128 161 66 28 174 6 196 38 0 0 0 0 0 0 0 0 0
0 0 0 0 0 0 0 0 0 0 49 115 22 22 80 148 115 244 138 74 126 87 150 104 181 22 123 22 93 66 138 68 30 203 78 117 236 159 199 241 71 167 231 158 68 83 91 177 108 2 135 116 229 62 180 91 108 148 26 34 234 14 205 85 45 24 188 165 189 162 100 132 58 109 245 50 235 20 48 154 229 179 73 100 155 65 106 244 82 221 18 188 56 206 52 84 208 125 101 172 240 88 251 138 209 136 18 105 8 182 180 205 153 65 52 54 95 186 8 0 0 0 0 0 0 0 0 0
0 0 0 0 0 0 0 0 0 0 0 38 54 213 67 43 132 30 255 176 240 182 235 62 79 164 17 3 127 224 45 238 219 74 33 159 167 57 161 153 69 135 244 119 57 72 183 154 4 102 184 196 91 52 151 121 167 113 62 87 250 141 99 170 195 67 75 68 228 15 56 162 150 140 104 45 15 63 128 11 125 172 230 167 149 217 226 77 32 240 173 204 105 102 38 4 30 169 147 60 28 194 39 150 222 186 134 248 221 76 122 24 96 222 146 253 81 146 0 0 0 0 0 0 0 0 0 0
0 0 0 0 0 0 0 0 0 0 0 0 207 171 132 173 245 238 217 104 140 121 79 82 253 173 251 200 206 82 82 77 147 80 88 201 130 100 96 37 133 64 65 124 253 217 125 138 131 122 203 43 118 7 126 90 109 198 95 211 12 225 226 102 238 241 27 118 127 102 165 96 251 70 255 177 201 174 14 79 43 14 47 123 48 113 51 202 196 127 78 15 119 54 23 233 0 36 103 188 226 152 159 134 211 53 92 23 30 217 150 250 225 17 45 111 230 0 0 0 0 0 0 0 0 0 0 0
0 0 0 0 0 0 0 0 0 0 0 0 47 136 115 87 174 253 174 2 66 9 23 30 78 246 236 23 23 64 38 200 92 91 197 132 166 205 1 77 245 161 215 188 243 134 28 21 178 202 51 119 60 196 98 211 18 133 82 111 172 25 155 221 162 110 241 145 209 185 19 121 61 142 136 76 246 114 149 12 192 160 103 76 126 132 77 133 75 92 101 86 200 177 200 246 14 129 156 160 174 186 67 65 138 169 249 240 104 104 160 13 61 139 239 96 130 0 0 0 0 0 0 0 0 0 0 0
0 0 0 0 0 0 0 0 0 0 0 0 0 236 51 99 85 147 24 87 40 102 123 109 191 116 130 75 24 61 244 117 214 99 187 117 60 111 46 225 2 106 7 191 138 185 183 168 206 60 248 198 30 136 93 167 44 102 123 219 233 36 219 76 159 124 196 82 61 8 46 59 247 249 54 57 78 88 102 209 238 45 132 174 119 4 198 218 86 237 86 241 103 10 195 25 145 96 147 243 28 162 129 56 110 101 216 117 10 39 79 197 207 58 187 178 0 0 0 0 0 0 0 0 0 0 0 0
0 0 0 0 0 0 0 0 0 0 0 0 0 0 34 221 38 71 251 121 85 187 63 244 74 11 94 52 174 123 168 47 238 237 11 20 194 192 207 37 48 72 82 71 111 124 119 16 185 178 15 86 78 31 138 177 140 231 214 61 222 243 120 255 226 155 158 95 109 180 14 122 6 203 75 74 1 49 145 85 188 81 17 170 176 145 62 16 4 161 1 82 193 232 227 3 173 154 141 155 164 229 121 5 74 33 199 214 87 13 107 36 158 210 131 0 0 0 0 0 0 0 0 0 0 0 0 0
0 0 0 0 0 0 0 0 0 0 0 0 0 0 0 233 239 8 38 243 23 189 19 242 218 148 151 107 211 18 167 123 100 163 156 210 169 166 156 167 103 196 78 85 208 207 149 69 199 93 46 248 226 87 251 51 69 95 62 33 136 189 240 10 223 64 239 93 24 4 36 148 195 152 173 30 14 85 105 56 12 249 201 79 228 148 193 253 129 239 230 73 142 198 155 199 255 251 50 217 63 9 141 49 33 22 70 121 110 89 62 44 228 244 0 0 0 0 0 0 0 0 0 0 0 0 0 0
0 0 0 0 0 0 0 0 0 0 0 0 0 0 0 136 151 68 107 248 156 154 242 110 164 2 65 149 214 160 138 7 12 14 241 142 142 106 231 24 22 26 114 163 231 90 224 67 116 118 207 140 103 162 207 133 219 169 36 83 67 216 17 245 255 51 248 145 245 131 30 15 179 70 182 132 199 198 109 29 57 148 203 147 23 71 32 38 200 92 176 164 26 71 160 99 230 137 207 147 40 224 14 189 208 221 133 89 148 251 78 238 239 170 0 0 0 0 0 0 0 0 0 0 0 0 0 0
0 0 0 0 0 0 0 0 0 0 0 0 0 0 0 0 148 138 150 214 135 254 162 16 240 179 82 150 57 37 178 192 246 66 75 228 21 70 210 233 66 75 196 234 134 234 132 159 239 76 178 160 219 175 54 96 160 42 41 179 189 27 160 144 38 34 88 29 26 99 177 37 255 190 5 141 85 25 228 44 80 25 11 254 30 106 215 89 49 4 213 105 133 157 245 24 83 153 24 139 100 197 137 136 63 127 74 236 195 3 149 7 50 0 0 0 0 0 0 0 0 0 0 0 0 0 0 0
0 0 0 0 0 0 0 0 0 0 0 0 0 0 0 0 0 39 126 148 135 220 227 164 111 254 99 154 82 36 112 77 175 170 251 171 137 152 91 74 146 222 247 17 170 174 163 162 104 116 160 0 17 46 164 76 127 234 172 43 210 234 34 49 15 85 203 50 30 41 130 173 53 139 240 147 234 183 23 221 143 245 150 182 121 236 236 23 55 0 138 189 113 82 111 204 213 7 206 74 43 49 65 177 230 85 130 33 191 161 128 254 0 0 0 0 0 0 0 0 0 0 0 0 0 0 0 0
0 0 0 0 0 0 0 0 0 0 0 0 0 0 0 0 0 0 58 40 62 2 63 180 6 166 232 216 54 16 54 109 245 134 98 49 183 120 74 234 204 3 147 54 40 195 109 168 165 113 199 146 221 200 228 155 185 247 140 242 115 164 20 179 10 145 248 121 120 4 18 214 183 194 232 150 95 161 226 105 215 171 42 240 191 65 150 229 154 119 122 11 213 235 98 125 194 166 70 226 183 2 52 103 197 145 100 37 251 227 34 0 0 0 0 0 0 0 0 0 0 0 0 0 0 0 0 0
0 0 0 0 0 0 0 0 0 0 0 0 0 0 0 0 0 0 0 185 68 22 169 185 170 89 236 221 49 16 11 142 53 76 136 132 11 113 237 23 166 36 178 231 181 33 171 15 96 160 92 57 134 168 146 3 190 39 115 56 113 54 172 253 151 7 33 159 218 10 237 168 10 104 40 185 166 204 170 146 206 143 235 55 253 213 232 43 160 165 253 36 75 169 70 118 242 140 252 12 180 111 222 175 121 90 242 143 220 190 0 0 0 0 0 0 0 0 0 0 0 0 0 0 0 0 0 0
0 0 0 0 0 0 0 0 0 0 0 0 0 0 0 0 0 0 0 0 144 3 144 118 94 144 220 20 88 142 202 10 250 20 85 104 178 142 95 156 13 186 210 12 215 79 118 189 240 98 236 15 236 86 231 204 202 2 75 46 91 1 182 33 254 128 179 205 232 84 253 158 78 188 110 9 237 118 212 177 20 191 28 135 226 255 180 110 183 18 9 55 51 19 113 245 16 56 0 63 115 115 149 7 60 241 242 162 184 0 0 0 0 0 0 0 0 0 0 0 0 0 0 0 0 0 0 0
0 0 0 0 0 0 0 0 0 0 0 0 0 0 0 0 0 0 0 0 0 40 49 143 133 34 2 251 234 167 166 143 83 16 166 205 186 203 134 255 248 88 196 230 11 68 10 169 5 134 243 210 165 25 40 29 72 86 253 229 52 25 167 97 188 12 150 100 140 226 13 199 31 191 103 122 155 97 12 133 31 26 219 65 146 121 196 168 187 119 36 80 91 60 218 172 122 162 239 197 106 181 237 203 255 131 213 56 0 0 0 0 0 0 0 0 0 0 0 0 0 0 0 0 0 0 0 0
0 0 0 0 0 0 0 0 0 0 0 0 0 0 0 0 0 0 0 0 0 0 170 97 168 173 29 144 83 108 195 137 22 244 43 84 210 6 107 34 3 154 112 84 187 152 44 160 111 146 121 204 48 116 163 188 72 253 244 213 65 177 2 184 241 98 50 102 244 178 225 140 68 90 60 115 43 23 154 147 252 78 135 213 99 103 228 129 129 177 100 7 69 35 107 13 198 191 159 32 55 113 121 155 33 218 14 0 0 0 0 0 0 0 0 0 0 0 0 0 0 0 0 0 0 0 0 0
0 0 0 0 0 0 0 0 0 0 0 0 0 0 0 0 0 0 0 0 0 0 0 144 118 132 110 234 179 198 39 95 133 28 99 235 67 177 59 190 81 175 229 248 167 191 12 142 220 129 79 106 243 182 181 235 248 117 141 19 250 4 28 221 202 27 126 43 244 161 61 136 218 76 65 155 103 47 177 12 82 216 174 192 167 253 63 79 205 91 166 9 153 1 168 233 126 113 65 252 81 70 221 0 206 131 0 0 0 0 0 0 0 0 0 0 0 0 0 0 0 0 0 0 0 0 0 0
0 0 0 0 0 0 0 0 0 0 0 0 0 0 0 0 0 0 0 0 0 0 0 0 0 139 202 28 100 76 1 203 134 197 246 56 215 248 139 165 211 147 44 180 58 102 15 180 68 121 132 159 108 39 11 85 50 27 221 74 90 92 193 86 64 1 64 21 94 225 54 113 43 125 255 18 202 220 122 212 7 145 212 133 91 140 28 92 91 217 53 139 229 179 80 90 236 250 34 119 119 92 244 57 0 0 0 0 0 0 0 0 0 0 0 0 0 0 0 0 0 0 0 0 0 0 0 0
0 0 0 0 0 0 0 0 0 0 0 0 0 0 0 0 0 0 0 0 0 0 0 0 0 0 213 19 152 30 96 5 77 246 86 143 194 158 58 42 194 35 251 137 77 248 202 194 152 56 84 135 146 64 209 94 106 109 252 193 202 125 17 238 60 148 47 187 160 155 45 53 187 11 73 108 189 229 187 157 242 173 76 201 59 171 111 200 96 49 121 165 66 228 0 79 107 119 2 247 142 14 98 0 0 0 0 0 0 0 0 0 0 0 0 0 0 0 0 0 0 0 0 0 0 0 0 0
0 0 0 0 0 0 0 0 0 0 0 0 0 0 0 0 0 0 0 0 0 0 0 0 0 0 0 42 186 105 13 10 71 127 126 50 14 33 137 40 121 85 199 75 3 228 222 29 167 147 37 81 163 115 41 210 123 208 85 32 76 135 79 197 202 132 204 16 50 107 212 215 13 131 35 132 117 246 153 249 157 118 102 31 139 95 184 98 2 203 58 224 190 14 107 150 99 202 16 144 52 46 0 0 0 0 0 0 0 0 0 0 0 0 0 0 0 0 0 0 0 0 0 0 0 0 0 0
0 0 0 0 0 0 0 0 0 0 0 0 0 0 0 0 0 0 0 0 0 0 0 0 0 0 0 0 0 205 214 119 253 219 63 198 154 128 118 18 56 95 169 233 140 86 134 165 184 239 153 137 175 252 234 185 206 252 246 63 68 52 248 35 64 151 128 51 179 237 33 160 61 36 9 51 33 8 193 48 27 156 240 73 100 219 165 103 49 135 159 63 37 239 124 223 170 5 199 65 0 0 0 0 0 0 0 0 0 0 0 0 0 0 0 0 0 0 0 0 0 0 0 0 0 0 0 0
0 0 0 0 0 0 0 0 0 0 0 0 0 0 0 0 0 0 0 0 0 0 0 0 0 0 0 0 0 0 83 152 179 241 32 8 179 203 192 142 105 57 222 110 11 204 142 86 77 144 163 163 215 164 136 135 7 124 8 232 105 160 31 64 172 230 105 28 106 201 171 247 193 47 158 154 165 58 58 75 145 232 254 105 99 29 45 224 41 120 37 208 35 211 68 74 139 243 190 0 0 0 0 0 0 0 0 0 0 0 0 0 0 0 0 0 0 0 0 0 0 0 0 0 0 0 0 0
0 0 0 0 0 0 0 0 0 0 0 0 0 0 0 0 0 0 0 0 0 0 0 0 0 0 0 0 0 0 0 0 65 219 123 10 96 225 150 190 188 0 67 33 236 155 144 236 169 59 1 176 136 28 24 253 219 251 186 200 108 213 58 0 143 5 180 233 173 174 198 129 200 235 70 123 64 1 50 11 122 178 210 24 209 89 195 135 243 202 246 68 157 220 235 241 73 0 0 0 0 0 0 0 0 0 0 0 0 0 0 0 0 0 0 0 0 0 0 0 0 0 0 0 0 0 0 0
0 0 0 0 0 0 0 0 0 0 0 0 0 0 0 0 0 0 0 0 0 0 0 0 0 0 0 0 0 0 0 0 0 0 91 251 118 26 26 165 232 221 5 95 130 133 140 253 254 111 242 120 207 103 95 168 30 153 133 14 130 103 188 95 217 41 30 100 21 234 21 122 19 0 156 150 132 80 239 134 54 5 128 190 199 250 181 204 67 251 154 82 27 10 13 0 0 0 0 0 0 0 0 0 0 0 0 0 0 0 0 0 0 0 0 0 0 0 0 0 0 0 0 0 0 0 0 0
0 0 0 0 0 0 0 0 0 0 0 0 0 0 0 0 0 0 0 0 0 0 0 0 0 0 0 0 0 0 0 0 0 0 0 138 113 116 174 214 110 226 138 106 219 143 146 172 255 194 19 250 106 168 222 164 58 166 99 250 208 108 210 191 73 115 245 212 17 72 120 9 134 20 93 241 54 136 100 41 170 130 171 102 101 185 179 162 26 250 6 200 231 125 0 0 0 0 0 0 0 0 0 0 0 0 0 0 0 0 0 0 0 0 0 0 0 0 0 0 0 0 0 0 0 0 0 0
0 0 0 0 0 0 0 0 0 0 0 0 0 0 0 0 0 0 0 0 0 0 0 0 0 0 0 0 0 0 0 0 0 0 0 0 0 42 223 122 135 84 11 255 49 1 206 217 252 219 50 125 166 64 194 100 225 138 222 166 134 99 197 8 83 202 187 246 64 221 10 217 199 104 10 249 158 154 207 212 93 10 252 129 138 58 184 11 153 28 91 66 0 0 0 0 0 0 0 0 0 0 0 0 0 0 0 0 0 0 0 0 0 0 0 0 0 0 0 0 0 0 0 0 0 0 0 0
0 0 0 0 0 0 0 0 0 0 0 0 0 0 0 0 0 0 0 0 0 0 0 0 0 0 0 0 0 0 0 0 0 0 0 0 0 0 0 0 254 187 192 36 124 4 195 115 174 125 178 254 248 165 59 253 232 52 23 131 6 38 26 201 77 21 24 60 1 173 95 213 111 172 207 181 178 10 85 2 227 146 32 172 248 104 123 173 51 0 0 0 0 0 0 0 0 0 0 0 0 0 0 0 0 0 0 0 0 0 0 0 0 0 0 0 0 0 0 0 0 0 0 0 0 0 0 0
0 0 0 0 0 0 0 0 0 0 0 0 0 0 0 0 0 0 0 0 0 0 0 0 0 0 0 0 0 0 0 0 0 0 0 0 0 0 0 0 0 0 237 175 215 86 116 27 17 100 149 190 103 141 176 33 179 119 53 25 70 154 133 10 61 229 155 101 255 16 116 179 217 82 133 166 129 19 97 18 183 142 16 76 58 252 89 0 0 0 0 0 0 0 0 0 0 0 0 0 0 0 0 0 0 0 0 0 0 0 0 0 0 0 0 0 0 0 0 0 0 0 0 0 0 0 0 0
0 0 0 0 0 0 0 0 0 0 0 0 0 0 0 0 0 0 0 0 0 0 0 0 0 0 0 0 0 0 0 0 0 0 0 0 0 0 0 0 0 0 0 0 0 131 210 121 30 159 219 224 128 90 100 73 224 97 19 26 212 168 79 111 49 115 21 65 133 50 121 143 4 212 6 122 191 174 50 237 79 213 5 41 0 0 0 0 0 0 0 0 0 0 0 0 0 0 0 0 0 0 0 0 0 0 0 0 0 0 0 0 0 0 0 0 0 0 0 0 0 0 0 0 0 0 0 0
0 0 0 0 0 0 0 0 0 0 0 0 0 0 0 0 0 0 0 0 0 0 0 0 0 0 0 0 0 0 0 0 0 0 0 0 0 0 0 0 0 0 0 0 0 0 0 0 0 209 13 93 162 239 56 22 70 134 158 177 6 18 170 35 203 161 72 30 78 178 119 134 199 172 15 247 244 210 124 71 0 0 0 0 0 0 0 0 0 0 0 0 0 0 0 0 0 0 0 0 0 0 0 0 0 0 0 0 0 0 0 0 0 0 0 0 0 0 0 0 0 0 0 0 0 0 0 0
0 0 0 0 0 0 0 0 0 0 0 0 0 0 0 0 0 0 0 0 0 0 0 0 0 0 0 0 0 0 0 0 0 0 0 0 0 0 0 0 0 0 0 0 0 0 0 0 0 0 0 0 0 114 2 80 199 254 37 149 9 2 50 26 16 250 189 202 148 212 198 177 86 130 112 93 0 0 0 0 0 0 0 0 0 0 0 0 0 0 0 0 0 0 0 0 0 0 0 0 0 0 0 0 0 0 0 0 0 0 0 0 0 0 0 0 0 0 0 0 0 0 0 0 0 0 0 0
