128
0 0 0 0 0 0 0 0 0 0 0 0 0 0 0 0 0 0 0 0 0 0 0 0 0 0 0 0 0 0 0 0 0 0 0 0 0 0 0 0 0 0 0 0 0 0 0 0 0 0 0 0 0 0 0 0 0 0 0 0 0 0 0 0 243 0 0 0 0 0 0 0 0 0 0 0 0 0 0 0 0 0 0 0 0 0 0 0 0 0 0 0 0 0 0 0 0 0 0 0 0 0 0 0 0 0 0 0 0 0 0 0 0 0 0 0 0 0 0 0 0 0 0 0 0 0 0 0
0 0 0 0 0 0 0 0 0 0 0 0 0 0 0 0 0 0 0 0 0 0 0 0 0 0 0 0 0 0 0 0 0 0 0 0 0 0 0 0 0 0 0 0 0 0 0 0 0 0 0 0 0 100 147 89 245 222 7 89 90 60 137 41 54 189 97 220 41 13 207 25 7 79 148 224 0 0 0 0 0 0 0 0 0 0 0 0 0 0 0 0 0 0 0 0 0 0 0 0 0 0 0 0 0 0 0 0 0 0 0 0 0 0 0 0 0 0 0 0 0 0 0 0 0 0 0 0
0 0 0 0 0 0 0 0 0 0 0 0 0 0 0 0 0 0 0 0 0 0 0 0 0 0 0 0 0 0 0 0 0 0 0 0 0 0 0 0 0 0 0 0 0 0 0 0 0 30 45 248 151 165 248 45 242 43 162 154 152 137 228 144 198 78 153 87 52 156 46 161 108 203 172 66 130 129 173 65 0 0 0 0 0 0 0 0 0 0 0 0 0 0 0 0 0 0 0 0 0 0 0 0 0 0 0 0 0 0 0 0 0 0 0 0 0 0 0 0 0 0 0 0 0 0 0 0
0 0 0 0 0 0 0 0 0 0 0 0 0 0 0 0 0 0 0 0 0 0 0 0 0 0 0 0 0 0 0 0 0 0 0 0 0 0 0 0 0 0 0 0 0 223 178 0 7 173 131 223 201 14 20 74 42 98 190 41 240 236 179 35 110 252 52 16 21 219 200 168 188 136 203 148 47 78 3 234 169 136 90 77 0 0 0 0 0 0 0 0 0 0 0 0 0 0 0 0 0 0 0 0 0 0 0 0 0 0 0 0 0 0 0 0 0 0 0 0 0 0 0 0 0 0 0 0
0 0 0 0 0 0 0 0 0 0 0 0 0 0 0 0 0 0 0 0 0 0 0 0 0 0 0 0 0 0 0 0 0 0 0 0 0 0 0 0 0 0 92 236 90 226 218 68 207 255 115 185 191 197 40 194 152 226 141 236 107 188 189 117 44 195 123 94 136 245 103 237 195 48 215 15 208 215 241 247 5 61 13 25 1 159 3 0 0 0 0 0 0 0 0 0 0 0 0 0 0 0 0 0 0 0 0 0 0 0 0 0 0 0 0 0 0 0 0 0 0 0 0 0 0 0 0 0
0 0 0 0 0 0 0 0 0 0 0 0 0 0 0 0 0 0 0 0 0 0 0 0 0 0 0 0 0 0 0 0 0 0 0 0 0 0 0 0 53 200 23 218 178 169 101 239 107 153 95 235 109 62 76 80 227 108 153 186 104 228 243 137 133 250 173 109 220 177 190 182 160 177 107 192 247 167 81 14 235 26 162 208 189 203 153 138 195 0 0 0 0 0 0 0 0 0 0 0 0 0 0 0 0 0 0 0 0 0 0 0 0 0 0 0 0 0 0 0 0 0 0 0 0 0 0 0
0 0 0 0 0 0 0 0 0 0 0 0 0 0 0 0 0 0 0 0 0 0 0 0 0 0 0 0 0 0 0 0 0 0 0 0 0 78 172 45 196 169 155 185 110 74 190 159 126 119 241 129 172 240 24 244 36 49 60 153 106 14 129 71 191 137 136 110 96 36 16 195 224 120 163 57 134 222 148 218 141 232 37 100 129 204 229 33 92 71 180 68 0 0 0 0 0 0 0 0 0 0 0 0 0 0 0 0 0 0 0 0 0 0 0 0 0 0 0 0 0 0 0 0 0 0 0 0
0 0 0 0 0 0 0 0 0 0 0 0 0 0 0 0 0 0 0 0 0 0 0 0 0 0 0 0 0 0 0 0 0 0 0 167 236 23 218 133 214 148 252 103 60 232 17 69 83 112 172 106 43 77 191 74 226 175 123 20 47 251 206 139 14 145 203 253 125 232 218 158 42 53 126 117 100 178 175 25 79 229 252 89 178 82 231 49 83 129 159 8 22 107 0 0 0 0 0 0 0 0 0 0 0 0 0 0 0 0 0 0 0 0 0 0 0 0 0 0 0 0 0 0 0 0 0 0
0 0 0 0 0 0 0 0 0 0 0 0 0 0 0 0 0 0 0 0 0 0 0 0 0 0 0 0 0 0 0 0 0 0 121 1 230 136 107 3 147 156 130 146 253 22 51 147 58 57 244 99 167 197 145 17 172 243 60 159 161 232 82 64 246 135 33 108 254 69 128 91 61 163 241 77 157 59 159 74 214 170 26 170 169 143 73 154 93 136 161 204 60 27 58 0 0 0 0 0 0 0 0 0 0 0 0 0 0 0 0 0 0 0 0 0 0 0 0 0 0 0 0 0 0 0 0 0
0 0 0 0 0 0 0 0 0 0 0 0 0 0 0 0 0 0 0 0 0 0 0 0 0 0 0 0 0 0 0 0 254 51 124 240 200 34 131 25 102 65 220 197 237 88 158 98 97 158 35 196 60 78 31 203 26 12 167 246 138 234 38 21 136 195 204 20 91 102 71 36 187 245 220 211 42 2 53 198 106 202 34 9 118 7 42 60 83 241 167 17 120 231 32 76 49 0 0 0 0 0 0 0 0 0 0 0 0 0 0 0 0 0 0 0 0 0 0 0 0 0 0 0 0 0 0 0
0 0 0 0 0 0 0 0 0 0 0 0 0 0 0 0 0 0 0 0 0 0 0 0 0 0 0 0 0 0 181 17 206 195 160 124 37 114 46 101 12 186 90 245 168 141 7 57 35 106 115 17 171 106 217 230 65 68 13 233 120 250 92 87 58 183 115 133 52 140 148 237 58 80 35 49 205 191 26 4 46 105 101 120 146 64 163 72 164 130 226 236 9 133 186 143 63 178 39 0 0 0 0 0 0 0 0 0 0 0 0 0 0 0 0 0 0 0 0 0 0 0 0 0 0 0 0 0
0 0 0 0 0 0 0 0 0 0 0 0 0 0 0 0 0 0 0 0 0 0 0 0 0 0 0 0 0 237 136 125 170 200 204 235 251 126 109 164 221 241 134 255 135 210 113 28 4 133 71 234 90 19 217 250 96 82 33 19 4 225 82 9 62 203 24 109 98 57 202 191 13 80 218 43 227 216 147 127 250 30 116 28 96 244 214 245 233 217 62 50 58 84 146 201 8 11 246 212 0 0 0 0 0 0 0 0 0 0 0 0 0 0 0 0 0 0 0 0 0 0 0 0 0 0 0 0
0 0 0 0 0 0 0 0 0 0 0 0 0 0 0 0 0 0 0 0 0 0 0 0 0 0 0 2 82 236 196 197 85 213 128 15 97 72 78 123 138 0 108 73 160 212 47 164 152 90 215 65 15 226 45 26 6 41 36 218 46 14 148 131 114 112 100 180 30 234 158 140 73 19 54 95 161 113 156 144 51 222 20 37 171 84 79 124 127 6 7 190 225 236 182 26 144 224 107 219 58 116 0 0 0 0 0 0 0 0 0 0 0 0 0 0 0 0 0 0 0 0 0 0 0 0 0 0
0 0 0 0 0 0 0 0 0 0 0 0 0 0 0 0 0 0 0 0 0 0 0 0 0 0 106 20 97 178 171 124 186 229 16 59 133 96 107 5 40 247 161 38 220 224 224 174 76 132 199 216 244 94 40 226 17 80 210 4 150 159 127 227 233 231 122 99 215 128 232 128 109 212 139 12 14 240 171 133 149 74 68 78 116 50 90 181 90 207 91 152 177 59 171 135 215 131 216 19 77 14 44 0 0 0 0 0 0 0 0 0 0 0 0 0 0 0 0 0 0 0 0 0 0 0 0 0
0 0 0 0 0 0 0 0 0 0 0 0 0 0 0 0 0 0 0 0 0 0 0 0 0 112 154 207 64 125 233 244 228 87 235 96 45 234 210 251 156 163 136 214 6 221 140 231 189 247 36 90 231 198 200 166 14 186 56 154 20 6 242 162 231 187 174 19 123 68 12 174 140 62 113 6 188 69 163 65 206 138 123 246 193 248 210 212 135 219 132 76 195 132 244 145 189 3 98 47 63 188 116 239 0 0 0 0 0 0 0 0 0 0 0 0 0 0 0 0 0 0 0 0 0 0 0 0
0 0 0 0 0 0 0 0 0 0 0 0 0 0 0 0 0 0 0 0 0 0 0 115 67 205 251 234 23 224 170 64 146 115 120 156 21 215 160 4 186 57 31 164 109 236 49 247 145 150 239 223 49 76 177 87 141 55 76 233 6 68 54 167 119 104 151 217 69 249 225 113 124 243 240 18 229 67 114 162 37 100 21 49 94 133 111 255 122 88 193 102 58 180 47 3 127 239 86 177 98 133 5 190 221 63 0 0 0 0 0 0 0 0 0 0 0 0 0 0 0 0 0 0 0 0 0 0
0 0 0 0 0 0 0 0 0 0 0 0 0 0 0 0 0 0 0 0 0 0 174 237 245 41 200 188 117 61 33 223 127 110 164 251 208 237 31 76 167 0 202 201 43 165 138 12 40 220 105 177 33 232 188 154 42 109 24 209 88 142 203 77 29 226 55 187 144 50 34 218 120 12 28 114 158 186 86 192 156 237 255 43 83 205 79 137 169 128 129 220 76 32 113 52 104 21 247 128 184 141 4 71 236 142 130 0 0 0 0 0 0 0 0 0 0 0 0 0 0 0 0 0 0 0 0 0
0 0 0 0 0 0 0 0 0 0 0 0 0 0 0 0 0 0 0 0 0 69 71 62 35 174 95 38 56 131 69 3 79 238 188 101 245 219 73 35 4 3 192 238 154 69 158 106 108 1 54 72 251 35 51 88 139 240 172 70 109 86 28 230 27 174 152 71 71 60 245 98 177 246 51 150 83 16 120 242 170 51 116 75 244 31 234 212 152 54 116 250 243 181 46 58 253 221 245 210 178 17 19 128 128 37 125 70 0 0 0 0 0 0 0 0 0 0 0 0 0 0 0 0 0 0 0 0
0 0 0 0 0 0 0 0 0 0 0 0 0 0 0 0 0 0 0 0 206 205 153 116 130 236 173 238 81 119 104 40 202 28 188 134 224 5 144 244 174 164 104 246 206 61 163 148 234 252 132 169 234 121 193 233 209 142 206 96 82 119 230 73 74 128 155 3 50 11 129 182 89 156 146 205 45 129 121 12 150 84 93 82 78 212 134 248 68 177 142 22 203 28 123 25 140 99 124 11 136 156 24 1 100 143 45 251 110 0 0 0 0 0 0 0 0 0 0 0 0 0 0 0 0 0 0 0
0 0 0 0 0 0 0 0 0 0 0 0 0 0 0 0 0 0 0 92 136 158 124 44 183 77 90 145 240 158 152 149 59 212 55 94 217 189 56 166 108 90 12 222 46 145 78 26 173 96 233 20 116 143 204 51 70 244 154 215 178 93 104 72 72 97 40 172 119 205 164 75 36 22 140 154 98 180 247 53 58 18 32 169 77 108 220 135 242 33 98 161 150 39 40 196 88 248 236 221 217 149 160 144 228 117 68 88 17 254 0 0 0 0 0 0 0 0 0 0 0 0 0 0 0 0 0 0
0 0 0 0 0 0 0 0 0 0 0 0 0 0 0 0 0 0 30 5 61 222 253 45 49 136 238 243 201 54 209 81 36 179 164 38 74 168 126 111 30 131 176 110 252 0 193 95 10 68 177 161 30 71 232 89 143 195 26 167 133 139 98 191 8 123 226 106 65 110 165 229 191 241 192 45 135 139 134 97 249 43 43 11 197 24 202 163 148 36 8 182 121 119 247 145 167 194 162 226 148 36 150 119 239 206 111 156 172 149 69 0 0 0 0 0 0 0 0 0 0 0 0 0 0 0 0 0
0 0 0 0 0 0 0 0 0 0 0 0 0 0 0 0 0 80 45 182 142 139 146 99 94 246 83 210 213 71 129 123 76 158 100 62 53 249 236 130 131 217 97 133 78 61 152 189 5 94 163 209 181 95 26 253 120 13 9 93 103 238 16 24 196 85 219 89 140 88 245 87 56 108 103 186 67 175 204 185 137 211 80 237 153 114 219 50 199 145 113 187 221 0 215 172 170 192 67 97 37 112 19 211 244 8 238 202 221 148 127 186 0 0 0 0 0 0 0 0 0 0 0 0 0 0 0 0
0 0 0 0 0 0 0 0 0 0 0 0 0 0 0 0 222 141 83 29 12 246 162 162 206 79 166 115 133 10 98 8 126 141 157 42 121 12 4 181 82 33 230 147 17 107 88 11 207 131 75 95 22 158 76 61 6 138 38 213 135 129 42 195 113 188 141 144 41 94 115 245 73 242 148 216 143 139 168 254 162 113 151 200 10 73 78 201 118 33 108 1 221 5 204 115 62 178 21 52 209 250 242 136 47 53 125 234 160 222 202 103 183 0 0 0 0 0 0 0 0 0 0 0 0 0 0 0
0 0 0 0 0 0 0 0 0 0 0 0 0 0 0 123 194 6 128 50 177 250 56 122 50 222 177 57 27 183 31 67 41 15 237 130 141 165 255 230 5 173 201 119 251 218 198 120 79 47 232 237 56 47 81 220 175 53 126 106 23 64 108 59 137 32 181 55 122 252 19 58 107 106 5 101 240 45 153 241 222 246 194 82 119 39 91 103 88 188 74 129 217 19 127 122 128 125 250 43 95 102 229 150 99 103 10 100 75 13 224 213 64 204 0 0 0 0 0 0 0 0 0 0 0 0 0 0
0 0 0 0 0 0 0 0 0 0 0 0 0 0 0 247 171 66 24 228 223 119 130 192 27 1 136 38 134 139 74 0 96 31 186 83 29 53 181 64 125 87 7 4 26 226 125 80 184 183 232 203 246 155 178 128 232 64 4 14 1 154 183 55 250 50 40 138 58 186 101 162 214 164 58 77 228 246 219 236 66 202 165 175 134 126 222 130 108 122 178 18 215 203 63 140 245 49 53 239 145 169 104 172 57 120 33 81 1 122 192 178 82 32 0 0 0 0 0 0 0 0 0 0 0 0 0 0
0 0 0 0 0 0 0 0 0 0 0 0 0 0 116 143 76 187 246 40 144 63 52 125 149 77 4 40 37 153 124 143 21 23 169 154 11 165 234 187 81 89 71 216 49 116 33 127 95 55 25 107 38 176 32 220 35 26 175 61 2 150 30 32 120 53 77 216 150 240 18 250 241 113 208 31 148 220 14 74 78 179 222 250 63 112 181 19 67 227 23 146 35 165 127 205 216 118 167 119 57 39 177 205 233 162 222 102 0 249 94 145 251 19 181 0 0 0 0 0 0 0 0 0 0 0 0 0
0 0 0 0 0 0 0 0 0 0 0 0 0 223 227 82 15 104 138 175 101 154 201 151 77 180 67 0 133 12 208 127 167 5 182 78 148 99 13 235 22 113 158 63 153 125 98 192 77 206 147 137 210 137 106 225 151 213 51 175 201 81 252 193 29 12 87 135 48 190 48 176 169 18 35 5 108 179 208 234 224 74 235 249 154 188 5 225 101 20 113 13 163 159 245 35 5 163 115 87 147 149 216 191 142 66 235 63 29 80 172 223 220 12 35 63 0 0 0 0 0 0 0 0 0 0 0 0
0 0 0 0 0 0 0 0 0 0 0 0 20 213 159 32 218 34 9 202 33 115 206 228 88 114 222 127 1 224 15 197 183 254 233 142 126 187 195 193 160 140 82 28 215 15 198 45 135 105 236 109 216 247 139 221 216 173 221 134 108 125 230 153 70 162 171 13 6 54 73 35 0 148 16 45 220 42 48 220 251 95 129 215 187 5 49 34 214 20 249 236 69 184 59 208 59 237 244 186 206 166 161 73 231 88 8 53 118 89 76 14 105 115 118 70 244 0 0 0 0 0 0 0 0 0 0 0
0 0 0 0 0 0 0 0 0 0 0 0 40 145 89 111 107 208 154 213 196 169 22 246 244 150 68 253 77 173 42 12 114 203 247 38 111 35 209 161 161 214 205 207 208 49 238 230 79 247 199 244 75 220 5 44 150 118 190 41 176 9 38 135 39 207 144 179 48 70 152 225 1 168 34 114 91 5 208 149 85 92 36 92 121 235 121 15 115 165 218 11 164 190 173 155 15 18 1 112 38 242 180 150 104 128 131 251 135 203 250 121 146 92 94 61 120 0 0 0 0 0 0 0 0 0 0 0
0 0 0 0 0 0 0 0 0 0 0 191 32 3 204 237 157 101 127 125 177 23 251 161 79 129 142 250 151 177 73 159 93 126 122 239 170 100 192 66 104 187 196 34 78 27 39 76 201 208 61 241 193 145 119 15 188 40 215 212 57 107 118 15 140 24 39 124 200 108 53 4 55 142 101 194 35 188 50 170 189 225 227 240 99 182 78 187 90 45 137 109 155 84 120 83 9 49 169 109 14 226 26 173 85 25 102 221 111 47 251 217 22 205 97 0 51 243 0 0 0 0 0 0 0 0 0 0
0 0 0 0 0 0 0 0 0 0 79 12 91 87 135 76 101 49 108 166 2 149 44 17 247 39 93 12 207 200 182 196 70 56 191 211 218 30 74 215 128 122 150 84 188 218 96 199 198 78 208 177 145 224 183 165 200 4 180 250 97 99 174 10 162 94 121 207 37 31 229 236 96 232 215 62 52 90 122 27 177 70 151 30 162 126 242 64 253 26 229 70 50 137 64 60 131 253 172 62 118 5 111 139 38 46 157 148 80 128 211 179 61 43 128 147 118 109 12 0 0 0 0 0 0 0 0 0
0 0 0 0 0 0 0 0 0 0 200 234 243 15 140 13 205 19 233 122 14 148 249 76 136 131 163 14 133 132 81 18 117 238 165 148 230 41 174 164 20 145 153 66 104 46 184 164 210 224 73 137 234 117 252 78 121 190 135 103 135 229 120 5 167 45 58 20 85 135 170 122 51 249 49 214 73 241 74 71 50 38 121 229 226 180 84 97 146 207 234 59 171 177 106 15 80 99 204 237 109 194 79 96 132 153 92 143 60 3 160 232 48 44 233 84 51 28 72 0 0 0 0 0 0 0 0 0
0 0 0 0 0 0 0 0 0 196 148 181 187 152 168 55 20 50 239 159 252 177 93 193 147 31 119 116 167 35 175 137 137 205 93 82 183 33 209 20 40 1 220 218 178 132 228 56 2 108 8 241 199 182 175 127 71 246 233 135 252 156 138 138 238 96 77 218 220 28 148 119 219 203 171 229 132 239 37 157 208 227 231 112 121 54 114 204 12 155 161 164 153 218 129 71 4 174 38 172 240 219 17 210 175 90 124 235 92 175 0 82 210 29 255 252 18 166 236 125 0 0 0 0 0 0 0 0
0 0 0 0 0 0 0 0 0 83 108 20 217 172 32 202 166 34 65 247 35 121 40 184 20 222 193 126 6 112 233 136 130 121 113 114 190 253 222 237 80 193 177 126 73 5 132 119 68 69 175 74 86 99 34 64 80 115 15 26 63 104 44 65 36 168 145 249 72 201 24 199 71 176 102 243 130 230 30 201 74 141 199 56 196 243 52 177 216 18 207 174 102 141 211 33 156 93 30 109 20 138 192 157 98 169 73 129 94 236 197 238 12 32 216 245 29 109 20 254 0 0 0 0 0 0 0 0
0 0 0 0 0 0 0 0 212 235 130 137 230 201 42 1 87 28 195 101 102 51 129 63 39 1 127 180 22 42 148 102 60 106 202 166 166 234 146 211 144 201 189 240 117 125 243 154 203 245 166 76 226 167 144 54 207 248 155 80 70 6 9 140 109 231 24 241 103 105 223 147 97 198 60 173 146 60 241 227 245 223 67 95 146 19 181 26 105 6 235 99 148 205 189 74 14 220 104 10 148 39 60 47 107 93 58 31 219 246 83 77 154 95 222 204 224 75 68 3 56 0 0 0 0 0 0 0
0 0 0 0 0 0 0 243 12 242 24 179 209 99 46 116 125 81 90 152 239 164 176 1 215 45 61 176 255 2 90 26 1 33 162 217 20 84 66 191 223 154 7 237 86 254 33 15 80 113 126 205 192 52 13 150 91 8 102 121 153 223 82 67 230 112 203 100 254 158 248 194 26 238 191 88 208 220 119 250 121 122 128 248 84 97 3 91 120 178 92 209 5 8 59 253 21 217 104 247 34 201 77 48 129 192 177 167 136 129 178 105 158 15 14 125 71 82 165 14 193 4 0 0 0 0 0 0
0 0 0 0 0 0 0 233 230 202 155 143 180 6 69 167 116 29 77 250 60 166 106 62 45 99 13 224 158 224 63 34 232 63 80 61 148 9 69 63 104 152 204 244 172 63 138 97 39 228 142 53 114 62 104 43 226 150 18 91 158 151 200 204 234 229 189 21 38 25 123 158 178 115 43 34 184 63 8 156 195 171 230 57 169 207 178 163 217 75 253 241 72 208 88 10 139 53 137 162 8 111 135 21 140 221 148 239 185 226 39 89 252 144 204 2 59 239 51 239 220 221 0 0 0 0 0 0
0 0 0 0 0 0 170 82 122 247 153 38 11 165 142 113 52 20 115 58 54 111 203 160 97 80 222 80 227 2 102 129 173 178 180 193 206 122 162 208 146 45 59 87 154 183 92 10 246 175 80 155 48 33 253 55 78 31 171 132 192 162 40 46 239 205 51 191 2 30 13 227 135 113 87 225 207 60 0 79 94 78 42 114 18 233 7 49 29 185 133 231 197 220 57 184 57 80 193 76 84 130 50 82 76 28 168 65 50 159 25 71 16 54 151 125 164 14 57 208 153 231 223 0 0 0 0 0
0 0 0 0 0 0 94 241 39 77 244 202 236 126 201 226 240 225 245 107 32 71 198 171 159 57 64 141 237 4 101 131 191 147 17 128 160 36 253 43 99 174 6 98 179 68 25 236 162 238 231 61 170 185 18 3 183 19 43 41 1 233 175 25 26 176 198 213 75 18 169 235 59 65 117 87 37 151 222 28 72 225 34 67 150 151 112 217 147 54 236 229 111 122 225 72 146 30 29 1 61 232 182 25 47 54 110 13 84 233 213 194 234 167 59 41 74 90 221 243 38 244 180 0 0 0 0 0
0 0 0 0 0 0 173 216 222 115 53 90 121 229 246 52 164 200 137 225 171 216 114 74 211 128 126 153 212 47 178 113 177 57 43 19 140 5 196 71 24 42 91 179 71 219 125 197 174 51 194 73 98 16 203 164 48 173 220 27 192 249 79 234 216 21 37 104 42 213 204 198 150 7 255 76 226 187 166 12 14 140 135 208 57 24 234 154 154 199 147 102 110 219 5 204 89 251 80 3 137 234 230 11 185 25 114 174 145 105 30 62 39 203 151 136 241 62 151 218 129 255 120 0 0 0 0 0
0 0 0 0 0 31 28 130 19 216 99 58 35 169 12 140 64 226 135 116 180 36 227 133 54 183 206 93 151 255 71 251 202 164 197 201 229 242 143 250 3 85 155 183 204 184 127 202 72 120 86 200 13 89 209 198 9 235 210 185 7 67 230 165 24 149 132 196 109 254 197 231 236 191 46 76 243 244 235 144 25 73 109 26 208 40 94 202 0 217 221 133 179 66 246 201 94 104 220 114 211 139 183 12 135 158 162 138 252 74 240 94 128 212 78 109 244 72 106 80 252 95 138 110 0 0 0 0
0 0 0 0 0 146 162 129 240 24 113 89 12 234 170 245 72 63 79 80 241 244 233 168 118 176 183 87 169 90 63 232 255 97 2 227 29 160 160 116 58 235 132 9 23 135 252 127 176 220 126 120 190 250 43 237 131 235 52 11 235 42 120 173 147 73 29 50 216 241 253 99 232 36 243 216 217 207 211 124 216 24 190 12 77 158 73 109 43 65 220 3 132 227 79 97 128 1 128 66 15 27 109 53 123 87 131 248 110 34 158 37 190 152 114 241 111 174 241 114 136 210 67 215 0 0 0 0
0 0 0 0 93 2 141 181 144 153 145 170 115 122 53 139 45 45 113 62 40 56 42 74 37 171 39 127 78 201 110 50 212 165 239 83 217 132 140 82 15 105 11 41 181 147 244 253 119 214 44 165 85 32 60 59 231 233 145 161 143 206 233 200 87 3 140 84 200 68 202 86 10 219 84 244 92 86 196 7 165 161 96 90 108 157 43 197 16 136 178 133 93 172 118 11 81 228 165 9 71 52 243 165 9 170 9 119 216 9 101 201 88 48 40 27 73 240 170 47 78 114 46 73 126 0 0 0
0 0 0 0 16 105 186 146 103 253 177 103 205 238 165 3 52 190 126 229 240 75 30 215 43 155 205 61 242 158 9 182 31 74 22 40 208 87 70 232 150 77 127 102 126 63 223 21 45 72 63 103 235 113 43 144 160 29 178 106 220 160 105 64 161 215 5 167 204 23 215 103 149 49 87 128 15 142 152 83 234 142 51 162 157 253 78 221 197 189 216 100 113 195 198 1 204 117 86 197 54 125 213 84 119 101 42 130 135 136 58 46 45 1 124 200 122 146 35 111 64 255 16 212 106 0 0 0
0 0 0 0 64 110 252 92 98 238 147 106 32 169 234 242 217 230 131 174 34 249 238 191 186 142 198 56 11 61 235 0 63 144 172 197 149 46 100 173 23 136 151 233 9 148 211 238 221 105 121 235 5 167 79 220 86 214 76 25 201 245 108 122 219 15 149 63 54 251 123 190 250 65 44 138 207 167 93 228 198 118 14 166 116 170 103 203 84 156 64 7 165 204 12 149 7 76 7 63 67 102 109 79 24 232 36 87 222 160 132 202 26 18 225 184 42 156 84 102 43 154 0 6 69 0 0 0
0 0 0 38 117 222 233 23 3 196 62 42 110 152 248 123 187 67 252 22 109 135 248 187 95 32 95 66 89 111 87 14 157 243 11 137 194 87 192 35 107 92 223 164 239 21 51 105 155 140 105 6 144 60 150 253 62 236 101 11 199 121 1 9 252 239 198 24 187 150 47 149 186 18 56 225 172 160 210 117 139 78 44 78 174 228 150 251 35 198 28 0 203 14 95 52 74 145 176 114 182 55 87 85 109 66 98 192 102 253 178 133 177 169 11 132 127 15 35 200 68 3 22 203 120 163 0 0
0 0 0 16 166 51 211 13 171 244 207 136 218 57 144 183 195 100 73 135 168 58 90 169 58 180 240 51 236 95 142 203 56 201 115 2 62 173 23 98 34 97 248 185 134 192 181 193 88 117 76 82 199 254 21 188 140 166 126 176 246 233 156 23 93 56 184 242 208 186 100 109 241 36 61 103 234 46 106 77 81 227 0 204 81 9 235 173 189 249 73 192 55 20 214 38 147 82 163 27 173 47 28 142 155 35 118 215 153 35 151 0 135 141 147 111 153 194 72 160 177 55 166 88 195 180 0 0
0 0 0 116 255 38 238 57 126 10 210 145 253 84 32 34 53 81 16 124 128 169 233 97 224 98 86 92 76 89 2 164 161 154 37 245 90 132 171 45 177 38 28 246 251 88 201 184 110 79 199 84 167 212 79 157 26 4 155 173 114 136 197 158 46 84 154 187 245 91 61 118 97 26 192 91 203 63 116 72 157 86 20 240 8 60 104 178 53 28 44 48 113 135 128 110 130 251 3 245 200 78 245 137 247 144 127 177 25 60 147 9 201 229 122 148 223 37 62 135 70 21 252 95 84 161 0 0
0 0 0 253 155 89 51 179 6 121 167 71 158 195 151 21 98 127 125 135 190 191 0 5 102 43 153 231 195 214 41 57 227 85 164 166 250 136 232 45 154 188 94 234 242 35 24 255 11 157 116 111 91 237 115 122 179 30 53 193 254 42 251 248 205 119 163 238 57 139 247 186 103 169 121 40 160 137 175 200 117 135 154 222 77 177 185 58 214 72 52 113 123 87 247 100 191 76 245 160 255 8 82 134 29 131 108 96 186 142 44 182 44 45 42 152 220 79 190 71 16 54 241 184 192 24 0 0
0 0 26 82 14 234 17 234 105 240 85 233 78 101 71 26 245 111 7 204 1 84 25 217 46 234 199 128 241 231 219 68 121 62 162 132 10 207 32 29 208 78 65 165 30 217 241 91 210 50 135 4 180 224 74 164 79 115 205 46 204 221 216 137 194 254 3 242 68 44 117 229 81 232 151 129 196 156 125 60 145 20 35 99 11 229 175 69 237 90 105 108 49 231 184 72 83 129 160 187 216 58 203 137 36 234 59 59 86 90 31 66 118 203 92 18 239 203 14 220 151 86 64 143 136 172 227 0
0 0 231 53 224 209 18 0 195 186 167 75 194 143 4 32 109 43 114 206 229 30 153 70 59 116 241 188 92 216 167 99 209 21 22 17 135 251 219 191 1 149 182 65 197 233 41 170 240 7 130 207 115 35 53 38 252 109 45 162 184 170 191 147 43 232 238 167 119 54 207 81 13 35 96 0 205 72 24 169 79 102 190 227 32 86 93 43 151 158 144 150 13 247 223 146 129 90 37 9 130 123 214 75 198 191 101 155 30 210 233 179 3 229 116 14 229 107 202 136 55 99 223 57 101 108 139 0
0 0 130 207 134 186 34 238 66 68 63 251 201 135 180 206 149 18 114 33 189 90 147 209 6 59 64 215 250 2 230 235 72 199 69 102 213 73 191 157 175 222 191 117 249 66 210 26 139 252 239 100 87 25 61 117 108 154 166 146 137 178 210 105 182 114 54 126 193 212 98 254 64 93 245 130 20 96 136 167 140 112 16 187 250 72 220 122 37 73 128 208 93 189 157 88 192 57 140 237 1 248 203 85 218 30 181 210 6 112 204 185 20 218 212 24 40 6 71 206 70 241 154 82 181 204 124 0
0 0 93 250 69 3 135 56 75 36 84 15 13 183 85 175 32 151 222 32 169 218 67 132 58 44 17 31 36 122 3 103 156 160 176 159 193 0 105 192 48 54 45 32 163 104 157 213 197 18 169 129 88 10 123 194 49 151 233 87 64 11 146 12 169 171 153 188 134 145 53 2 63 235 52 36 154 52 58 149 13 126 140 166 38 132 216 210 152 103 29 56 135 159 221 254 179 225 241 241 2 124 31 239 231 233 1 66 134 251 99 60 41 57 99 230 228 138 30 212 74 44 156 174 36 44 78 0
0 203 148 13 168 158 174 0 194 211 108 62 178 50 112 182 190 242 254 103 96 99 14 21 93 84 97 33 189 243 57 68 141 7 70 26 96 33 62 205 145 65 121 181 227 187 158 48 1 31 85 22 208 124 78 174 202 107 129 182 109 125 18 220 69 247 64 196 248 117 209 159 144 67 47 119 102 25 40 129 190 83 198 252 185 131 242 135 200 233 174 117 35 172 64 81 117 7 179 17 157 26 64 165 141 175 141 123 166 34 50 90 88 134 180 150 173 76 176 210 103 55 241 75 225 128 209 100
0 121 20 151 131 218 8 54 127 226 122 62 251 132 112 90 238 223 66 193 52 91 99 175 212 55 128 196 125 236 37 150 20 62 175 14 176 199 218 113 134 166 214 242 66 135 175 141 170 53 181 176 134 226 187 231 150 14 169 150 122 67 10 222 88 30 248 134 114 233 40 88 104 166 36 27 184 151 33 177 163 138 180 135 127 142 156 108 96 97 250 66 99 145 140 233 66 115 96 29 164 93 162 58 70 244 37 31 168 138 82 54 185 194 50 122 89 52 208 14 146 87 248 137 43 220 33 77
0 72 60 197 228 99 142 68 251 166 1 226 231 70 252 197 147 223 174 170 155 201 98 76 125 177 191 189 188 49 82 14 166 181 168 97 64 68 127 179 233 203 106 161 93 117 95 76 86 128 171 82 132 88 202 161 177 40 167 201 135 126 181 170 60 41 100 210 117 87 128 48 231 39 82 65 7 19 10 246 251 71 201 242 131 55 9 192 5 192 54 67 68 217 95 38 122 237 184 98 198 229 229 128 225 2 141 120 6 23 100 134 114 215 194 188 195 50 16 249 44 84 236 211 247 191 33 71
0 231 12 200 175 168 240 240 178 240 32 2 51 91 204 202 193 203 242 212 17 193 48 7 128 28 118 128 228 63 175 201 112 170 236 242 186 64 75 3 255 166 231 21 201 233 67 61 183 230 229 94 125 239 92 240 132 36 147 163 250 190 60 124 169 57 158 199 213 164 38 116 106 98 17 187 49 119 119 211 13 41 22 201 83 186 191 11 150 244 103 211 150 98 190 63 69 24 182 79 250 175 241 20 242 158 109 216 220 76 156 139 10 21 189 101 2 71 102 253 68 43 170 200 208 81 27 145
0 145 194 184 215 243 235 241 169 13 238 213 28 9 226 196 193 160 83 128 76 53 232 88 145 36 113 140 128 113 171 41 139 57 36 65 111 158 72 68 24 174 49 6 16 200 167 96 123 197 250 45 104 38 150 57 92 119 123 15 210 94 124 184 190 187 161 9 219 111 204 150 138 194 242 242 120 157 223 184 146 224 197 19 97 95 95 246 0 231 49 52 85 187 45 10 210 166 125 26 145 40 71 39 32 103 8 10 219 91 173 63 171 42 4 40 178 234 62 171 134 203 57 33 173 186 141 187
0 57 33 141 199 226 67 105 85 147 134 242 61 117 61 34 6 226 70 192 21 41 178 148 81 83 10 207 156 9 231 245 152 36 64 118 237 27 222 81 211 133 108 233 234 240 56 184 35 255 107 177 200 62 66 249 63 69 218 186 252 163 218 39 17 246 121 236 135 198 187 132 154 117 143 115 125 63 236 129 166 163 207 187 159 100 249 174 227 145 175 119 72 247 144 134 195 14 161 178 144 166 28 24 251 158 184 156 248 213 41 40 80 219 215 212 104 187 185 173 41 113 207 94 167 162 161 29
0 57 221 243 10 119 95 185 16 107 105 65 86 37 218 162 129 33 151 188 195 110 210 16 50 115 248 235 88 172 113 194 237 192 23 16 140 138 34 193 64 95 180 212 175 166 248 209 216 23 233 105 90 242 235 24 61 198 165 218 233 81 175 119 15 119 225 23 37 191 31 245 175 137 151 158 120 2 106 244 250 125 33 48 224 203 187 217 135 153 231 119 149 29 185 154 183 120 9 124 46 156 44 137 205 10 196 219 195 29 254 180 255 44 170 25 148 99 76 244 255 186 152 152 213 127 51 87
0 45 158 42 165 18 118 29 254 167 98 64 182 112 161 115 96 147 209 153 25 9 162 195 104 14 221 193 105 234 98 202 180 24 78 189 105 101 172 12 105 39 62 66 237 238 63 31 208 39 202 77 183 86 126 200 32 126 30 160 85 138 74 167 198 185 126 141 79 228 114 94 96 28 211 75 93 55 75 239 121 137 222 220 69 144 0 214 31 5 119 249 38 215 23 164 1 160 45 239 70 3 186 84 251 50 95 121 175 13 210 77 212 195 55 187 208 11 213 139 229 174 30 141 228 145 217 65
0 232 240 11 167 188 176 112 203 217 225 178 210 217 183 247 19 88 214 26 117 80 253 10 164 159 140 25 138 20 158 85 137 231 241 248 132 125 217 143 205 206 52 76 207 164 176 116 76 36 65 177 248 161 137 107 84 134 199 46 248 119 47 146 235 34 207 170 177 175 218 202 148 231 38 243 88 251 184 1 242 31 146 117 247 182 202 113 125 241 107 175 204 222 5 38 64 110 63 79 200 138 213 40 104 31 147 195 227 238 138 35 113 145 81 91 214 209 99 45 66 53 174 68 6 146 134 112
0 157 126 190 40 183 201 84 79 209 237 201 50 112 42 177 44 19 34 99 181 143 254 118 255 18 63 32 84 78 0 119 67 106 35 208 101 84 188 245 122 36 175 113 173 158 198 189 235 3 239 17 96 208 242 246 185 211 24 92 132 8 17 194 220 56 244 78 94 148 64 240 30 45 172 254 221 51 240 29 62 245 180 78 26 245 254 205 112 65 78 82 38 15 142 67 196 203 233 208 245 226 188 170 14 159 221 246 202 116 199 47 214 69 25 31 13 107 209 181 140 181 147 150 22 163 9 97
0 247 238 114 141 107 85 60 49 50 148 167 37 37 244 166 38 175 169 133 209 109 132 184 34 177 236 139 61 6 66 66 173 183 66 195 49 95 62 132 4 21 104 251 105 209 111 93 139 171 197 135 52 176 41 142 167 248 54 69 253 169 103 1 248 28 249 184 170 102 41 242 171 43 51 193 169 166 126 152 104 138 130 105 175 190 53 169 182 220 62 29 208 181 18 44 160 79 89 240 0 206 209 189 142 250 216 202 215 108 77 108 223 2 40 252 136 21 157 110 131 30 219 231 83 75 129 170
84 115 3 216 196 166 184 81 223 216 90 6 205 228 253 160 223 131 183 63 44 8 239 183 93 48 21 68 212 126 69 200 164 110 174 158 86 221 119 129 127 135 179 132 136 23 27 119 47 77 93 81 211 73 180 67 153 118 89 82 138 54 221 97 78 152 5 222 199 122 71 121 145 63 203 26 229 229 93 50 230 133 34 176 14 12 9 45 35 49 29 149 240 223 74 151 163 230 133 37 56 165 77 120 115 7 223 249 119 199 192 26 27 70 171 234 78 250 229 82 136 122 47 13 224 128 203 36
0 213 45 241 156 151 148 13 223 250 140 18 50 91 119 119 130 173 129 73 186 167 34 213 29 212 207 153 85 171 207 250 81 156 140 245 86 148 238 90 120 41 242 204 223 228 8 233 54 87 253 139 73 176 99 129 46 169 169 127 134 2 95 5 97 215 106 172 188 21 113 180 156 164 58 90 105 202 102 114 201 223 60 27 111 246 166 80 24 240 78 215 20 109 252 176 2 0 143 229 131 95 64 43 21 174 134 247 94 192 221 122 49 138 6 28 161 110 35 223 148 25 172 51 237 83 194 169
0 189 60 98 18 192 238 128 90 209 177 237 134 179 99 8 200 145 25 88 185 60 42 158 225 220 12 30 158 207 27 178 10 128 64 16 226 188 208 233 71 78 23 136 150 33 242 177 229 199 31 131 175 94 53 175 55 155 181 110 121 65 161 159 228 138 55 101 203 39 246 93 241 206 24 201 30 173 233 76 127 230 141 84 43 84 171 33 22 20 96 245 179 200 203 144 38 234 3 33 76 209 239 11 27 210 73 6 13 60 134 13 220 239 224 185 57 205 192 130 167 189 154 201 152 164 38 209
0 87 234 51 123 142 171 42 20 20 113 140 90 67 99 171 178 229 89 24 235 138 203 120 123 178 31 131 194 74 49 124 163 68 224 163 78 79 54 144 175 106 103 201 21 232 62 145 196 208 220 148 59 54 178 250 200 39 255 42 83 50 101 233 141 150 255 83 205 99 84 80 43 101 53 120 116 100 239 75 184 202 42 142 64 117 146 211 201 235 164 126 85 103 52 190 143 67 83 25 46 191 199 237 205 116 123 46 150 51 58 198 66 252 136 190 92 31 154 226 225 128 34 155 195 5 231 215
0 122 72 170 153 204 214 190 82 175 179 76 6 58 154 81 199 33 88 22 162 22 151 153 58 248 38 183 144 206 176 33 50 87 254 136 111 47 89 210 194 182 167 103 63 60 232 21 93 41 81 152 98 221 200 183 43 164 97 237 190 157 126 217 111 230 214 204 48 89 169 227 28 38 219 120 192 152 194 203 123 250 161 149 72 34 81 37 2 133 138 118 220 34 197 65 2 220 106 199 250 42 205 17 137 114 232 158 110 2 221 64 255 17 187 29 37 184 81 101 83 210 189 225 215 18 43 254
0 139 172 224 24 149 44 86 120 83 179 18 109 249 84 183 236 213 213 38 249 173 186 203 108 190 218 165 137 54 130 236 141 106 231 214 236 32 132 96 149 226 197 84 161 208 118 41 10 78 63 237 251 23 21 217 13 15 120 110 224 27 63 70 69 130 162 123 195 68 41 47 45 166 37 152 51 19 30 46 138 99 164 236 11 207 175 39 145 17 96 227 120 51 253 242 169 23 186 107 21 109 102 249 119 97 139 95 111 169 108 138 132 86 96 246 61 161 127 93 126 41 137 207 141 27 149 23
0 164 46 26 54 89 58 139 42 116 242 72 156 150 133 53 35 14 201 209 102 135 169 109 0 228 228 26 122 211 88 41 248 179 12 161 208 13 214 122 58 136 88 29 117 196 93 113 228 27 73 93 20 78 102 36 145 228 207 124 56 93 49 95 244 97 149 47 108 164 73 98 144 119 9 101 90 157 200 103 235 176 100 195 40 16 77 149 140 123 234 99 1 138 47 102 64 83 158 191 5 4 106 227 178 198 119 166 107 49 169 226 226 29 203 107 54 214 222 245 205 134 179 193 50 161 137 120
0 35 29 138 65 85 78 130 159 136 210 191 244 166 73 194 145 138 48 244 161 226 18 236 118 229 233 168 33 242 16 248 237 184 174 73 103 224 96 193 24 67 213 251 193 112 80 63 189 129 25 10 186 144 69 12 32 184 119 98 123 128 149 64 43 197 16 90 38 142 97 57 234 213 56 164 209 39 100 134 158 127 86 183 125 13 215 37 215 100 170 21 184 51 32 119 215 36 43 238 60 35 167 192 228 250 30 113 10 49 118 31 110 105 56 213 65 101 32 90 146 87 155 191 225 195 133 121
0 128 107 12 152 168 131 203 101 106 109 229 167 200 28 89 63 3 225 176 154 175 202 122 87 21 156 218 173 41 190 225 178 19 189 46 1 46 190 207 254 164 227 140 182 106 238 149 97 214 243 91 49 179 197 146 216 242 35 46 175 232 189 251 31 90 194 164 61 254 239 31 203 109 218 124 141 6 187 188 248 216 81 52 120 183 243 11 250 90 211 150 174 15 13 115 174 124 9 60 138 172 42 189 163 125 107 187 17 217 132 99 16 136 255 174 190 254 210 235 5 85 176 15 100 62 128 182
0 250 222 147 1 71 12 182 169 140 2 151 74 235 109 10 132 11 34 197 159 15 243 128 154 176 198 205 232 144 26 104 202 71 45 2 62 79 25 171 39 3 41 54 99 215 239 37 209 56 80 208 247 100 199 200 161 115 226 206 240 246 54 37 213 205 1 2 180 175 144 60 134 34 86 136 233 94 51 177 137 62 156 159 27 220 240 235 59 66 133 6 103 43 56 155 165 115 5 76 80 172 223 193 52 134 189 186 201 1 126 51 135 81 230 31 144 59 181 56 160 68 82 88 232 162 120 212
0 158 219 109 115 255 43 29 79 199 72 152 83 23 194 215 100 60 1 131 43 8 144 95 75 137 162 174 15 54 34 75 122 140 196 90 90 171 98 75 30 18 177 36 46 220 176 158 248 242 114 143 46 226 237 245 192 252 161 134 212 40 82 196 238 49 199 101 182 224 118 250 67 21 169 111 127 168 78 251 232 169 203 124 191 191 162 8 223 49 239 38 121 163 45 63 28 253 137 15 109 155 78 161 25 5 59 31 221 227 26 152 164 65 25 110 51 240 67 241 86 89 117 14 140 72 98 204
0 58 15 99 157 15 174 239 64 7 194 72 86 106 75 99 214 197 164 94 3 175 172 82 107 140 213 170 55 248 185 53 6 125 128 57 221 189 176 58 37 58 80 120 118 90 253 152 100 37 24 14 253 134 104 178 2 72 35 187 18 80 228 194 242 20 36 147 251 229 255 230 57 162 60 255 126 208 213 122 172 251 215 19 175 113 232 18 182 160 130 122 165 39 232 73 197 238 164 20 76 190 184 121 146 214 255 178 140 202 119 224 194 29 240 118 48 171 55 194 96 92 135 18 237 16 223 166
0 0 213 85 232 227 225 59 87 183 196 104 47 229 56 241 204 80 69 129 247 228 159 38 94 236 7 182 120 90 204 140 82 108 231 174 23 39 208 219 240 223 199 195 141 175 115 136 55 131 39 184 123 226 127 166 29 178 66 109 73 235 114 141 105 245 245 132 41 11 212 4 77 199 143 161 154 68 86 33 92 21 15 219 188 157 82 252 173 109 102 249 37 208 185 59 150 184 100 163 53 219 87 184 154 180 247 199 14 232 124 67 158 160 157 218 43 12 160 192 245 193 220 43 53 138 110 0
0 0 77 45 208 80 188 14 101 84 68 36 203 185 41 166 6 193 25 59 118 101 176 203 248 65 17 112 46 232 105 64 246 40 221 142 6 70 148 96 189 97 185 126 87 74 101 155 160 208 192 19 99 12 54 178 44 51 12 181 71 108 185 116 176 9 42 220 228 71 168 144 183 51 99 12 95 210 245 161 204 116 131 118 69 125 0 109 6 215 196 169 47 72 98 151 245 123 86 21 32 225 174 228 95 117 148 92 249 181 148 173 165 97 195 45 11 18 210 161 42 83 88 223 201 109 110 0
0 0 202 67 182 50 128 186 28 201 83 38 125 38 199 8 35 61 111 79 191 213 78 155 142 85 176 110 50 193 138 45 141 62 242 194 171 63 204 218 233 159 41 4 140 55 50 235 106 72 65 137 199 236 165 62 146 79 109 149 27 72 28 102 98 176 189 111 145 163 100 206 108 225 136 207 127 141 163 226 17 1 15 114 13 234 12 21 224 48 194 22 161 196 8 228 24 108 32 58 11 4 98 100 214 6 181 149 229 84 119 103 238 91 141 37 191 218 32 25 241 242 190 70 142 116 233 0
0 0 11 99 150 145 238 75 226 89 134 189 55 97 239 202 111 142 66 113 30 71 255 224 143 17 69 204 250 194 170 131 121 213 251 76 98 230 103 248 93 100 139 75 11 110 122 85 202 168 167 11 178 58 60 188 205 236 59 61 22 134 71 156 82 159 6 85 128 75 183 235 20 94 163 214 237 12 141 119 186 60 6 40 104 214 181 131 178 187 240 123 213 125 215 201 113 214 11 227 231 52 234 119 210 191 180 237 103 168 182 167 105 80 230 24 162 1 1 86 55 122 90 210 207 167 160 0
0 0 0 241 255 151 74 69 75 62 71 30 70 195 201 27 20 180 148 66 111 80 79 46 82 210 212 98 247 148 34 103 216 205 33 233 140 153 155 1 210 113 214 5 115 0 28 96 113 213 246 6 190 159 194 169 164 63 110 23 131 55 26 22 7 164 248 171 188 140 110 140 214 26 188 147 173 28 42 104 205 163 191 146 192 131 231 28 61 211 248 60 136 29 197 236 58 126 196 104 140 250 56 229 176 160 193 176 55 197 162 52 39 98 169 119 104 27 190 209 46 247 32 5 131 191 0 0
0 0 0 171 161 188 5 45 195 209 60 58 212 18 91 50 56 96 49 54 169 173 65 52 131 85 101 118 245 47 208 92 224 2 180 123 1 27 185 220 231 175 25 33 113 158 78 183 26 171 160 217 17 79 180 21 206 238 55 231 69 31 230 254 212 104 255 193 78 121 27 211 251 194 121 0 235 155 234 3 241 198 56 13 137 30 90 103 206 19 189 8 54 237 245 13 136 182 10 228 188 34 80 152 132 241 211 161 142 212 144 104 170 121 120 33 181 198 199 113 196 194 48 127 197 214 0 0
0 0 0 251 27 136 121 67 17 87 76 234 178 95 8 44 180 186 53 37 40 215 206 184 228 210 115 185 11 117 81 25 108 58 39 60 35 216 185 90 88 117 107 186 222 148 191 98 3 26 176 148 7 139 220 179 62 57 53 3 92 133 89 139 130 1 127 163 178 113 95 135 8 246 173 186 186 17 228 66 144 84 106 171 170 249 228 97 64 59 188 185 179 98 105 28 25 73 53 159 30 30 26 33 133 149 238 102 255 119 218 37 162 59 191 2 69 125 194 64 103 128 102 203 33 199 0 0
0 0 0 107 68 222 205 135 226 7 7 41 10 152 57 9 59 129 147 82 180 233 118 217 97 4 184 123 22 39 138 148 202 246 218 52 8 137 150 168 90 248 199 106 244 8 63 206 123 166 121 212 12 199 89 167 46 122 31 63 223 204 185 105 187 69 22 179 246 240 222 130 219 98 214 243 93 244 210 19 117 200 86 248 156 108 108 158 171 71 213 216 45 132 163 111 125 161 98 58 235 189 39 177 151 20 236 82 202 211 92 23 70 168 181 154 40 53 223 170 165 135 96 181 112 224 0 0
0 0 0 0 34 134 206 208 241 99 118 251 223 166 243 73 120 202 21 22 254 150 0 234 94 221 146 247 111 4 181 117 174 147 211 50 31 55 43 19 253 25 87 242 62 241 114 137 203 67 200 127 169 123 42 44 47 115 159 215 142 214 227 218 155 147 172 133 95 201 156 249 202 101 200 85 97 171 37 41 227 137 24 7 170 47 19 95 233 36 205 14 27 181 213 12 101 225 194 116 85 0 188 93 168 96 208 9 229 45 122 74 116 190 50 198 156 154 222 69 179 14 162 47 145 0 0 0
0 0 0 0 201 82 253 171 36 106 111 28 238 203 145 90 124 197 200 124 134 62 140 198 188 171 184 175 52 191 216 152 202 43 246 195 174 81 122 110 132 166 123 86 246 233 6 232 250 43 180 25 173 88 32 4 111 164 255 56 90 254 174 239 233 204 95 23 177 191 114 179 143 55 21 117 188 78 93 98 8 6 21 168 239 5 188 105 34 73 73 156 59 232 20 124 199 57 214 35 228 172 113 145 77 64 143 168 106 136 249 133 135 26 13 203 196 77 191 238 158 25 158 161 166 0 0 0
0 0 0 0 247 40 167 23 111 18 183 24 62 26 18 216 31 70 225 102 93 55 103 165 66 144 30 135 231 27 51 120 66 46 166 188 172 3 65 118 55 91 149 105 157 121 186 54 214 97 142 202 117 3 215 238 250 217 30 181 167 178 131 54 55 196 100 23 108 35 150 247 2 250 38 123 212 113 186 74 80 66 165 22 250 113 142 51 47 255 88 107 34 125 100 167 42 178 69 44 218 160 215 38 143 232 97 234 67 88 62 95 213 220 245 220 28 141 20 159 77 40 183 112 90 0 0 0
0 0 0 0 0 107 171 2 193 77 198 139 130 111 172 67 200 221 54 254 241 175 180 202 202 149 254 171 254 153 124 163 247 71 185 39 27 13 196 127 126 185 183 46 94 29 139 77 219 249 153 209 248 147 53 231 109 26 171 183 55 188 204 164 214 236 25 146 104 222 59 9 35 128 47 176 126 254 197 178 65 195 11 18 119 48 240 56 242 4 81 49 117 129 76 221 152 22 207 165 118 237 132 155 43 144 143 174 50 17 83 171 236 193 61 150 8 109 160 239 146 141 177 243 0 0 0 0
0 0 0 0 0 128 240 158 200 86 59 175 127 127 51 254 228 245 161 82 253 74 247 68 122 199 135 106 135 225 48 53 156 217 18 164 191 5 31 102 200 58 66 129 189 232 33 62 61 193 23 125 116 86 197 96 220 0 155 186 63 189 251 146 190 128 197 248 45 204 44 197 209 194 178 247 40 148 33 121 142 93 100 42 55 127 109 119 85 8 45 151 99 58 108 42 184 127 134 59 247 252 112 24 116 46 182 192 215 155 179 117 79 91 122 80 130 196 130 120 245 203 202 104 0 0 0 0
0 0 0 0 0 0 75 173 234 122 232 232 94 118 212 209 138 154 7 0 143 35 155 221 75 155 93 75 203 241 85 235 44 132 81 120 132 156 27 209 80 102 237 99 163 9 12 188 211 101 139 139 239 135 220 151 168 77 27 44 13 187 239 162 177 196 72 82 228 129 190 72 12 103 216 35 96 130 239 51 113 98 62 53 201 251 7 207 151 143 151 139 173 120 195 187 169 100 67 154 183 230 164 148 233 78 53 170 43 123 216 205 122 201 244 166 8 50 135 29 254 151 113 0 0 0 0 0
0 0 0 0 0 0 195 221 222 245 187 238 37 48 89 4 96 150 78 34 146 33 193 44 89 99 218 233 249 150 176 98 253 197 6 197 33 204 63 225 66 248 231 90 65 99 8 247 165 148 100 138 2 153 115 105 110 115 251 209 245 76 124 74 251 58 37 59 78 52 121 119 251 126 212 140 149 181 43 95 153 228 132 211 70 30 176 239 76 17 159 164 202 111 108 56 225 24 130 30 135 226 231 138 38 233 188 93 140 55 181 166 55 157 252 4 131 151 221 75 211 236 106 0 0 0 0 0
0 0 0 0 0 0 203 133 34 26 83 96 251 142 148 134 145 54 249 162 204 65 169 142 9 79 131 103 60 229 183 76 114 121 186 96 60 241 241 167 233 9 165 164 1 82 172 251 249 18 129 132 91 64 94 164 195 36 134 50 89 251 243 220 161 224 171 81 10 26 230 209 101 7 21 77 214 132 162 225 32 191 151 173 110 155 157 54 102 88 30 136 204 93 165 215 153 34 127 148 63 9 82 119 184 149 203 118 46 198 255 125 170 144 211 244 58 188 55 76 231 74 88 0 0 0 0 0
0 0 0 0 0 0 0 235 47 254 84 58 233 176 229 124 98 247 191 87 187 170 129 148 158 75 18 57 18 238 86 134 64 75 201 43 11 54 198 91 201 196 157 154 212 37 85 159 139 94 70 226 230 95 143 197 233 142 67 148 199 142 30 74 93 51 244 251 13 158 66 30 24 79 166 115 17 113 87 223 90 0 29 234 180 52 13 170 219 93 189 142 135 40 109 109 254 130 118 237 129 70 127 198 166 156 28 242 108 33 141 195 91 3 219 176 22 25 151 216 53 127 0 0 0 0 0 0
0 0 0 0 0 0 0 226 52 149 196 229 82 206 73 149 23 117 225 252 88 4 38 37 56 116 96 117 67 87 24 163 163 177 251 190 110 213 92 161 72 1 64 155 198 89 155 137 95 70 159 163 169 138 176 182 124 165 118 218 198 15 57 95 109 124 225 158 37 41 224 2 138 147 153 166 233 97 51 238 231 254 209 76 142 172 88 106 108 214 29 184 11 84 125 38 127 112 225 108 167 13 123 74 182 22 62 254 53 182 253 140 241 191 49 206 78 234 209 180 208 84 0 0 0 0 0 0
0 0 0 0 0 0 0 0 163 184 255 101 150 140 70 64 123 29 91 179 248 104 17 182 215 234 249 215 93 220 255 73 115 52 200 191 116 6 19 118 227 102 61 134 37 141 216 19 243 199 61 226 212 244 107 212 14 254 5 240 89 175 150 194 74 157 150 193 56 59 195 139 143 133 60 97 45 112 132 99 157 234 189 21 21 136 118 199 192 253 200 175 126 130 249 4 86 227 205 74 174 19 28 88 248 9 110 118 236 195 29 69 198 241 9 251 51 56 180 129 54 0 0 0 0 0 0 0
0 0 0 0 0 0 0 0 0 107 126 121 106 25 234 97 122 199 226 140 156 74 188 75 121 249 107 86 153 40 119 69 29 59 77 145 2 196 34 19 179 244 144 78 109 84 35 7 233 219 131 61 10 178 93 28 154 228 50 153 228 213 158 239 47 163 207 223 33 184 210 11 108 71 227 248 166 181 139 184 248 101 163 65 123 168 88 104 103 128 72 180 202 230 213 102 227 131 233 26 132 167 24 97 218 125 53 136 7 202 27 39 252 8 153 205 55 48 251 28 0 0 0 0 0 0 0 0
0 0 0 0 0 0 0 0 0 254 182 9 245 186 156 67 92 232 242 213 93 187 192 116 251 170 86 35 70 239 225 89 10 43 97 245 149 202 62 131 104 136 64 125 122 255 152 192 121 242 104 203 116 175 51 72 50 239 190 10 132 254 30 161 59 190 121 69 231 81 17 80 174 251 240 78 167 196 115 52 32 122 68 75 51 71 218 51 246 164 51 13 125 175 50 101 245 193 164 37 72 209 32 155 61 3 69 166 112 89 114 164 131 255 251 99 193 100 243 3 0 0 0 0 0 0 0 0
0 0 0 0 0 0 0 0 0 0 190 40 128 17 16 80 205 180 235 46 119 68 239 196 38 23 225 107 172 202 183 98 151 159 96 184 77 230 23 128 5 193 193 27 100 229 232 7 225 216 85 32 185 117 161 203 226 69 132 13 246 194 13 118 207 77 133 159 4 116 31 252 22 212 244 168 71 176 169 164 66 255 170 167 155 174 59 78 149 123 82 246 185 65 237 2 216 162 162 2 72 61 57 100 79 180 46 12 124 115 161 3 248 183 173 130 190 188 234 0 0 0 0 0 0 0 0 0
0 0 0 0 0 0 0 0 0 0 201 208 173 54 18 22 248 14 136 179 34 167 175 190 43 112 239 18 195 49 2 119 156 62 243 74 178 35 11 133 195 106 224 168 127 96 29 110 196 203 111 202 8 15 12 183 50 47 183 140 230 22 224 231 146 181 159 100 179 11 98 11 74 228 189 117 5 211 255 164 1 46 73 31 23 207 93 217 237 70 234 15 209 109 190 53 215 71 4 112 84 40 112 128 41 66 139 131 52 114 182 10 31 153 104 196 227 254 85 0 0 0 0 0 0 0 0 0
0 0 0 0 0 0 0 0 0 0 0 2 132 49 26 114 127 108 70 89 49 180 10 20 4 3 30 189 235 160 238 207 52 72 59 121 73 172 63 118 166 241 193 107 122 74 113 237 126 28 76 69 236 120 107 124 16 49 150 27 162 212 40 30 71 180 206 188 52 75 207 122 219 146 246 195 214 43 3 82 22 33 102 66 67 137 249 227 118 182 137 38 141 71 224 93 166 229 138 229 97 14 15 46 71 59 159 194 3 154 215 1 215 252 68 18 96 137 0 0 0 0 0 0 0 0 0 0
0 0 0 0 0 0 0 0 0 0 0 0 7 112 130 255 31 85 5 185 239 35 214 33 211 60 164 251 42 74 94 246 200 129 224 4 180 32 247 130 106 48 213 80 165 133 152 135 194 243 171 200 177 223 179 29 45 136 3 46 212 194 8 194 225 65 187 242 85 72 69 190 128 54 177 89 94 232 48 98 51 189 103 210 245 158 238 127 164 32 183 92 80 14 250 50 65 78 232 119 90 11 61 59 123 128 44 189 245 85 47 128 142 76 110 150 187 0 0 0 0 0 0 0 0 0 0 0
0 0 0 0 0 0 0 0 0 0 0 0 254 94 164 189 234 175 144 60 44 243 193 4 100 243 196 142 140 165 143 237 192 161 21 151 240 54 227 202 16 110 243 247 125 128 75 153 64 91 74 148 46 150 173 198 27 54 105 41 14 157 100 50 166 78 134 228 232 108 158 150 101 45 56 8 83 5 188 170 184 97 48 85 242 52 219 144 247 101 42 49 82 94 21 243 121 4 75 86 78 192 50 70 92 38 145 86 39 47 161 242 33 209 114 113 104 0 0 0 0 0 0 0 0 0 0 0
0 0 0 0 0 0 0 0 0 0 0 0 0 152 200 95 175 109 1 23 205 200 210 68 6 39 35 241 186 16 56 116 119 198 78 81 215 129 45 35 34 180 101 175 35 102 225 217 22 140 0 188 48 50 142 128 226 227 251 111 182 239 84 237 3 245 50 245 110 142 42 86 21 244 201 148 190 170 183 132 211 155 52 7 81 218 45 46 21 19 7 96 222 52 26 232 190 235 236 134 8 66 111 242 101 187 65 22 164 219 79 97 177 64 94 215 0 0 0 0 0 0 0 0 0 0 0 0
0 0 0 0 0 0 0 0 0 0 0 0 0 0 47 234 158 40 161 27 2 148 111 121 92 221 98 162 8 29 200 71 71 45 42 60 122 77 83 91 68 161 167 108 40 166 189 175 136 83 86 38 15 144 15 112 76 157 200 201 220 132 98 35 168 139 81 152 181 27 213 11 248 125 221 165 190 197 135 92 194 201 213 28 58 70 88 199 49 3 163 159 135 211 42 233 80 221 225 44 79 205 0 254 75 46 169 229 146 40 43 83 18 195 145 0 0 0 0 0 0 0 0 0 0 0 0 0
0 0 0 0 0 0 0 0 0 0 0 0 0 0 0 94 134 231 48 253 104 132 216 33 241 213 43 224 135 135 71 223 39 5 98 88 59 226 97 1 7 250 55 204 246 151 78 250 246 107 234 208 208 138 162 139 26 115 29 69 188 86 48 207 147 253 44 162 120 204 150 201 69 149 28 241 108 252 172 220 217 190 186 224 240 35 149 11 210 159 90 85 172 129 170 6 219 230 60 160 85 19 164 208 237 138 37 83 218 226 217 154 221 155 0 0 0 0 0 0 0 0 0 0 0 0 0 0
0 0 0 0 0 0 0 0 0 0 0 0 0 0 0 169 53 29 99 121 191 248 173 42 245 237 181 42 165 121 147 216 230 241 85 181 208 164 217 250 253 116 162 131 22 153 55 123 237 6 7 208 98 103 84 151 114 2 199 71 133 253 71 133 5 33 179 254 255 254 250 236 92 65 14 116 253 3 31 156 172 46 66 125 159 141 87 208 32 227 88 178 226 242 115 219 169 252 25 171 0 156 236 17 221 206 218 251 104 70 255 72 82 111 0 0 0 0 0 0 0 0 0 0 0 0 0 0
0 0 0 0 0 0 0 0 0 0 0 0 0 0 0 0 217 181 155 211 14 6 159 95 109 244 95 10 249 176 183 63 46 6 29 228 219 61 131 241 224 47 25 162 8 163 214 197 170 130 226 31 84 249 64 244 210 223 178 201 168 153 6 112 115 87 85 222 252 10 177 165 182 135 63 242 125 42 96 50 214 35 139 208 55 61 243 119 26 226 1 176 80 216 175 100 20 169 149 98 106 81 122 204 27 113 65 99 125 180 160 33 27 0 0 0 0 0 0 0 0 0 0 0 0 0 0 0
0 0 0 0 0 0 0 0 0 0 0 0 0 0 0 0 0 113 63 86 145 119 128 61 144 40 93 74 60 161 145 8 174 85 204 185 216 157 58 144 56 69 169 161 91 230 250 150 210 198 235 204 11 124 169 120 47 191 210 155 133 222 21 174 34 30 153 255 213 229 148 208 233 202 88 90 98 108 133 79 250 170 228 203 54 97 158 65 245 151 238 195 222 180 148 81 106 155 8 140 185 101 43 13 23 43 76 146 134 159 165 160 0 0 0 0 0 0 0 0 0 0 0 0 0 0 0 0
0 0 0 0 0 0 0 0 0 0 0 0 0 0 0 0 0 0 27 99 185 230 41 187 57 125 9 176 204 34 142 93 125 121 23 29 103 216 232 194 53 233 129 78 39 89 133 133 132 92 89 148 149 191 95 76 93 38 142 127 80 131 244 241 251 191 197 252 168 189 110 15 17 209 147 52 173 254 146 91 63 187 68 5 237 126 248 101 245 241 211 4 252 239 241 91 63 48 215 90 57 165 228 186 90 36 171 66 35 212 110 0 0 0 0 0 0 0 0 0 0 0 0 0 0 0 0 0
0 0 0 0 0 0 0 0 0 0 0 0 0 0 0 0 0 0 0 159 28 253 46 103 23 172 42 122 188 159 203 78 244 201 46 229 223 29 96 215 91 43 103 174 72 220 70 175 225 170 9 51 116 198 69 182 254 82 198 38 215 96 82 151 36 185 10 13 221 245 141 150 4 230 34 177 168 238 197 154 97 79 183 126 130 254 81 103 57 136 52 141 29 51 89 79 173 76 181 67 149 61 227 235 228 70 56 182 102 73 0 0 0 0 0 0 0 0 0 0 0 0 0 0 0 0 0 0
0 0 0 0 0 0 0 0 0 0 0 0 0 0 0 0 0 0 0 0 11 207 231 141 213 174 94 43 57 128 141 95 236 142 163 111 133 182 96 58 195 71 143 43 188 133 22 104 16 100 46 89 168 142 201 124 53 176 110 179 85 22 244 70 107 6 184 105 59 84 175 59 35 213 13 250 195 15 147 145 165 34 238 6 61 24 189 54 135 52 34 53 78 203 109 12 121 79 196 212 62 155 51 189 180 4 130 229 64 0 0 0 0 0 0 0 0 0 0 0 0 0 0 0 0 0 0 0
0 0 0 0 0 0 0 0 0 0 0 0 0 0 0 0 0 0 0 0 0 176 184 88 147 148 234 35 222 162 247 145 116 116 148 40 71 211 229 40 234 15 42 7 106 15 199 84 93 222 174 165 96 30 97 20 217 208 1 153 117 217 99 16 84 111 235 124 170 219 248 84 235 53 18 199 132 14 197 33 218 246 9 80 98 42 250 190 194 59 86 158 127 205 234 215 208 105 244 175 168 83 115 137 202 206 213 208 0 0 0 0 0 0 0 0 0 0 0 0 0 0 0 0 0 0 0 0
0 0 0 0 0 0 0 0 0 0 0 0 0 0 0 0 0 0 0 0 0 0 255 88 91 131 239 19 193 139 210 132 216 255 190 188 246 234 157 157 60 168 196 187 247 102 246 100 176 166 17 88 151 73 16 91 11 53 168 210 45 66 30 251 137 171 78 113 246 13 224 63 220 213 197 96 171 139 93 114 128 31 111 46 190 105 29 73 95 172 132 115 133 102 132 105 226 57 97 79 39 124 214 64 79 232 241 0 0 0 0 0 0 0 0 0 0 0 0 0 0 0 0 0 0 0 0 0
0 0 0 0 0 0 0 0 0 0 0 0 0 0 0 0 0 0 0 0 0 0 0 36 238 54 38 60 249 21 160 201 24 4 220 145 111 23 45 118 216 92 131 245 100 159 114 231 126 220 109 128 5 190 27 189 241 154 24 147 17 91 220 206 21 22 157 35 1 211 87 246 248 196 200 129 11 161 228 8 187 90 85 192 227 100 40 152 87 124 94 134 66 254 31 81 126 225 160 188 156 27 166 160 59 83 0 0 0 0 0 0 0 0 0 0 0 0 0 0 0 0 0 0 0 0 0 0
0 0 0 0 0 0 0 0 0 0 0 0 0 0 0 0 0 0 0 0 0 0 0 0 0 32 14 166 146 141 173 232 255 32 110 126 246 28 170 24 101 157 57 134 4 110 149 150 206 214 71 61 172 129 96 31 71 121 142 123 49 88 128 194 247 17 29 210 93 193 161 185 98 114 253 238 106 189 214 89 154 217 26 35 224 207 47 92 191 241 168 226 38 32 67 134 215 94 138 185 220 93 69 189 0 0 0 0 0 0 0 0 0 0 0 0 0 0 0 0 0 0 0 0 0 0 0 0
0 0 0 0 0 0 0 0 0 0 0 0 0 0 0 0 0 0 0 0 0 0 0 0 0 0 187 234 25 120 22 15 199 55 64 144 150 172 183 150 133 48 107 115 211 209 198 211 152 3 16 179 74 72 199 208 179 165 53 60 221 146 47 214 155 89 188 57 14 244 171 108 122 126 245 224 120 184 199 85 227 182 197 238 86 172 217 125 201 149 143 56 229 83 60 3 222 233 144 203 43 80 192 0 0 0 0 0 0 0 0 0 0 0 0 0 0 0 0 0 0 0 0 0 0 0 0 0
0 0 0 0 0 0 0 0 0 0 0 0 0 0 0 0 0 0 0 0 0 0 0 0 0 0 0 208 56 76 62 141 16 235 96 54 60 183 197 35 157 128 67 181 109 42 253 130 93 145 32 159 232 207 21 75 210 254 181 174 166 199 7 64 5 178 246 228 100 79 143 39 252 25 0 162 245 155 41 195 126 191 111 34 216 12 231 241 169 143 110 229 175 128 219 128 221 142 119 3 248 158 0 0 0 0 0 0 0 0 0 0 0 0 0 0 0 0 0 0 0 0 0 0 0 0 0 0
0 0 0 0 0 0 0 0 0 0 0 0 0 0 0 0 0 0 0 0 0 0 0 0 0 0 0 0 0 228 40 2 229 130 17 16 206 222 154 186 14 167 214 122 179 129 153 14 196 181 23 31 71 229 11 22 112 193 148 244 17 208 133 39 166 14 52 166 160 126 106 81 172 106 150 218 198 37 0 246 163 113 236 22 230 186 87 145 21 221 76 185 230 198 195 82 131 39 39 84 0 0 0 0 0 0 0 0 0 0 0 0 0 0 0 0 0 0 0 0 0 0 0 0 0 0 0 0
0 0 0 0 0 0 0 0 0 0 0 0 0 0 0 0 0 0 0 0 0 0 0 0 0 0 0 0 0 0 105 233 103 27 12 214 22 182 24 106 32 57 111 166 124 220 91 24 166 193 206 222 225 93 46 236 133 14 3 98 227 210 171 138 22 165 119 175 113 155 74 8 87 209 181 9 10 3 195 234 19 159 18 113 81 151 50 42 39 50 232 17 233 43 190 95 202 77 246 0 0 0 0 0 0 0 0 0 0 0 0 0 0 0 0 0 0 0 0 0 0 0 0 0 0 0 0 0
0 0 0 0 0 0 0 0 0 0 0 0 0 0 0 0 0 0 0 0 0 0 0 0 0 0 0 0 0 0 0 0 216 92 22 60 183 87 161 119 149 125 23 94 110 176 32 34 56 227 230 38 57 9 148 183 102 165 251 45 46 114 45 121 88 160 135 183 237 91 94 132 107 196 137 28 96 61 6 19 64 54 209 91 117 38 4 142 146 23 111 152 190 100 23 218 217 0 0 0 0 0 0 0 0 0 0 0 0 0 0 0 0 0 0 0 0 0 0 0 0 0 0 0 0 0 0 0
0 0 0 0 0 0 0 0 0 0 0 0 0 0 0 0 0 0 0 0 0 0 0 0 0 0 0 0 0 0 0 0 0 0 100 213 2 100 31 197 190 165 225 117 5 157 28 190 217 246 168 93 102 93 213 43 116 105 133 251 100 124 153 244 19 183 66 166 60 48 125 91 215 76 165 114 45 215 139 243 232 120 199 233 45 67 83 53 100 83 34 226 154 54 105 0 0 0 0 0 0 0 0 0 0 0 0 0 0 0 0 0 0 0 0 0 0 0 0 0 0 0 0 0 0 0 0 0
0 0 0 0 0 0 0 0 0 0 0 0 0 0 0 0 0 0 0 0 0 0 0 0 0 0 0 0 0 0 0 0 0 0 0 187 174 234 235 234 29 177 101 38 24 128 91 81 121 192 19 91 150 79 153 57 202 166 20 130 162 134 9 205 6 163 62 215 47 68 129 87 128 152 75 243 0 94 11 236 31 123 118 4 119 8 102 159 52 168 195 119 13 177 0 0 0 0 0 0 0 0 0 0 0 0 0 0 0 0 0 0 0 0 0 0 0 0 0 0 0 0 0 0 0 0 0 0
0 0 0 0 0 0 0 0 0 0 0 0 0 0 0 0 0 0 0 0 0 0 0 0 0 0 0 0 0 0 0 0 0 0 0 0 0 29 213 12 38 131 19 231 43 46 84 90 217 211 143 214 197 106 230 59 195 1 154 131 165 88 133 247 171 177 86 78 24 100 254 120 82 223 113 45 106 71 105 107 236 12 222 255 104 185 87 11 108 31 194 248 0 0 0 0 0 0 0 0 0 0 0 0 0 0 0 0 0 0 0 0 0 0 0 0 0 0 0 0 0 0 0 0 0 0 0 0
0 0 0 0 0 0 0 0 0 0 0 0 0 0 0 0 0 0 0 0 0 0 0 0 0 0 0 0 0 0 0 0 0 0 0 0 0 0 0 0 249 12 175 25 104 27 199 189 172 100 85 141 84 239 208 120 181 114 119 166 24 58 46 156 92 187 12 135 55 133 246 124 24 90 50 216 211 63 178 215 162 187 1 118 29 190 108 69 187 0 0 0 0 0 0 0 0 0 0 0 0 0 0 0 0 0 0 0 0 0 0 0 0 0 0 0 0 0 0 0 0 0 0 0 0 0 0 0
0 0 0 0 0 0 0 0 0 0 0 0 0 0 0 0 0 0 0 0 0 0 0 0 0 0 0 0 0 0 0 0 0 0 0 0 0 0 0 0 0 0 255 25 199 197 240 6 69 71 21 104 57 46 110 205 12 248 161 90 169 8 153 65 114 100 157 178 163 171 123 186 139 20 55 87 18 234 121 0 190 238 30 177 228 155 142 0 0 0 0 0 0 0 0 0 0 0 0 0 0 0 0 0 0 0 0 0 0 0 0 0 0 0 0 0 0 0 0 0 0 0 0 0 0 0 0 0
0 0 0 0 0 0 0 0 0 0 0 0 0 0 0 0 0 0 0 0 0 0 0 0 0 0 0 0 0 0 0 0 0 0 0 0 0 0 0 0 0 0 0 0 0 147 240 120 103 2 113 199 115 147 90 235 75 232 182 215 72 11 196 82 64 191 88 108 222 113 37 223 245 201 3 214 66 97 31 13 20 102 169 122 0 0 0 0 0 0 0 0 0 0 0 0 0 0 0 0 0 0 0 0 0 0 0 0 0 0 0 0 0 0 0 0 0 0 0 0 0 0 0 0 0 0 0 0
0 0 0 0 0 0 0 0 0 0 0 0 0 0 0 0 0 0 0 0 0 0 0 0 0 0 0 0 0 0 0 0 0 0 0 0 0 0 0 0 0 0 0 0 0 0 0 0 0 191 11 47 191 182 131 53 132 78 32 81 166 76 57 73 8 183 108 91 190 146 211 153 177 27 175 233 118 6 187 148 0 0 0 0 0 0 0 0 0 0 0 0 0 0 0 0 0 0 0 0 0 0 0 0 0 0 0 0 0 0 0 0 0 0 0 0 0 0 0 0 0 0 0 0 0 0 0 0
0 0 0 0 0 0 0 0 0 0 0 0 0 0 0 0 0 0 0 0 0 0 0 0 0 0 0 0 0 0 0 0 0 0 0 0 0 0 0 0 0 0 0 0 0 0 0 0 0 0 0 0 0 128 151 166 2 36 150 9 155 124 39 120 123 106 170 145 150 218 10 192 194 194 13 98 0 0 0 0 0 0 0 0 0 0 0 0 0 0 0 0 0 0 0 0 0 0 0 0 0 0 0 0 0 0 0 0 0 0 0 0 0 0 0 0 0 0 0 0 0 0 0 0 0 0 0 0
