128
0 0 0 0 0 0 0 0 0 0 0 0 0 0 0 0 0 0 0 0 0 0 0 0 0 0 0 0 0 0 0 0 0 0 0 0 0 0 0 0 0 0 0 0 0 0 0 0 0 0 0 0 0 0 0 0 0 0 0 0 0 0 0 0 255 0 0 0 0 0 0 0 0 0 0 0 0 0 0 0 0 0 0 0 0 0 0 0 0 0 0 0 0 0 0 0 0 0 0 0 0 0 0 0 0 0 0 0 0 0 0 0 0 0 0 0 0 0 0 0 0 0 0 0 0 0 0 0
0 0 0 0 0 0 0 0 0 0 0 0 0 0 0 0 0 0 0 0 0 0 0 0 0 0 0 0 0 0 0 0 0 0 0 0 0 0 0 0 0 0 0 0 0 0 0 0 0 0 0 0 0 182 63 194 137 49 53 32 186 187 39 165 131 51 3 205 36 189 44 228 86 48 229 58 0 0 0 0 0 0 0 0 0 0 0 0 0 0 0 0 0 0 0 0 0 0 0 0 0 0 0 0 0 0 0 0 0 0 0 0 0 0 0 0 0 0 0 0 0 0 0 0 0 0 0 0
0 0 0 0 0 0 0 0 0 0 0 0 0 0 0 0 0 0 0 0 0 0 0 0 0 0 0 0 0 0 0 0 0 0 0 0 0 0 0 0 0 0 0 0 0 0 0 0 0 118 19 153 253 249 12 144 181 115 34 18 81 16 250 108 9 133 24 68 114 44 139 253 213 54 113 120 113 249 138 91 0 0 0 0 0 0 0 0 0 0 0 0 0 0 0 0 0 0 0 0 0 0 0 0 0 0 0 0 0 0 0 0 0 0 0 0 0 0 0 0 0 0 0 0 0 0 0 0
0 0 0 0 0 0 0 0 0 0 0 0 0 0 0 0 0 0 0 0 0 0 0 0 0 0 0 0 0 0 0 0 0 0 0 0 0 0 0 0 0 0 0 0 0 49 152 14 121 249 246 79 110 192 179 75 90 157 134 2 94 56 202 173 202 40 13 46 79 46 92 244 130 120 135 96 180 229 133 151 159 30 69 162 0 0 0 0 0 0 0 0 0 0 0 0 0 0 0 0 0 0 0 0 0 0 0 0 0 0 0 0 0 0 0 0 0 0 0 0 0 0 0 0 0 0 0 0
0 0 0 0 0 0 0 0 0 0 0 0 0 0 0 0 0 0 0 0 0 0 0 0 0 0 0 0 0 0 0 0 0 0 0 0 0 0 0 0 0 0 83 79 41 121 26 31 189 77 39 115 200 186 235 154 178 124 170 71 178 144 251 104 199 185 11 85 127 114 167 137 234 90 254 214 42 178 142 8 175 183 196 209 66 12 229 0 0 0 0 0 0 0 0 0 0 0 0 0 0 0 0 0 0 0 0 0 0 0 0 0 0 0 0 0 0 0 0 0 0 0 0 0 0 0 0 0
0 0 0 0 0 0 0 0 0 0 0 0 0 0 0 0 0 0 0 0 0 0 0 0 0 0 0 0 0 0 0 0 0 0 0 0 0 0 0 0 178 100 111 165 141 25 238 37 132 168 219 170 1 243 9 96 209 50 129 165 98 69 96 209 147 213 220 33 231 68 131 152 53 116 189 85 54 173 227 200 110 114 180 5 36 97 230 51 35 0 0 0 0 0 0 0 0 0 0 0 0 0 0 0 0 0 0 0 0 0 0 0 0 0 0 0 0 0 0 0 0 0 0 0 0 0 0 0
0 0 0 0 0 0 0 0 0 0 0 0 0 0 0 0 0 0 0 0 0 0 0 0 0 0 0 0 0 0 0 0 0 0 0 0 0 97 97 101 152 130 206 233 127 194 232 211 224 191 59 184 31 88 164 67 255 28 88 88 58 43 145 45 42 221 30 146 133 92 19 142 10 180 7 219 40 85 197 144 43 209 47 60 39 203 253 149 105 10 212 16 0 0 0 0 0 0 0 0 0 0 0 0 0 0 0 0 0 0 0 0 0 0 0 0 0 0 0 0 0 0 0 0 0 0 0 0
0 0 0 0 0 0 0 0 0 0 0 0 0 0 0 0 0 0 0 0 0 0 0 0 0 0 0 0 0 0 0 0 0 0 0 88 131 251 184 204 219 254 183 121 216 211 201 135 39 182 41 128 245 99 208 188 244 171 139 11 193 165 229 211 196 58 191 22 144 36 103 230 132 99 84 208 111 52 111 228 64 227 61 234 19 28 196 128 199 142 9 72 111 58 0 0 0 0 0 0 0 0 0 0 0 0 0 0 0 0 0 0 0 0 0 0 0 0 0 0 0 0 0 0 0 0 0 0
0 0 0 0 0 0 0 0 0 0 0 0 0 0 0 0 0 0 0 0 0 0 0 0 0 0 0 0 0 0 0 0 0 0 167 121 250 31 82 104 147 2 130 28 136 162 210 247 108 77 214 5 193 58 173 95 119 92 106 219 97 219 213 142 179 150 150 34 185 93 160 85 221 190 2 10 63 160 18 210 48 68 2 108 134 238 25 41 17 187 142 197 165 187 231 0 0 0 0 0 0 0 0 0 0 0 0 0 0 0 0 0 0 0 0 0 0 0 0 0 0 0 0 0 0 0 0 0
0 0 0 0 0 0 0 0 0 0 0 0 0 0 0 0 0 0 0 0 0 0 0 0 0 0 0 0 0 0 0 0 8 159 101 222 211 169 162 74 251 137 190 216 127 156 47 2 172 105 168 186 112 144 246 97 115 62 88 11 199 219 126 84 93 174 33 78 135 6 255 67 4 143 176 47 6 0 181 164 166 157 138 191 214 169 77 254 232 104 91 231 53 218 157 252 129 0 0 0 0 0 0 0 0 0 0 0 0 0 0 0 0 0 0 0 0 0 0 0 0 0 0 0 0 0 0 0
0 0 0 0 0 0 0 0 0 0 0 0 0 0 0 0 0 0 0 0 0 0 0 0 0 0 0 0 0 0 142 104 228 192 108 93 156 54 21 190 184 182 134 255 48 84 87 85 6 238 104 134 172 1 89 187 189 244 141 10 96 31 50 114 215 127 159 68 33 177 231 149 224 128 251 17 200 34 167 151 177 89 187 148 75 169 133 242 129 239 5 94 62 90 244 218 148 20 22 0 0 0 0 0 0 0 0 0 0 0 0 0 0 0 0 0 0 0 0 0 0 0 0 0 0 0 0 0
0 0 0 0 0 0 0 0 0 0 0 0 0 0 0 0 0 0 0 0 0 0 0 0 0 0 0 0 0 197 135 179 154 20 5 205 21 83 66 224 226 13 1 195 85 168 45 39 21 173 135 127 46 182 230 169 67 207 25 236 53 227 154 63 239 240 254 106 68 63 120 197 169 254 100 238 107 98 250 122 8 33 47 200 155 92 82 23 36 19 50 237 8 19 82 136 254 83 33 18 0 0 0 0 0 0 0 0 0 0 0 0 0 0 0 0 0 0 0 0 0 0 0 0 0 0 0 0
0 0 0 0 0 0 0 0 0 0 0 0 0 0 0 0 0 0 0 0 0 0 0 0 0 0 0 206 204 76 179 200 205 197 129 165 128 165 92 29 120 164 137 231 189 220 108 105 187 113 145 10 224 8 151 132 230 81 252 129 175 151 8 120 168 168 117 247 192 239 22 125 192 102 57 253 42 141 11 43 93 248 100 90 169 157 191 233 57 70 222 106 88 89 114 58 81 174 59 8 39 255 0 0 0 0 0 0 0 0 0 0 0 0 0 0 0 0 0 0 0 0 0 0 0 0 0 0
0 0 0 0 0 0 0 0 0 0 0 0 0 0 0 0 0 0 0 0 0 0 0 0 0 0 19 230 221 85 32 28 15 44 207 103 32 203 55 163 78 152 68 236 91 138 138 65 110 25 54 42 40 98 121 136 157 35 204 40 140 29 62 31 49 169 85 5 216 238 103 52 237 230 11 127 193 223 99 59 54 189 103 88 187 211 147 167 244 212 21 222 230 63 240 101 91 123 59 79 24 210 77 0 0 0 0 0 0 0 0 0 0 0 0 0 0 0 0 0 0 0 0 0 0 0 0 0
0 0 0 0 0 0 0 0 0 0 0 0 0 0 0 0 0 0 0 0 0 0 0 0 0 27 187 247 144 17 3 252 72 56 88 72 212 125 32 171 111 16 255 137 32 130 229 196 204 79 190 95 232 181 229 161 189 253 53 33 139 193 157 50 190 143 204 200 67 255 141 187 237 166 238 202 181 247 205 92 46 104 90 227 4 201 147 27 150 163 250 35 93 150 101 174 138 10 183 185 54 81 38 248 0 0 0 0 0 0 0 0 0 0 0 0 0 0 0 0 0 0 0 0 0 0 0 0
0 0 0 0 0 0 0 0 0 0 0 0 0 0 0 0 0 0 0 0 0 0 0 171 28 16 57 232 180 105 235 74 62 12 200 222 254 48 255 55 146 246 18 125 137 24 194 170 240 123 72 195 194 178 150 168 187 191 189 227 44 166 65 164 158 28 84 124 3 56 211 128 42 134 197 5 231 217 228 49 200 110 61 174 170 145 45 205 122 227 99 50 65 48 11 246 124 123 3 9 76 211 179 2 140 222 0 0 0 0 0 0 0 0 0 0 0 0 0 0 0 0 0 0 0 0 0 0
0 0 0 0 0 0 0 0 0 0 0 0 0 0 0 0 0 0 0 0 0 0 152 228 78 40 3 242 4 119 171 41 192 107 129 197 159 252 235 242 46 17 125 167 104 90 74 181 178 203 109 184 195 87 17 112 162 17 221 207 48 168 173 65 63 123 36 146 37 206 138 27 102 188 46 11 16 110 1 222 151 28 205 8 250 28 236 213 45 87 114 189 181 180 222 148 249 158 246 246 201 3 69 84 128 32 61 0 0 0 0 0 0 0 0 0 0 0 0 0 0 0 0 0 0 0 0 0
0 0 0 0 0 0 0 0 0 0 0 0 0 0 0 0 0 0 0 0 0 160 50 12 66 95 212 98 129 186 110 105 146 183 50 250 1 129 51 229 8 82 201 82 249 142 100 40 224 26 241 30 165 16 253 151 248 231 145 250 255 39 70 64 115 235 238 205 54 191 104 146 111 142 137 15 3 199 147 126 132 84 78 221 30 50 149 125 218 8 171 75 65 20 202 118 52 44 61 165 40 238 195 106 254 201 96 141 0 0 0 0 0 0 0 0 0 0 0 0 0 0 0 0 0 0 0 0
0 0 0 0 0 0 0 0 0 0 0 0 0 0 0 0 0 0 0 0 118 193 208 247 10 76 250 64 224 87 193 113 141 253 85 194 231 67 193 1 52 248 11 168 70 71 94 139 143 185 141 237 17 221 150 56 157 102 196 119 26 2 248 93 187 34 116 65 21 103 215 232 251 106 217 98 121 241 222 2 13 49 122 156 154 43 0 78 100 168 69 197 31 133 142 107 238 203 98 240 133 121 130 231 229 237 67 100 42 0 0 0 0 0 0 0 0 0 0 0 0 0 0 0 0 0 0 0
0 0 0 0 0 0 0 0 0 0 0 0 0 0 0 0 0 0 0 26 247 163 90 101 221 254 171 138 48 39 151 57 161 45 51 235 75 239 139 9 64 17 23 205 157 58 142 137 219 177 150 165 220 109 80 97 195 221 143 66 125 147 14 92 164 242 126 219 151 88 227 131 118 174 142 139 189 194 188 222 45 2 238 33 210 132 55 254 84 5 31 111 72 132 114 144 7 221 148 178 219 5 69 80 251 49 54 203 25 133 0 0 0 0 0 0 0 0 0 0 0 0 0 0 0 0 0 0
0 0 0 0 0 0 0 0 0 0 0 0 0 0 0 0 0 0 138 134 102 246 221 143 184 235 10 164 207 71 117 76 14 217 193 50 110 111 167 71 122 216 117 120 99 26 168 220 179 191 147 87 109 142 132 147 233 210 23 4 190 77 23 172 122 180 248 141 121 144 226 182 232 121 252 13 11 220 111 121 238 203 141 180 197 148 44 13 73 22 51 253 202 21 151 224 153 94 25 253 142 22 245 199 245 246 90 82 155 1 101 0 0 0 0 0 0 0 0 0 0 0 0 0 0 0 0 0
0 0 0 0 0 0 0 0 0 0 0 0 0 0 0 0 0 212 215 115 25 127 5 160 213 96 249 102 43 12 155 29 242 223 7 229 212 11 74 95 117 154 191 101 44 16 0 168 117 200 152 163 160 222 72 71 169 17 115 201 135 247 183 0 181 94 39 143 163 73 170 63 2 29 136 75 184 77 43 139 176 28 100 61 83 54 247 178 80 121 233 251 166 140 49 143 166 232 114 156 230 27 219 114 195 70 17 84 38 226 109 81 0 0 0 0 0 0 0 0 0 0 0 0 0 0 0 0
0 0 0 0 0 0 0 0 0 0 0 0 0 0 0 0 143 247 220 56 100 201 92 177 139 145 124 24 53 129 32 209 121 221 80 50 75 23 84 166 70 163 94 236 105 216 60 239 43 22 153 25 177 66 172 165 238 164 168 136 63 190 50 36 51 158 140 47 34 190 243 248 26 130 107 0 193 221 103 93 63 51 209 50 199 107 207 191 209 48 4 107 64 233 246 193 51 215 8 227 134 88 16 20 7 122 79 105 144 136 42 40 92 0 0 0 0 0 0 0 0 0 0 0 0 0 0 0
0 0 0 0 0 0 0 0 0 0 0 0 0 0 0 156 89 98 75 50 207 24 197 86 132 215 157 235 20 196 206 203 19 186 66 121 167 167 193 90 133 176 233 221 197 129 155 184 251 113 243 91 242 242 21 7 224 70 211 151 129 154 65 29 250 69 182 209 85 59 163 205 117 116 68 126 210 92 31 164 10 124 195 57 41 226 13 42 42 115 187 143 129 84 253 186 54 125 67 3 50 232 226 83 80 46 225 50 94 192 11 233 17 0 0 0 0 0 0 0 0 0 0 0 0 0 0 0
0 0 0 0 0 0 0 0 0 0 0 0 0 0 0 167 133 19 178 143 161 167 127 232 76 6 77 240 174 172 148 112 160 123 170 54 14 62 231 208 18 186 73 82 33 92 94 94 202 117 182 67 60 3 125 156 45 160 58 240 91 127 211 90 24 35 197 94 71 180 5 10 255 34 140 23 160 209 247 39 99 36 124 64 15 15 97 130 183 206 183 176 214 163 22 65 189 155 83 39 131 157 196 134 29 199 92 205 188 121 164 117 218 131 0 0 0 0 0 0 0 0 0 0 0 0 0 0
0 0 0 0 0 0 0 0 0 0 0 0 0 0 221 255 129 249 255 202 44 159 3 175 195 112 93 167 42 43 204 84 67 210 30 238 168 96 65 4 79 105 89 183 169 233 168 88 235 34 17 145 238 134 94 132 157 180 93 15 51 137 131 45 121 66 9 16 141 91 179 195 182 63 3 190 239 208 204 155 185 54 11 59 156 131 205 140 104 96 111 208 155 99 48 63 50 156 156 251 98 217 26 223 146 72 103 133 110 96 84 32 66 74 39 0 0 0 0 0 0 0 0 0 0 0 0 0
0 0 0 0 0 0 0 0 0 0 0 0 0 118 130 236 148 29 2 192 36 59 33 93 166 115 35 202 35 172 191 32 174 11 119 48 242 42 108 239 142 109 19 167 11 131 216 44 36 62 167 244 67 42 68 22 52 173 61 98 23 208 144 191 122 189 80 183 16 30 71 162 145 188 55 83 221 230 211 218 54 249 33 113 27 143 34 5 68 129 106 26 14 254 115 40 163 213 30 1 72 210 244 128 76 187 67 158 38 135 75 249 60 100 127 14 0 0 0 0 0 0 0 0 0 0 0 0
0 0 0 0 0 0 0 0 0 0 0 0 49 218 142 232 21 21 196 142 161 79 179 18 177 87 90 44 243 133 77 250 48 122 156 215 144 166 113 231 180 238 53 170 116 184 217 200 107 29 160 139 175 58 164 82 18 139 126 39 55 213 108 31 207 108 233 14 155 252 73 133 121 61 189 237 66 102 68 194 163 185 74 10 84 165 213 204 51 226 143 226 97 113 2 27 138 141 51 248 137 85 235 120 28 72 224 78 85 108 154 216 53 2 162 196 222 0 0 0 0 0 0 0 0 0 0 0
0 0 0 0 0 0 0 0 0 0 0 0 252 146 130 230 137 83 202 237 76 60 102 152 48 163 232 128 185 123 235 241 204 41 98 212 9 24 3 91 229 207 209 170 130 18 63 233 119 72 222 51 222 52 111 79 85 93 156 237 21 175 105 221 65 67 167 2 252 193 158 243 173 26 88 144 179 172 197 25 41 222 109 146 106 114 44 194 162 240 146 127 78 231 146 28 255 39 199 7 149 199 224 241 181 51 193 93 143 249 81 230 205 21 214 242 107 0 0 0 0 0 0 0 0 0 0 0
0 0 0 0 0 0 0 0 0 0 0 61 86 18 46 242 75 100 27 121 97 42 142 110 234 108 45 201 224 75 125 81 78 38 115 169 158 97 105 56 119 204 167 107 240 254 4 5 132 89 43 20 37 128 120 129 236 105 50 139 115 197 166 69 18 213 147 123 125 113 37 109 20 86 246 155 60 82 240 106 72 158 122 110 83 167 15 231 226 82 72 151 86 188 102 217 22 184 171 141 141 19 43 144 2 7 49 4 138 102 82 134 197 22 187 56 150 255 0 0 0 0 0 0 0 0 0 0
0 0 0 0 0 0 0 0 0 0 194 116 134 150 153 118 211 213 62 36 249 6 22 101 123 6 228 120 1 250 132 102 178 206 135 170 89 201 89 211 29 217 200 146 124 90 220 223 215 244 27 204 70 153 22 108 170 18 32 174 157 80 24 140 239 40 141 31 94 157 14 40 181 186 241 21 232 132 153 123 174 255 51 127 135 65 240 114 254 63 114 51 88 232 41 185 195 19 56 143 140 254 33 2 63 161 89 63 182 27 74 137 254 217 205 184 134 211 236 0 0 0 0 0 0 0 0 0
0 0 0 0 0 0 0 0 0 0 119 213 229 67 98 28 77 201 104 194 224 14 15 31 165 151 242 26 154 116 136 224 40 89 174 34 86 215 29 204 24 34 133 96 167 200 18 89 60 41 188 102 182 8 8 251 101 52 99 19 228 183 197 251 193 89 94 162 242 207 132 190 108 141 4 14 189 201 30 27 119 9 163 246 209 69 36 212 0 115 104 128 233 18 98 43 176 63 213 231 236 43 85 229 85 179 200 43 25 147 60 129 74 178 215 12 205 24 218 0 0 0 0 0 0 0 0 0
0 0 0 0 0 0 0 0 0 187 255 6 195 193 102 127 174 77 60 193 199 83 88 132 82 105 21 241 142 84 4 24 78 7 98 175 215 67 216 203 100 250 106 6 27 253 230 79 180 216 36 28 149 33 78 103 213 186 85 236 213 1 189 133 228 68 80 15 140 123 161 189 41 2 174 27 168 238 36 143 47 60 109 36 42 133 109 254 198 198 147 112 167 199 139 1 51 180 166 206 78 24 33 217 252 236 84 115 189 199 9 212 159 224 226 50 16 52 229 143 0 0 0 0 0 0 0 0
0 0 0 0 0 0 0 0 0 50 41 144 190 124 77 220 56 1 145 5 108 161 41 232 208 204 5 98 219 207 110 206 243 168 76 59 6 179 139 238 242 98 237 94 35 196 6 125 173 100 251 97 194 202 180 100 94 212 32 114 249 214 237 223 123 213 213 77 218 41 116 178 11 51 100 179 81 161 147 105 241 84 170 110 235 220 163 210 246 48 226 139 121 29 195 183 149 203 228 9 171 65 233 210 27 116 73 10 50 214 236 79 203 190 173 105 28 213 109 192 0 0 0 0 0 0 0 0
0 0 0 0 0 0 0 0 189 61 82 18 187 114 42 40 213 204 73 36 107 169 25 23 228 160 243 10 45 75 13 113 58 128 232 16 46 1 11 27 17 124 93 206 98 17 21 190 73 11 12 82 13 175 140 14 49 198 127 241 152 33 6 25 217 87 255 124 177 130 80 18 129 64 205 53 2 245 180 142 217 69 6 66 47 124 116 157 49 211 15 205 221 84 55 153 38 101 53 223 189 201 172 238 252 6 181 79 162 217 135 128 137 145 50 191 173 215 246 169 176 0 0 0 0 0 0 0
0 0 0 0 0 0 0 153 30 188 109 239 209 249 152 57 244 157 2 31 33 75 232 166 223 47 119 28 20 69 131 35 53 6 192 137 254 182 42 70 77 168 161 40 127 242 181 108 203 29 161 231 54 142 157 103 240 203 73 75 215 114 169 243 195 186 68 183 237 141 92 116 142 58 158 222 63 125 224 246 182 4 237 49 251 88 160 64 247 91 199 65 36 14 152 87 122 239 145 184 239 159 113 63 134 125 152 234 184 206 217 163 130 210 4 29 126 102 158 118 81 168 0 0 0 0 0 0
0 0 0 0 0 0 0 21 41 245 225 212 42 200 2 244 160 73 204 80 137 89 65 5 210 141 188 121 57 126 147 128 72 105 177 154 62 134 136 107 198 63 7 219 138 109 208 51 20 250 227 127 120 171 119 77 103 65 55 108 26 110 247 158 98 133 112 105 58 74 229 30 64 56 48 125 80 28 29 82 126 22 64 51 216 214 254 35 66 156 7 140 103 2 195 212 30 244 150 211 228 208 23 175 81 163 9 43 7 1 27 233 163 182 248 50 127 147 227 236 11 5 0 0 0 0 0 0
0 0 0 0 0 0 227 112 131 170 169 104 106 247 131 2 76 144 107 131 19 218 56 15 248 247 8 197 169 77 134 75 203 44 13 167 124 17 146 70 79 60 203 56 38 248 178 237 132 97 10 250 252 231 25 32 42 156 50 142 236 222 114 162 103 52 243 251 48 164 92 94 0 236 45 242 244 252 65 38 126 86 154 130 125 15 99 79 241 102 22 228 191 232 70 168 24 104 91 224 111 1 243 102 133 42 213 151 103 121 179 156 164 137 62 53 173 121 69 253 232 61 15 0 0 0 0 0
0 0 0 0 0 0 95 27 103 114 147 252 237 56 129 142 151 70 16 44 175 137 133 130 158 198 78 31 149 16 77 103 65 121 130 46 73 75 234 232 245 204 98 158 195 2 101 31 81 43 89 197 168 11 5 6 229 114 123 249 48 78 23 139 101 5 135 242 75 25 226 153 215 43 2 73 248 111 233 144 22 225 88 108 207 150 52 6 61 29 249 13 72 23 145 96 166 192 172 155 136 86 134 239 0 232 20 7 158 100 96 113 8 106 96 150 104 221 132 129 6 63 199 0 0 0 0 0
0 0 0 0 0 0 168 91 46 212 14 104 125 235 82 223 28 89 16 45 21 207 224 154 31 175 142 200 220 212 211 149 85 229 96 102 203 249 249 243 77 65 248 182 214 25 73 217 1 161 9 117 186 180 5 212 181 155 168 101 117 215 232 113 28 239 254 25 3 170 33 164 183 7 198 118 110 193 213 246 171 146 231 236 185 227 173 57 195 62 75 240 224 53 209 46 119 127 31 186 157 120 72 104 18 45 129 72 35 163 79 197 106 84 234 198 144 191 5 229 129 172 55 0 0 0 0 0
0 0 0 0 0 59 66 92 95 142 108 237 82 120 108 78 203 180 39 198 140 59 35 59 97 160 74 23 215 123 148 211 209 191 64 186 15 23 166 167 113 214 72 95 115 35 221 124 57 87 127 119 141 127 76 187 74 122 142 162 86 184 33 161 151 211 19 170 134 142 94 47 39 245 141 169 170 35 116 121 136 204 56 80 222 179 243 1 166 145 93 79 233 192 103 139 27 34 98 176 132 202 92 250 205 56 155 224 33 59 205 201 185 202 67 194 31 66 197 104 14 59 198 250 0 0 0 0
0 0 0 0 0 109 37 189 204 19 7 233 7 1 185 209 108 119 157 203 247 145 49 33 101 43 121 167 159 195 199 49 105 0 120 6 160 125 0 244 220 26 84 11 74 213 183 199 186 186 1 94 240 204 52 134 104 10 197 131 211 84 153 102 128 152 190 179 42 5 204 236 178 40 52 149 172 44 97 59 167 181 41 53 81 218 165 59 146 226 18 199 29 60 31 219 70 123 75 241 28 211 47 60 245 95 42 85 182 178 139 197 155 255 155 133 73 210 84 205 225 204 177 78 0 0 0 0
0 0 0 0 131 62 17 1 214 22 119 228 167 251 145 3 203 225 180 40 5 115 171 58 36 191 196 225 61 35 76 121 217 142 100 130 65 129 52 235 128 234 42 190 36 132 27 46 224 212 232 104 166 57 5 96 77 176 168 50 185 162 92 79 240 102 54 130 110 195 117 56 210 96 251 144 127 232 33 75 63 23 184 105 225 74 101 71 91 68 10 136 208 196 57 75 197 52 114 24 235 171 7 53 34 23 211 192 188 110 189 148 73 89 45 32 212 42 239 52 195 96 22 254 64 0 0 0
0 0 0 0 40 176 44 105 62 10 227 251 158 14 150 243 150 183 64 14 99 169 193 169 22 240 53 64 6 203 14 116 228 89 33 26 70 168 60 165 56 247 205 229 56 113 186 242 144 195 206 250 137 249 131 236 243 95 49 140 33 219 90 243 175 191 42 79 35 107 234 146 237 88 6 96 23 188 93 37 190 70 213 8 139 44 126 230 73 116 66 122 192 251 108 230 56 206 59 247 219 162 208 14 95 153 174 61 46 13 74 157 147 204 61 38 8 247 223 156 5 253 139 15 28 0 0 0
0 0 0 0 129 73 45 118 246 139 50 198 170 213 241 226 31 98 140 60 93 61 0 70 81 233 9 65 19 255 156 143 209 104 175 7 173 255 90 127 123 136 141 173 20 12 240 205 175 201 176 250 201 76 32 141 119 39 255 134 133 178 7 51 162 189 202 172 24 83 170 210 49 116 247 36 251 78 158 207 73 6 126 195 150 121 111 141 32 89 13 188 61 57 250 80 136 253 184 150 224 78 219 189 94 121 70 219 157 161 115 57 184 57 149 59 154 149 100 252 98 24 71 200 120 0 0 0
0 0 0 8 108 14 120 4 242 182 8 33 176 72 216 53 82 39 250 231 153 210 58 179 91 199 34 8 186 108 144 41 179 213 42 228 4 0 136 187 161 65 58 90 153 76 40 195 183 58 26 133 29 155 9 86 1 185 253 163 180 32 227 140 71 187 115 106 152 36 32 154 20 157 242 47 26 253 241 101 178 9 223 226 124 62 47 36 38 106 168 85 81 251 1 59 7 157 5 96 55 232 223 111 33 111 84 42 1 135 184 61 80 121 68 225 229 134 200 44 85 224 48 182 206 28 0 0
0 0 0 50 139 131 205 248 89 4 69 80 62 20 86 174 59 165 127 67 151 71 168 181 82 134 149 38 90 39 86 123 108 158 83 205 240 252 112 97 115 192 134 226 13 116 122 17 125 17 163 26 172 51 115 199 13 243 54 143 59 180 99 193 252 80 135 31 238 47 221 23 241 46 44 184 182 33 180 17 103 112 80 153 74 34 158 117 41 162 232 80 248 215 82 251 159 135 38 214 79 68 79 133 160 106 62 203 92 141 109 160 230 192 104 18 213 34 188 70 227 70 163 145 206 140 0 0
0 0 0 184 57 3 43 25 4 249 50 25 149 157 47 154 175 13 243 11 31 6 134 121 117 115 122 247 197 149 216 108 18 92 174 104 149 253 27 179 86 189 58 11 99 62 158 163 132 198 23 244 127 217 229 127 228 73 180 88 155 215 170 228 124 233 22 218 151 16 169 5 52 199 184 245 254 36 11 209 228 28 241 30 42 42 154 245 110 163 48 226 243 91 104 230 133 30 146 127 30 226 36 56 242 146 238 8 102 80 211 60 10 241 33 73 228 62 221 213 139 65 221 142 179 92 0 0
0 0 0 6 85 43 12 112 166 186 178 12 51 103 134 247 44 173 130 55 62 126 79 157 241 9 62 164 26 87 7 164 111 43 83 18 158 118 119 0 78 145 74 138 210 239 9 174 218 139 110 45 156 149 30 81 27 44 85 69 171 109 55 18 108 176 132 62 173 146 11 107 22 227 127 171 228 208 113 205 69 213 94 101 21 94 5 59 161 203 143 105 180 62 96 63 243 116 183 238 158 209 146 46 69 218 141 43 224 106 67 139 23 232 178 160 103 213 210 47 78 17 177 128 150 228 0 0
0 0 201 172 254 88 228 220 116 202 17 113 172 77 201 237 237 139 132 181 169 91 157 78 231 20 160 2 134 90 145 52 140 86 239 33 212 49 23 195 21 33 159 85 45 66 235 186 174 219 226 186 163 159 164 72 166 186 250 253 22 8 21 51 168 107 75 51 23 1 220 67 218 20 149 197 25 205 104 76 25 40 46 26 19 166 183 8 145 222 252 81 20 120 197 56 168 76 92 76 119 177 29 116 160 120 221 131 15 143 103 77 173 209 96 152 136 71 84 170 205 76 1 234 50 100 93 0
0 0 52 178 175 36 159 149 196 251 48 112 77 170 114 253 193 91 75 69 121 229 145 201 220 18 104 59 58 176 82 202 121 11 225 217 92 154 146 0 63 98 252 159 44 238 21 19 14 241 211 83 17 142 108 162 234 43 171 223 195 13 214 223 54 104 187 43 252 20 175 168 243 6 105 212 94 42 183 0 53 128 50 171 173 154 207 197 185 9 192 106 39 222 197 251 65 139 187 131 15 22 151 123 128 120 152 102 124 246 229 70 22 36 104 114 139 223 108 184 193 75 21 24 49 11 168 0
0 0 151 133 50 121 207 42 208 206 254 0 123 138 83 108 198 107 9 251 97 22 8 106 94 58 128 185 229 252 6 45 239 100 44 51 103 110 216 172 87 13 194 100 164 146 36 15 56 24 64 211 39 14 13 64 122 14 59 255 163 243 139 192 73 147 120 175 181 205 205 96 80 48 226 92 198 17 212 249 77 100 23 143 115 31 76 222 244 58 11 51 38 255 175 243 62 123 32 164 192 239 76 199 31 2 110 244 49 40 172 124 195 208 201 2 172 198 151 97 28 27 214 182 225 37 151 0
0 0 74 108 135 251 89 205 131 27 38 193 6 97 0 155 119 107 237 126 11 9 108 194 216 61 172 60 69 210 225 45 133 172 61 146 62 161 163 248 169 183 16 230 143 157 192 166 89 52 191 188 26 182 12 96 30 140 146 15 187 126 141 80 0 86 184 212 91 10 193 120 166 108 105 71 189 82 231 22 181 203 213 233 118 71 23 167 149 61 175 134 127 222 24 177 183 217 36 207 48 52 192 226 27 22 120 239 168 213 48 218 120 23 216 126 164 134 44 44 13 247 117 93 79 13 23 0
0 161 128 132 170 203 114 185 46 34 178 170 54 130 157 57 155 100 203 178 65 192 240 250 98 174 190 95 161 161 134 99 34 120 138 3 82 84 59 55 245 29 127 28 109 250 66 162 17 142 122 86 56 181 110 210 199 56 199 25 77 97 161 48 46 83 69 95 41 183 156 37 139 239 245 209 73 225 130 230 49 139 155 210 198 166 121 74 129 198 70 162 211 39 178 235 156 6 194 233 136 80 54 189 123 52 106 45 37 231 168 42 55 104 185 192 31 236 49 104 128 88 226 209 178 107 52 73
0 216 96 181 251 221 16 157 68 78 123 178 215 191 173 141 63 207 177 178 69 242 105 73 182 9 100 37 138 117 226 130 40 70 78 55 58 19 148 193 131 185 253 177 185 87 194 221 232 28 129 103 43 216 224 46 168 130 117 72 237 8 42 43 255 15 153 167 90 138 150 65 133 38 9 83 206 158 61 99 30 187 142 145 59 196 154 94 118 83 15 220 129 172 92 72 160 170 249 225 251 132 92 77 69 162 57 148 55 118 113 172 71 81 254 76 214 6 244 8 232 144 109 243 219 46 151 241
0 170 1 223 110 200 181 64 21 50 137 104 158 216 105 8 169 127 204 175 245 145 69 190 164 190 59 145 162 199 105 122 245 253 125 83 104 1 201 211 225 57 204 234 60 134 78 123 236 156 202 251 33 157 73 164 77 104 56 251 74 253 95 115 47 190 250 207 155 88 34 63 57 229 9 114 86 56 49 182 38 232 163 153 119 136 208 218 176 237 48 194 240 193 217 96 27 27 31 149 152 199 141 112 130 94 15 80 175 28 252 244 160 128 28 71 37 94 230 156 102 67 52 175 247 0 111 217
0 152 249 81 21 102 166 131 71 119 186 237 223 21 215 167 90 15 83 29 240 27 156 109 83 135 38 190 233 52 140 37 27 198 89 144 183 106 100 105 80 22 223 132 109 176 3 197 19 233 120 53 246 184 1 181 183 29 0 117 18 166 155 34 105 243 36 246 187 248 127 159 222 77 55 249 178 141 31 82 181 137 52 212 63 255 104 249 200 232 180 193 170 213 114 77 117 25 161 47 223 122 199 174 250 140 85 213 111 171 239 76 136 173 201 181 27 15 146 103 32 23 25 7 138 142 242 186
0 73 199 23 50 230 119 50 192 252 83 132 245 120 109 169 121 61 117 27 64 115 155 99 44 112 75 23 170 187 1 194 71 108 208 16 152 87 104 122 152 173 231 11 48 95 131 192 184 58 223 198 1 220 120 249 161 193 113 179 172 233 133 225 218 210 251 85 89 224 141 218 74 198 47 188 90 51 234 89 246 209 130 228 215 170 79 99 219 80 122 231 92 236 70 122 67 49 239 77 179 132 26 233 54 213 167 70 170 96 178 115 9 69 53 248 245 47 217 136 125 167 84 182 82 151 245 169
0 61 138 126 133 47 89 65 61 145 118 129 171 52 192 134 205 80 148 72 31 119 45 155 97 225 10 143 141 105 135 143 249 124 61 52 83 29 2 244 163 4 213 76 77 78 98 200 71 9 110 202 120 190 207 201 182 185 61 164 32 146 206 184 192 194 84 200 100 111 55 203 51 241 133 81 212 132 135 177 175 29 167 155 150 133 159 168 116 74 90 43 15 225 138 173 195 40 234 0 112 62 223 221 87 235 19 255 194 87 222 28 136 243 252 202 107 40 218 183 208 194 146 44 170 178 120 153
0 251 10 12 6 155 228 68 152 43 59 39 190 151 62 44 130 223 5 20 62 244 180 72 78 34 77 57 10 89 137 75 242 79 124 148 16 182 25 106 53 66 205 153 165 11 114 227 182 112 86 203 203 143 2 54 162 97 175 226 213 149 171 251 225 48 155 140 124 251 174 44 60 177 254 247 69 203 109 13 120 37 87 116 230 27 108 66 65 27 109 238 81 234 137 144 177 79 170 165 22 184 236 124 186 76 165 72 69 215 108 120 117 2 161 237 210 82 196 194 182 234 155 201 241 112 153 61
0 175 116 148 191 53 218 8 208 10 136 239 150 27 44 142 116 131 108 170 113 204 146 58 98 83 64 160 181 242 211 32 8 179 194 188 227 107 142 25 137 5 80 66 151 29 48 250 237 46 244 106 72 176 176 204 25 255 140 120 219 212 6 221 43 6 223 128 128 120 182 79 100 234 117 191 197 88 25 217 62 123 215 116 215 107 144 20 186 54 73 58 169 126 44 82 53 104 131 215 11 248 152 240 238 114 29 52 243 167 152 228 179 186 142 72 44 182 55 107 135 109 113 108 24 57 190 127
0 71 237 187 122 239 40 16 231 192 127 81 68 8 42 252 178 212 186 183 209 201 193 54 161 89 190 139 199 116 152 1 251 179 208 113 165 175 160 18 221 129 215 77 48 59 66 92 119 206 196 204 130 88 197 94 87 33 159 225 124 29 214 197 62 194 58 168 13 120 190 228 148 134 179 64 46 131 250 247 29 20 19 110 42 12 248 52 173 239 102 45 15 191 194 174 27 48 65 5 31 18 106 171 29 47 2 149 41 202 106 186 120 25 184 3 137 152 22 133 184 17 144 159 196 153 39 202
0 70 175 195 23 108 130 51 85 199 159 48 173 165 109 153 184 32 142 112 243 170 219 48 224 30 12 155 184 89 47 218 227 174 230 223 132 139 199 255 228 150 102 244 57 52 238 91 27 161 9 203 186 112 229 140 239 67 18 133 250 60 26 83 31 82 116 243 24 174 158 242 20 140 162 21 79 90 55 196 228 237 149 154 50 157 127 54 125 187 78 215 41 142 131 106 94 117 167 145 186 183 17 152 194 87 73 137 16 65 150 135 45 88 157 7 169 203 199 176 114 207 134 110 36 148 107 213
0 168 117 169 19 154 255 71 246 45 214 221 177 149 127 43 27 156 60 92 67 129 35 63 138 185 3 161 180 124 84 224 49 196 101 112 186 250 32 239 32 71 167 99 117 27 230 203 254 228 57 214 152 47 197 39 198 134 13 115 20 35 249 131 238 174 160 235 86 236 110 164 83 162 214 79 255 144 1 238 19 43 120 250 121 189 197 254 195 204 168 231 44 233 165 52 130 140 16 158 75 194 36 0 198 2 213 93 147 218 61 120 93 16 174 245 221 15 113 110 103 115 228 168 152 250 227 229
61 55 182 22 139 8 185 157 191 214 175 242 187 133 44 93 187 76 42 213 149 28 14 59 20 144 246 140 243 78 167 196 182 221 241 165 98 97 103 26 124 245 252 203 124 107 70 74 106 137 159 35 32 151 250 147 94 164 146 146 152 155 50 121 195 42 67 49 202 148 149 51 195 179 242 224 235 221 130 50 205 167 107 125 254 85 218 103 228 65 232 84 11 80 85 38 160 227 204 253 241 254 122 29 57 167 180 247 2 22 52 87 95 151 220 176 189 156 194 249 224 181 12 82 203 211 205 101
0 15 215 130 94 99 40 127 113 139 185 41 114 206 181 126 163 228 60 25 109 149 254 162 174 88 234 112 66 194 198 55 154 187 83 219 255 248 105 82 55 56 141 187 95 129 11 255 88 163 40 121 20 165 165 39 240 124 194 58 33 194 166 214 97 155 58 22 174 222 16 47 201 220 188 179 223 150 165 39 93 196 225 60 61 35 7 240 78 254 156 2 60 186 150 142 62 178 109 122 234 93 90 172 252 86 87 175 208 154 233 164 24 41 124 213 212 185 22 34 121 225 11 215 67 156 124 170
0 232 218 66 138 182 184 35 183 194 113 73 142 106 248 125 39 102 153 48 11 251 2 81 234 184 78 39 74 123 9 202 229 107 232 85 26 59 22 236 183 187 130 64 153 34 30 177 217 89 231 73 194 157 247 112 102 82 238 121 76 60 50 179 150 120 197 235 72 38 225 245 159 255 117 219 12 178 38 235 201 222 230 155 49 64 11 249 70 100 123 94 184 68 144 186 253 162 68 36 87 51 22 136 48 5 151 146 214 186 173 65 159 15 139 11 16 183 16 170 113 11 5 122 26 35 81 159
0 234 77 240 234 79 226 104 15 140 29 127 87 99 99 121 180 68 206 232 197 184 47 224 242 140 25 13 245 86 149 100 99 7 128 23 138 223 135 241 40 202 74 238 40 187 138 81 91 75 16 118 50 97 107 89 78 4 147 158 19 132 112 254 91 243 183 61 251 39 33 195 77 81 190 173 183 112 141 16 42 68 145 120 239 42 213 77 196 232 18 31 149 247 99 62 132 208 111 155 99 144 82 191 250 186 216 230 85 161 89 59 55 248 210 140 249 9 186 33 69 201 187 194 114 38 37 1
0 55 247 135 205 195 9 160 76 29 176 196 33 251 241 58 63 159 171 8 107 24 101 34 242 55 219 97 222 61 148 91 83 52 118 195 12 224 168 160 220 88 97 61 35 153 252 26 203 91 162 88 177 145 45 113 97 94 118 231 62 137 56 79 192 255 76 219 187 37 148 156 147 229 236 95 212 207 92 8 197 4 49 90 114 246 223 151 68 239 12 249 12 86 238 203 214 148 24 10 119 83 19 255 51 16 54 116 221 236 9 172 133 72 4 219 205 205 86 220 80 181 121 201 146 79 61 208
0 231 218 226 101 8 4 50 118 237 224 133 85 20 127 163 72 210 127 202 223 40 200 248 62 107 160 26 234 83 156 7 57 140 204 103 182 68 47 104 45 148 254 70 110 224 230 60 50 217 114 212 3 189 163 132 212 191 175 11 149 229 85 200 126 79 162 184 218 31 33 107 193 174 84 63 128 201 191 121 60 242 148 235 103 120 211 51 45 17 151 129 117 150 47 163 85 169 95 2 97 188 176 78 80 177 96 179 94 25 202 3 92 244 45 181 180 47 98 196 106 29 187 102 64 228 92 23
0 59 152 44 142 130 225 127 131 158 23 126 85 15 74 139 149 105 100 111 221 69 155 74 199 161 255 132 173 161 125 46 61 197 211 178 130 78 112 44 81 140 241 223 204 230 25 121 42 170 240 221 24 103 32 175 150 190 141 113 130 31 241 226 85 146 197 74 162 146 25 72 82 219 38 216 130 57 134 219 213 7 67 236 26 129 64 208 136 154 15 6 126 43 16 179 80 63 215 114 158 218 231 231 40 48 69 255 126 44 16 190 96 127 16 134 241 4 228 127 199 134 229 76 48 136 56 211
0 132 29 29 112 37 121 174 227 122 74 162 56 206 165 119 171 57 95 3 123 207 121 65 104 174 23 188 4 209 240 180 181 90 204 19 73 157 54 214 188 214 213 52 163 137 198 56 174 150 43 161 53 64 243 135 207 229 16 247 97 37 127 94 149 154 212 92 170 78 186 159 178 34 84 103 7 72 93 55 130 122 25 68 2 156 202 145 14 24 76 175 194 163 76 67 114 23 231 136 218 124 228 195 142 176 202 174 136 71 74 171 68 95 134 185 194 103 253 23 49 106 192 214 122 127 183 127
0 119 173 123 52 227 86 186 93 74 56 171 67 91 69 226 49 163 229 240 243 248 231 166 176 115 237 174 166 140 4 78 16 245 62 60 82 236 81 123 45 107 236 66 80 35 227 1 36 52 113 143 126 214 47 248 197 143 173 2 26 214 12 95 12 43 3 166 68 220 149 157 43 190 76 220 170 15 113 167 151 199 127 147 222 99 149 194 156 216 49 24 199 57 48 60 22 123 253 81 122 130 95 13 150 46 110 86 69 235 122 32 14 250 33 140 69 230 239 155 157 79 70 196 8 178 255 196
0 174 130 159 213 14 168 110 120 83 254 229 55 77 11 179 48 37 61 123 235 102 198 109 148 94 146 77 19 190 42 183 249 71 195 128 18 124 239 248 22 175 21 106 120 153 178 237 188 34 124 151 229 198 45 241 145 188 64 157 86 172 150 214 227 90 242 119 207 114 50 106 242 14 22 173 118 129 80 8 134 201 82 102 71 185 65 109 205 32 30 207 8 126 212 194 22 191 107 13 76 78 251 0 118 210 155 104 4 253 149 223 25 240 47 94 255 216 63 0 209 25 12 104 174 207 134 28
0 96 129 238 244 170 4 96 238 150 122 158 49 45 155 126 201 86 133 223 24 47 162 63 65 217 205 51 5 0 90 106 173 207 192 11 55 89 78 85 78 78 99 204 234 191 238 169 84 117 146 155 29 21 2 192 240 227 147 75 159 124 69 46 58 67 86 166 178 158 149 181 46 221 148 228 215 16 56 79 109 122 140 213 190 66 34 218 110 212 115 34 167 51 95 128 140 230 142 11 216 21 192 121 142 65 145 80 14 167 94 180 149 205 228 185 108 147 124 183 178 11 92 244 166 192 239 130
0 152 160 199 183 109 29 209 125 131 110 21 83 98 212 146 69 81 216 65 111 51 110 199 59 67 170 34 242 236 6 115 85 6 94 205 191 25 3 128 73 96 207 128 119 55 85 132 161 155 222 22 207 197 140 125 35 27 213 119 2 49 243 229 164 95 186 186 170 14 106 239 51 76 64 50 123 58 238 109 6 3 121 60 219 118 241 89 138 252 80 191 224 40 167 164 39 212 187 162 163 7 161 231 156 44 52 234 50 34 182 160 38 117 155 233 65 240 138 77 7 192 46 161 85 54 188 203
0 0 171 230 67 146 233 15 126 2 224 21 38 162 139 218 77 125 70 218 164 214 48 64 151 153 174 47 5 161 78 252 140 206 77 143 171 69 185 254 116 229 118 114 105 148 242 21 45 240 176 254 205 64 199 254 88 137 27 63 239 16 179 104 175 218 54 226 32 73 221 127 39 76 142 86 217 119 12 27 37 55 137 254 96 233 241 177 254 130 170 170 0 81 218 242 91 176 35 109 37 126 219 81 8 109 135 25 203 170 22 224 194 169 47 177 95 148 21 24 102 198 55 110 89 226 144 0
0 0 151 182 47 89 77 132 101 120 242 88 214 126 76 110 234 212 88 150 121 94 139 28 114 249 135 44 145 52 87 74 66 79 161 242 110 56 158 6 71 169 22 190 135 171 211 183 152 190 4 197 8 206 242 67 13 12 208 77 128 109 175 96 198 182 224 237 71 236 191 193 35 29 115 83 171 63 75 117 12 10 193 73 121 16 132 201 168 178 232 157 13 67 246 225 141 59 132 8 99 181 171 192 230 111 1 233 149 114 19 73 12 252 215 192 204 123 197 81 204 196 118 178 68 117 243 0
0 0 59 141 204 86 54 224 183 94 69 120 78 151 164 25 101 7 231 90 169 197 124 36 115 28 101 108 5 176 21 107 99 48 221 2 29 98 247 69 250 115 171 27 34 47 55 36 86 39 235 166 176 211 229 13 223 103 67 125 191 119 140 184 49 81 44 221 165 39 75 56 34 233 170 253 33 172 113 44 235 157 237 137 183 56 186 113 152 117 235 119 201 96 116 146 218 88 15 92 23 77 90 120 199 71 169 91 37 81 115 155 248 233 168 85 238 37 189 244 211 47 223 21 173 207 70 0
0 0 81 67 183 99 187 50 3 93 232 35 175 202 12 163 50 170 41 222 9 246 124 5 216 193 237 52 113 1 113 201 184 164 53 59 68 5 82 101 16 60 28 101 255 159 107 93 26 128 102 6 98 79 103 35 42 226 12 74 164 87 68 60 254 17 204 46 174 4 120 171 63 190 127 33 136 183 132 188 203 219 21 155 27 123 164 242 44 44 254 106 134 237 216 86 156 17 210 210 138 3 54 0 15 236 149 146 134 213 78 65 222 50 85 42 97 95 253 61 32 205 233 8 200 185 155 0
0 0 0 5 71 214 2 215 180 176 243 186 37 128 93 21 41 57 45 47 213 241 169 40 48 45 185 250 61 166 129 210 225 118 182 30 121 135 193 96 158 102 153 111 181 14 23 89 17 106 8 245 92 205 85 254 0 246 231 60 85 18 227 238 120 236 168 54 103 4 18 104 246 172 175 250 199 210 93 84 32 174 134 168 191 194 139 65 20 88 44 162 145 114 63 250 67 157 96 186 167 248 94 19 158 218 63 61 198 96 43 185 77 27 221 53 27 243 240 70 35 80 128 2 136 248 0 0
0 0 0 25 68 74 155 252 155 86 122 34 245 60 31 86 132 53 1 212 102 114 170 36 137 15 251 168 71 198 165 242 137 182 37 130 25 135 176 38 213 155 199 46 87 103 89 82 8 161 32 33 218 62 55 232 195 109 177 219 165 149 4 200 169 75 98 28 219 18 51 104 58 146 52 41 90 199 175 98 18 179 118 37 98 191 200 41 109 72 143 126 41 47 226 112 203 76 61 93 157 101 115 236 147 126 106 244 172 48 184 15 153 232 231 11 213 49 182 47 239 45 201 143 174 201 0 0
0 0 0 101 186 80 147 162 6 66 39 56 172 88 3 153 152 138 13 196 0 225 244 151 242 105 5 31 71 195 72 44 67 150 144 7 158 182 200 30 89 176 135 221 77 158 155 65 6 16 64 188 1 26 127 7 169 192 168 96 75 40 170 232 170 211 142 123 218 232 112 248 215 183 134 229 142 152 130 121 160 216 129 203 150 252 251 8 116 235 67 153 226 211 61 125 223 111 223 90 127 174 6 36 71 253 128 134 35 91 130 14 129 113 207 22 165 252 81 127 50 117 197 21 229 249 0 0
0 0 0 11 164 201 198 82 198 147 180 186 126 182 221 16 215 52 140 185 206 229 7 105 160 32 116 46 93 20 198 13 177 81 76 66 149 234 129 30 55 250 228 170 161 28 13 145 41 150 240 78 214 41 200 149 213 71 155 30 252 87 103 251 147 122 156 40 130 226 7 222 52 120 66 41 219 127 196 8 26 57 150 126 111 29 11 14 96 14 23 176 53 36 78 218 164 51 56 241 8 215 243 158 170 160 67 129 165 249 112 58 32 204 163 140 253 116 1 209 173 118 18 247 197 4 0 0
0 0 0 0 124 221 165 105 249 243 34 225 85 51 44 77 62 57 45 95 227 31 2 4 110 142 73 174 81 26 224 40 121 99 96 4 18 192 76 208 97 241 51 9 126 25 192 90 172 144 128 243 3 71 27 25 64 16 54 95 94 6 36 96 193 129 100 174 30 187 76 162 112 153 120 233 28 163 107 209 175 72 132 45 52 221 123 254 142 212 115 0 153 250 150 129 44 51 37 59 219 41 66 152 6 156 20 121 4 108 222 45 176 34 74 218 199 156 249 153 27 65 199 118 116 0 0 0
0 0 0 0 244 11 252 214 114 163 186 50 195 137 202 164 31 74 172 104 131 3 122 219 187 30 7 141 231 217 94 18 70 33 78 254 226 28 44 38 235 69 129 169 81 47 88 242 151 57 21 220 41 112 35 14 233 4 99 144 189 155 98 191 222 237 164 247 3 215 161 21 9 74 71 86 151 28 171 105 16 195 123 116 82 226 178 165 147 173 2 26 152 164 29 113 46 10 212 64 151 120 35 231 249 77 7 50 82 178 72 185 184 159 92 80 80 28 52 140 166 73 58 10 63 0 0 0
0 0 0 0 124 139 146 151 161 42 161 44 208 186 235 30 187 181 225 252 199 88 78 27 220 118 231 169 57 166 156 180 37 48 63 68 40 88 162 229 141 13 249 115 97 15 14 41 226 195 159 244 74 54 242 202 78 106 234 3 17 95 191 180 192 24 31 170 116 130 124 112 7 65 8 52 51 179 71 219 199 204 127 173 12 11 240 140 173 70 252 26 192 236 230 245 40 50 224 211 123 191 176 87 234 82 76 225 179 92 36 162 74 230 63 51 34 41 164 37 63 97 126 157 230 0 0 0
0 0 0 0 0 184 126 188 134 216 159 25 175 185 41 36 114 175 87 167 224 246 227 58 71 188 237 245 76 155 3 143 54 193 232 232 108 220 200 13 30 157 107 253 93 166 232 230 184 144 46 123 117 2 220 0 158 134 119 159 228 153 27 77 203 80 209 194 71 42 221 247 67 238 113 53 72 251 199 8 127 163 198 0 237 169 201 186 79 157 83 139 18 134 228 4 16 87 160 120 28 227 198 167 79 221 25 23 77 139 99 210 31 211 91 79 183 201 163 216 93 139 232 34 0 0 0 0
0 0 0 0 0 115 104 250 240 152 38 201 255 227 19 176 88 183 49 254 175 210 1 244 27 61 112 219 189 198 228 33 148 21 145 79 225 234 154 179 58 58 53 144 97 220 193 71 236 83 167 9 78 162 129 89 112 95 70 107 215 83 203 129 177 23 253 26 77 84 199 143 215 9 118 17 162 182 255 120 163 92 63 146 189 165 50 65 184 12 91 132 4 178 93 192 145 156 138 221 22 126 68 35 144 9 202 255 55 104 93 206 213 51 58 69 148 109 236 198 33 148 193 17 0 0 0 0
0 0 0 0 0 0 65 7 134 53 81 202 251 31 112 54 2 190 7 157 139 144 170 74 16 198 86 183 181 87 45 161 60 200 68 40 225 164 117 150 159 153 122 42 253 75 173 216 1 141 178 182 62 147 66 162 157 51 6 59 56 148 18 30 76 126 27 137 138 89 201 174 142 200 172 137 17 250 218 129 240 239 97 86 239 181 139 20 203 80 235 72 108 30 56 231 176 171 108 182 231 145 27 236 95 67 109 62 55 217 116 139 68 42 24 80 138 90 112 13 133 225 201 0 0 0 0 0
0 0 0 0 0 0 43 35 121 229 175 109 246 236 180 145 238 74 13 189 67 160 51 121 191 132 178 130 124 208 238 159 45 178 3 206 16 239 101 201 114 54 53 251 81 91 122 32 154 240 231 222 157 160 186 72 206 123 116 94 58 192 237 32 108 129 82 194 17 11 198 187 62 124 134 222 130 158 163 40 158 216 174 190 239 130 57 92 161 201 207 192 103 131 227 171 30 195 228 56 221 216 234 195 83 121 154 35 25 111 194 24 198 1 76 222 140 5 72 209 37 135 233 0 0 0 0 0
0 0 0 0 0 0 10 64 59 218 147 176 197 8 147 233 94 21 250 226 195 80 247 233 140 77 118 137 31 34 185 219 193 22 129 230 33 48 247 83 139 175 22 54 62 229 82 126 3 81 157 127 89 184 20 249 74 167 185 54 12 152 27 47 61 229 150 55 102 159 91 2 152 201 98 253 103 16 169 142 202 26 53 75 44 177 146 6 167 145 133 158 127 8 165 38 205 184 69 183 93 133 188 252 89 95 201 162 172 156 71 96 205 165 22 218 148 98 161 199 211 203 125 0 0 0 0 0
0 0 0 0 0 0 0 70 254 227 199 236 226 232 215 199 150 155 134 211 85 160 179 22 133 72 24 60 246 34 20 222 253 247 45 212 57 46 181 98 181 51 89 252 165 130 154 134 129 243 205 33 34 3 224 194 39 57 191 119 204 71 236 63 180 94 113 136 78 70 33 4 98 239 194 38 84 125 121 157 193 15 13 24 87 239 74 148 213 183 110 232 62 71 75 230 61 128 252 23 235 169 35 38 87 135 249 80 132 187 250 188 65 251 147 98 235 99 157 241 155 102 0 0 0 0 0 0
0 0 0 0 0 0 0 12 100 230 144 35 60 29 129 85 204 249 51 175 232 203 87 137 83 88 220 45 3 232 158 23 117 73 218 2 193 234 252 2 59 230 112 219 237 113 234 91 51 48 97 29 234 255 26 245 78 168 235 122 246 9 97 65 72 52 253 205 13 245 234 168 26 185 88 196 194 220 245 28 157 98 87 228 35 48 214 182 230 80 33 244 19 167 168 42 55 231 95 98 152 38 106 235 207 182 25 199 50 108 81 89 195 62 85 13 86 171 106 50 65 30 0 0 0 0 0 0
0 0 0 0 0 0 0 0 148 154 159 111 223 101 100 228 32 131 7 77 171 87 131 102 209 25 251 83 144 231 191 108 7 100 30 93 121 155 8 10 232 131 119 205 228 13 39 127 194 21 224 69 144 215 3 205 230 160 85 18 222 233 75 245 75 239 104 222 64 115 139 82 37 114 136 87 144 166 5 232 116 217 133 227 111 1 26 23 88 190 21 92 228 62 181 31 131 41 241 57 204 151 245 40 231 239 60 181 99 202 101 78 138 225 62 252 31 146 242 62 141 0 0 0 0 0 0 0
0 0 0 0 0 0 0 0 0 57 146 192 165 250 7 115 228 62 149 52 83 198 27 80 192 87 188 172 42 198 92 211 103 190 27 89 197 105 110 126 25 188 232 177 62 49 164 242 168 146 207 204 178 41 56 56 152 141 149 13 129 20 149 10 108 5 223 63 91 193 207 132 234 218 183 188 194 116 38 240 73 29 136 0 198 227 123 57 131 20 48 16 205 249 59 133 197 241 110 215 5 65 187 195 193 38 12 49 141 65 164 164 187 153 112 203 145 234 130 69 0 0 0 0 0 0 0 0
0 0 0 0 0 0 0 0 0 253 229 29 107 53 215 204 151 249 231 72 67 69 255 55 245 255 14 198 184 206 72 46 168 63 87 103 72 15 97 90 156 20 184 225 101 163 209 234 157 187 50 186 110 33 208 157 80 194 119 39 255 112 180 56 88 45 242 204 4 34 122 62 77 205 156 25 113 1 58 139 222 56 196 17 221 153 11 156 175 66 197 205 96 77 40 125 232 75 138 33 170 147 111 193 84 244 132 183 135 214 66 167 127 217 149 161 142 126 80 91 0 0 0 0 0 0 0 0
0 0 0 0 0 0 0 0 0 0 85 232 86 67 203 179 212 90 226 193 79 220 87 61 238 145 205 125 69 225 10 128 186 104 186 181 159 103 82 199 233 204 24 98 143 24 63 195 66 18 141 97 41 74 37 48 157 252 114 56 55 152 245 163 205 137 149 35 211 170 126 122 48 143 50 63 113 119 240 85 1 159 95 115 196 25 168 164 143 199 33 207 41 194 25 189 35 64 199 57 81 104 158 15 140 103 252 20 235 68 133 49 70 113 30 149 138 31 157 0 0 0 0 0 0 0 0 0
0 0 0 0 0 0 0 0 0 0 26 150 107 70 29 67 82 74 158 168 101 81 20 47 137 66 26 61 61 224 109 236 36 220 141 174 223 209 121 97 231 252 249 53 255 11 108 109 133 104 52 74 129 4 110 78 131 15 240 244 181 88 164 174 146 125 69 180 200 90 145 224 223 17 103 20 127 4 13 155 36 160 201 227 185 104 165 218 37 139 11 97 235 5 250 166 93 167 127 139 76 19 156 98 70 160 146 92 216 200 44 93 159 219 53 64 57 42 180 0 0 0 0 0 0 0 0 0
0 0 0 0 0 0 0 0 0 0 0 77 24 220 13 215 77 249 35 249 207 87 141 27 162 106 114 192 22 176 177 99 115 36 136 198 4 226 243 156 235 244 80 86 148 242 251 115 47 129 126 123 36 126 188 165 134 17 10 241 253 196 140 0 101 199 245 127 125 224 107 39 247 164 96 78 97 232 141 53 233 46 39 243 76 79 3 50 206 39 139 245 21 120 46 199 153 125 204 39 0 57 160 3 168 106 96 59 252 0 217 26 114 212 196 178 155 16 0 0 0 0 0 0 0 0 0 0
0 0 0 0 0 0 0 0 0 0 0 0 243 226 184 105 198 187 117 182 132 10 143 113 146 142 8 203 234 241 179 40 51 155 37 11 145 21 94 85 76 170 99 3 177 6 144 224 69 129 6 102 144 7 27 188 58 20 52 77 152 225 46 24 230 123 61 215 65 219 239 21 129 254 34 186 235 105 121 71 88 143 46 15 35 182 107 8 96 23 16 115 214 235 39 168 144 43 80 60 196 105 134 197 86 200 226 2 151 171 52 87 218 101 107 178 73 0 0 0 0 0 0 0 0 0 0 0
0 0 0 0 0 0 0 0 0 0 0 0 184 179 105 101 253 210 126 133 205 146 148 175 175 137 104 9 196 141 159 154 238 59 126 102 217 132 63 3 69 155 211 176 181 141 14 45 185 70 177 152 187 58 152 81 177 125 209 107 57 110 209 197 251 21 236 86 242 50 91 168 172 17 210 161 51 72 238 229 27 5 3 16 156 50 111 178 75 59 64 108 150 248 208 219 101 60 217 131 136 211 47 183 216 126 131 159 178 245 225 91 180 49 32 64 55 0 0 0 0 0 0 0 0 0 0 0
0 0 0 0 0 0 0 0 0 0 0 0 0 43 67 203 92 216 51 68 225 187 16 15 81 5 31 64 164 42 1 230 100 129 223 130 102 232 45 215 167 10 170 51 116 21 65 225 108 228 242 223 228 24 134 129 130 188 54 85 154 194 185 28 63 180 249 195 24 90 113 202 222 92 169 77 180 0 253 25 230 52 133 47 86 157 217 82 201 212 35 62 54 47 190 114 204 225 54 57 62 93 255 14 45 72 79 77 133 119 109 149 7 52 175 237 0 0 0 0 0 0 0 0 0 0 0 0
0 0 0 0 0 0 0 0 0 0 0 0 0 0 159 169 1 190 245 212 132 145 183 144 245 244 41 133 156 28 39 141 14 128 226 75 238 89 236 219 69 255 187 11 26 115 92 87 230 149 205 169 176 9 164 254 21 159 110 179 187 255 184 45 252 63 34 114 46 41 246 49 21 105 255 219 51 137 240 214 222 246 93 42 102 219 248 190 128 211 38 131 200 180 230 62 250 116 75 184 89 59 141 25 214 79 29 8 152 113 1 82 131 127 135 0 0 0 0 0 0 0 0 0 0 0 0 0
0 0 0 0 0 0 0 0 0 0 0 0 0 0 0 128 45 132 171 150 27 86 36 68 43 239 157 216 80 113 9 11 122 39 212 137 80 119 249 227 170 8 148 74 202 58 10 255 7 63 46 186 138 6 155 112 24 72 67 32 225 74 63 58 0 42 236 20 226 58 250 255 12 117 239 230 239 73 13 48 233 56 216 110 73 123 213 4 51 225 3 87 121 118 96 24 216 44 246 82 0 42 114 226 201 140 173 36 49 120 218 145 202 75 0 0 0 0 0 0 0 0 0 0 0 0 0 0
0 0 0 0 0 0 0 0 0 0 0 0 0 0 0 127 167 97 36 240 218 240 197 70 9 198 87 15 215 245 109 249 76 173 131 237 210 140 74 171 102 211 235 40 187 237 47 99 212 54 175 100 225 48 162 223 116 1 31 251 43 107 114 134 144 243 210 28 122 235 169 224 79 85 92 78 8 71 17 150 118 149 36 119 176 65 140 210 47 8 138 11 77 75 145 123 176 193 119 198 116 151 120 0 244 228 180 40 8 235 234 237 170 41 0 0 0 0 0 0 0 0 0 0 0 0 0 0
0 0 0 0 0 0 0 0 0 0 0 0 0 0 0 0 195 209 165 224 164 251 188 202 173 122 65 134 171 171 79 3 30 70 41 145 168 31 165 89 46 68 161 54 93 29 30 32 211 56 43 219 251 202 253 38 227 233 204 43 78 157 58 207 156 183 97 207 34 179 135 252 159 0 43 82 163 205 85 232 24 190 200 73 126 137 227 130 134 10 131 188 161 160 219 45 173 77 17 63 226 104 116 254 229 185 119 108 141 151 43 1 58 0 0 0 0 0 0 0 0 0 0 0 0 0 0 0
0 0 0 0 0 0 0 0 0 0 0 0 0 0 0 0 0 126 247 72 84 253 160 203 123 150 153 220 147 233 28 149 85 253 83 93 192 214 169 63 167 169 220 153 116 133 185 153 207 118 104 72 73 215 230 166 108 136 136 61 160 156 87 247 236 188 13 250 13 136 27 12 149 147 107 94 105 73 30 254 72 233 163 98 11 126 53 147 201 205 111 191 153 180 153 232 170 31 27 75 46 189 76 115 103 225 173 99 123 155 128 210 0 0 0 0 0 0 0 0 0 0 0 0 0 0 0 0
0 0 0 0 0 0 0 0 0 0 0 0 0 0 0 0 0 0 124 94 89 73 168 85 237 71 0 128 253 18 242 158 33 231 76 197 67 189 15 72 142 211 41 14 244 30 67 215 135 216 66 20 42 249 174 92 182 166 77 120 87 172 232 212 97 138 166 163 38 60 27 184 183 164 126 176 85 95 226 59 41 202 139 209 172 189 112 135 108 150 197 248 174 188 248 26 189 34 206 44 37 20 161 48 51 188 207 13 250 233 142 0 0 0 0 0 0 0 0 0 0 0 0 0 0 0 0 0
0 0 0 0 0 0 0 0 0 0 0 0 0 0 0 0 0 0 0 134 98 21 73 99 166 36 219 165 167 170 225 129 104 30 126 16 14 223 241 148 47 19 67 27 11 201 250 50 114 110 76 89 210 150 237 53 82 162 3 135 208 243 254 171 16 229 21 177 157 70 169 14 164 196 55 128 18 236 132 53 48 226 75 20 87 135 42 123 191 109 164 123 226 12 80 185 83 45 29 159 108 254 115 117 32 55 207 60 21 83 0 0 0 0 0 0 0 0 0 0 0 0 0 0 0 0 0 0
0 0 0 0 0 0 0 0 0 0 0 0 0 0 0 0 0 0 0 0 81 96 183 94 74 61 156 96 75 132 111 163 151 199 110 166 89 88 3 191 131 142 214 3 97 178 16 8 15 28 213 29 98 255 168 33 191 204 98 107 139 158 192 8 189 31 94 209 234 77 35 222 100 123 228 122 58 224 161 180 107 199 157 136 218 253 223 90 104 215 132 169 40 35 158 138 251 11 235 236 156 224 178 184 115 178 128 222 189 0 0 0 0 0 0 0 0 0 0 0 0 0 0 0 0 0 0 0
0 0 0 0 0 0 0 0 0 0 0 0 0 0 0 0 0 0 0 0 0 66 61 23 228 117 153 90 91 227 197 175 29 6 31 53 193 146 104 62 150 95 168 117 92 17 124 133 181 206 60 182 17 34 121 214 21 48 56 224 141 30 250 135 1 70 103 65 208 154 86 138 124 62 74 193 242 198 169 69 216 83 106 242 107 88 202 13 39 8 144 218 153 14 63 181 240 252 152 228 29 245 181 246 35 183 97 139 0 0 0 0 0 0 0 0 0 0 0 0 0 0 0 0 0 0 0 0
0 0 0 0 0 0 0 0 0 0 0 0 0 0 0 0 0 0 0 0 0 0 226 3 140 128 29 2 243 231 0 225 114 202 188 214 142 26 227 181 193 30 11 13 102 82 140 194 88 177 101 52 163 202 45 80 49 86 161 219 8 226 235 115 81 16 210 50 127 34 216 180 164 126 230 130 99 241 238 224 175 142 106 2 180 48 123 86 112 197 212 247 66 160 50 127 108 246 84 181 105 80 73 38 249 253 160 0 0 0 0 0 0 0 0 0 0 0 0 0 0 0 0 0 0 0 0 0
0 0 0 0 0 0 0 0 0 0 0 0 0 0 0 0 0 0 0 0 0 0 0 64 221 39 66 16 192 45 66 253 255 95 111 46 241 218 6 235 76 8 250 56 90 53 111 186 188 139 140 110 169 45 16 99 95 243 71 87 102 28 15 183 7 163 101 106 67 80 43 81 78 36 88 243 61 40 240 243 102 131 180 235 14 95 63 147 236 132 220 220 179 64 18 149 247 129 55 142 47 146 248 2 250 83 0 0 0 0 0 0 0 0 0 0 0 0 0 0 0 0 0 0 0 0 0 0
0 0 0 0 0 0 0 0 0 0 0 0 0 0 0 0 0 0 0 0 0 0 0 0 0 208 51 170 140 209 147 122 211 9 163 109 175 82 47 197 168 7 55 110 143 135 185 127 100 131 23 45 217 7 61 110 44 126 48 51 17 110 45 30 117 150 249 221 95 212 227 226 113 138 229 174 90 252 226 239 225 125 82 123 113 139 219 63 222 251 215 185 205 105 18 25 8 148 122 241 200 0 220 82 0 0 0 0 0 0 0 0 0 0 0 0 0 0 0 0 0 0 0 0 0 0 0 0
0 0 0 0 0 0 0 0 0 0 0 0 0 0 0 0 0 0 0 0 0 0 0 0 0 0 0 45 178 102 222 159 185 250 163 113 48 38 115 83 172 119 144 80 111 129 8 210 5 246 190 50 71 58 113 173 232 246 57 234 75 201 55 12 36 156 212 44 63 120 190 104 15 141 208 10 229 30 189 8 132 171 40 242 68 219 75 84 127 164 53 61 249 42 141 181 175 129 35 48 67 34 255 0 0 0 0 0 0 0 0 0 0 0 0 0 0 0 0 0 0 0 0 0 0 0 0 0
0 0 0 0 0 0 0 0 0 0 0 0 0 0 0 0 0 0 0 0 0 0 0 0 0 0 0 217 85 94 89 208 223 57 26 78 199 137 18 52 183 83 230 76 222 20 255 145 210 149 181 186 255 16 219 252 248 5 212 92 229 208 176 155 214 127 66 215 40 66 68 38 60 199 154 235 147 228 235 19 89 21 43 125 106 24 203 215 162 126 122 167 12 88 142 141 11 130 65 247 4 64 0 0 0 0 0 0 0 0 0 0 0 0 0 0 0 0 0 0 0 0 0 0 0 0 0 0
0 0 0 0 0 0 0 0 0 0 0 0 0 0 0 0 0 0 0 0 0 0 0 0 0 0 0 0 0 106 106 198 190 139 105 144 255 162 233 125 195 234 122 170 203 11 73 79 50 43 124 177 189 116 57 109 42 19 69 66 87 179 46 206 179 174 25 77 74 161 248 90 127 18 164 32 49 111 206 73 162 37 128 202 107 45 233 182 114 206 246 196 69 10 175 37 53 125 47 29 0 0 0 0 0 0 0 0 0 0 0 0 0 0 0 0 0 0 0 0 0 0 0 0 0 0 0 0
0 0 0 0 0 0 0 0 0 0 0 0 0 0 0 0 0 0 0 0 0 0 0 0 0 0 0 0 0 0 27 78 247 253 207 52 1 219 22 146 64 130 176 156 181 97 46 43 195 213 109 162 222 193 88 29 136 71 33 45 35 114 5 44 11 195 62 71 235 143 132 48 218 72 158 164 29 200 45 203 191 131 246 213 89 123 236 230 126 76 89 232 43 156 184 124 7 186 114 0 0 0 0 0 0 0 0 0 0 0 0 0 0 0 0 0 0 0 0 0 0 0 0 0 0 0 0 0
0 0 0 0 0 0 0 0 0 0 0 0 0 0 0 0 0 0 0 0 0 0 0 0 0 0 0 0 0 0 0 0 125 134 2 82 207 85 245 255 14 103 98 76 69 13 5 167 39 0 2 199 229 227 207 168 141 231 134 79 184 3 164 168 20 226 160 80 162 124 125 135 32 72 64 155 32 163 51 204 67 175 40 219 151 112 29 121 112 65 37 159 154 7 251 253 253 0 0 0 0 0 0 0 0 0 0 0 0 0 0 0 0 0 0 0 0 0 0 0 0 0 0 0 0 0 0 0
0 0 0 0 0 0 0 0 0 0 0 0 0 0 0 0 0 0 0 0 0 0 0 0 0 0 0 0 0 0 0 0 0 0 171 138 18 209 126 155 74 0 172 237 58 143 155 72 172 251 79 203 124 87 148 6 58 94 233 18 141 14 120 41 16 252 72 48 116 199 59 114 41 146 178 140 147 80 66 0 193 238 213 158 146 55 61 211 113 93 48 97 63 169 205 0 0 0 0 0 0 0 0 0 0 0 0 0 0 0 0 0 0 0 0 0 0 0 0 0 0 0 0 0 0 0 0 0
0 0 0 0 0 0 0 0 0 0 0 0 0 0 0 0 0 0 0 0 0 0 0 0 0 0 0 0 0 0 0 0 0 0 0 31 251 152 5 50 141 251 64 160 207 40 196 239 56 185 174 243 134 233 111 91 110 97 239 88 217 205 194 3 39 69 169 58 136 111 134 134 193 35 106 15 55 84 207 192 108 195 207 177 33 119 89 116 208 45 28 84 143 92 0 0 0 0 0 0 0 0 0 0 0 0 0 0 0 0 0 0 0 0 0 0 0 0 0 0 0 0 0 0 0 0 0 0
0 0 0 0 0 0 0 0 0 0 0 0 0 0 0 0 0 0 0 0 0 0 0 0 0 0 0 0 0 0 0 0 0 0 0 0 0 183 46 48 1 49 95 100 60 106 112 161 13 20 138 64 154 163 188 101 189 76 113 90 37 222 224 88 50 179 98 151 224 86 170 2 125 114 67 147 135 122 254 18 5 207 15 26 93 87 201 182 26 194 41 85 0 0 0 0 0 0 0 0 0 0 0 0 0 0 0 0 0 0 0 0 0 0 0 0 0 0 0 0 0 0 0 0 0 0 0 0
0 0 0 0 0 0 0 0 0 0 0 0 0 0 0 0 0 0 0 0 0 0 0 0 0 0 0 0 0 0 0 0 0 0 0 0 0 0 0 0 170 86 143 186 169 103 136 16 94 70 28 28 199 52 117 93 218 46 106 48 150 232 24 136 217 63 201 238 173 71 203 250 163 96 143 132 139 132 114 128 149 64 145 136 148 241 188 149 131 0 0 0 0 0 0 0 0 0 0 0 0 0 0 0 0 0 0 0 0 0 0 0 0 0 0 0 0 0 0 0 0 0 0 0 0 0 0 0
0 0 0 0 0 0 0 0 0 0 0 0 0 0 0 0 0 0 0 0 0 0 0 0 0 0 0 0 0 0 0 0 0 0 0 0 0 0 0 0 0 0 167 43 6 36 165 245 120 244 180 33 1 111 198 247 118 24 13 208 222 233 207 109 27 85 189 17 129 67 40 141 118 135 197 166 35 86 73 207 2 35 155 201 89 239 70 0 0 0 0 0 0 0 0 0 0 0 0 0 0 0 0 0 0 0 0 0 0 0 0 0 0 0 0 0 0 0 0 0 0 0 0 0 0 0 0 0
0 0 0 0 0 0 0 0 0 0 0 0 0 0 0 0 0 0 0 0 0 0 0 0 0 0 0 0 0 0 0 0 0 0 0 0 0 0 0 0 0 0 0 0 0 88 130 53 160 177 196 157 178 120 143 183 223 181 106 54 244 211 185 242 81 22 26 142 118 107 245 104 78 157 93 44 149 222 157 229 13 173 204 39 0 0 0 0 0 0 0 0 0 0 0 0 0 0 0 0 0 0 0 0 0 0 0 0 0 0 0 0 0 0 0 0 0 0 0 0 0 0 0 0 0 0 0 0
0 0 0 0 0 0 0 0 0 0 0 0 0 0 0 0 0 0 0 0 0 0 0 0 0 0 0 0 0 0 0 0 0 0 0 0 0 0 0 0 0 0 0 0 0 0 0 0 0 226 60 211 118 80 75 228 240 212 22 244 168 171 29 151 179 97 152 238 16 0 173 2 120 169 109 134 171 183 177 202 0 0 0 0 0 0 0 0 0 0 0 0 0 0 0 0 0 0 0 0 0 0 0 0 0 0 0 0 0 0 0 0 0 0 0 0 0 0 0 0 0 0 0 0 0 0 0 0
0 0 0 0 0 0 0 0 0 0 0 0 0 0 0 0 0 0 0 0 0 0 0 0 0 0 0 0 0 0 0 0 0 0 0 0 0 0 0 0 0 0 0 0 0 0 0 0 0 0 0 0 0 25 194 148 77 58 240 188 4 252 203 140 162 205 37 59 232 71 139 152 207 198 174 174 0 0 0 0 0 0 0 0 0 0 0 0 0 0 0 0 0 0 0 0 0 0 0 0 0 0 0 0 0 0 0 0 0 0 0 0 0 0 0 0 0 0 0 0 0 0 0 0 0 0 0 0
