128
0 0 0 0 0 0 0 0 0 0 0 0 0 0 0 0 0 0 0 0 0 0 0 0 0 0 0 0 0 0 0 0 0 0 0 0 0 0 0 0 0 0 0 0 0 0 0 0 0 0 0 0 0 0 0 0 0 0 0 0 0 0 0 0 114 0 0 0 0 0 0 0 0 0 0 0 0 0 0 0 0 0 0 0 0 0 0 0 0 0 0 0 0 0 0 0 0 0 0 0 0 0 0 0 0 0 0 0 0 0 0 0 0 0 0 0 0 0 0 0 0 0 0 0 0 0 0 0
0 0 0 0 0 0 0 0 0 0 0 0 0 0 0 0 0 0 0 0 0 0 0 0 0 0 0 0 0 0 0 0 0 0 0 0 0 0 0 0 0 0 0 0 0 0 0 0 0 0 0 0 0 88 157 66 48 227 137 47 56 200 168 213 85 92 118 179 32 88 186 10 116 116 204 28 0 0 0 0 0 0 0 0 0 0 0 0 0 0 0 0 0 0 0 0 0 0 0 0 0 0 0 0 0 0 0 0 0 0 0 0 0 0 0 0 0 0 0 0 0 0 0 0 0 0 0 0
0 0 0 0 0 0 0 0 0 0 0 0 0 0 0 0 0 0 0 0 0 0 0 0 0 0 0 0 0 0 0 0 0 0 0 0 0 0 0 0 0 0 0 0 0 0 0 0 0 71 18 174 239 97 127 239 194 177 108 209 222 205 111 238 99 179 123 140 172 202 141 252 209 208 85 192 91 14 61 168 0 0 0 0 0 0 0 0 0 0 0 0 0 0 0 0 0 0 0 0 0 0 0 0 0 0 0 0 0 0 0 0 0 0 0 0 0 0 0 0 0 0 0 0 0 0 0 0
0 0 0 0 0 0 0 0 0 0 0 0 0 0 0 0 0 0 0 0 0 0 0 0 0 0 0 0 0 0 0 0 0 0 0 0 0 0 0 0 0 0 0 0 0 191 77 26 71 241 206 20 171 182 176 7 253 70 194 206 119 0 42 207 106 106 85 150 10 73 240 114 236 176 107 157 174 136 125 72 21 180 66 230 0 0 0 0 0 0 0 0 0 0 0 0 0 0 0 0 0 0 0 0 0 0 0 0 0 0 0 0 0 0 0 0 0 0 0 0 0 0 0 0 0 0 0 0
0 0 0 0 0 0 0 0 0 0 0 0 0 0 0 0 0 0 0 0 0 0 0 0 0 0 0 0 0 0 0 0 0 0 0 0 0 0 0 0 0 0 137 193 84 177 54 66 47 238 33 36 10 73 12 78 126 172 180 79 125 236 132 114 61 96 26 30 23 166 147 208 68 234 102 171 226 110 30 175 103 34 87 226 214 82 149 0 0 0 0 0 0 0 0 0 0 0 0 0 0 0 0 0 0 0 0 0 0 0 0 0 0 0 0 0 0 0 0 0 0 0 0 0 0 0 0 0
0 0 0 0 0 0 0 0 0 0 0 0 0 0 0 0 0 0 0 0 0 0 0 0 0 0 0 0 0 0 0 0 0 0 0 0 0 0 0 0 238 250 194 73 120 138 89 41 69 164 137 99 200 38 147 27 147 34 42 237 119 226 113 112 66 206 59 176 22 148 10 24 143 109 86 244 215 245 109 234 110 52 18 184 94 137 130 37 17 0 0 0 0 0 0 0 0 0 0 0 0 0 0 0 0 0 0 0 0 0 0 0 0 0 0 0 0 0 0 0 0 0 0 0 0 0 0 0
0 0 0 0 0 0 0 0 0 0 0 0 0 0 0 0 0 0 0 0 0 0 0 0 0 0 0 0 0 0 0 0 0 0 0 0 0 54 201 41 37 33 133 218 219 164 1 111 86 107 214 23 79 224 102 104 92 52 64 58 69 64 181 213 198 30 70 53 142 175 152 35 191 70 54 94 39 23 42 76 207 126 170 15 15 224 70 81 125 247 145 102 0 0 0 0 0 0 0 0 0 0 0 0 0 0 0 0 0 0 0 0 0 0 0 0 0 0 0 0 0 0 0 0 0 0 0 0
0 0 0 0 0 0 0 0 0 0 0 0 0 0 0 0 0 0 0 0 0 0 0 0 0 0 0 0 0 0 0 0 0 0 0 44 155 240 79 169 158 155 108 139 173 247 86 136 236 105 168 78 46 118 177 129 229 174 194 250 233 95 159 244 238 148 192 55 47 9 9 144 26 17 48 62 64 74 12 150 220 1 249 244 181 170 179 248 139 246 146 71 79 110 0 0 0 0 0 0 0 0 0 0 0 0 0 0 0 0 0 0 0 0 0 0 0 0 0 0 0 0 0 0 0 0 0 0
0 0 0 0 0 0 0 0 0 0 0 0 0 0 0 0 0 0 0 0 0 0 0 0 0 0 0 0 0 0 0 0 0 0 78 211 12 152 131 200 229 141 120 233 189 154 138 188 57 138 215 196 120 173 45 39 33 111 183 82 126 12 102 210 178 52 191 188 0 189 72 98 164 152 18 160 39 219 215 130 199 0 19 150 155 17 118 107 125 190 246 46 204 134 14 0 0 0 0 0 0 0 0 0 0 0 0 0 0 0 0 0 0 0 0 0 0 0 0 0 0 0 0 0 0 0 0 0
0 0 0 0 0 0 0 0 0 0 0 0 0 0 0 0 0 0 0 0 0 0 0 0 0 0 0 0 0 0 0 0 72 30 205 175 55 154 136 177 45 14 224 130 219 5 206 50 231 79 8 47 80 69 201 108 247 153 118 25 101 35 83 7 177 76 192 33 133 54 39 37 193 167 94 92 11 49 150 125 155 59 133 147 23 215 75 126 198 153 2 48 2 82 50 199 79 0 0 0 0 0 0 0 0 0 0 0 0 0 0 0 0 0 0 0 0 0 0 0 0 0 0 0 0 0 0 0
0 0 0 0 0 0 0 0 0 0 0 0 0 0 0 0 0 0 0 0 0 0 0 0 0 0 0 0 0 0 90 38 204 29 174 149 94 40 112 151 29 80 139 232 18 167 166 87 57 31 243 173 181 213 7 217 172 225 196 190 178 75 55 207 224 143 155 69 15 154 202 209 255 26 213 176 13 180 123 213 48 48 99 133 20 33 24 52 38 4 133 153 28 35 72 242 56 242 121 0 0 0 0 0 0 0 0 0 0 0 0 0 0 0 0 0 0 0 0 0 0 0 0 0 0 0 0 0
0 0 0 0 0 0 0 0 0 0 0 0 0 0 0 0 0 0 0 0 0 0 0 0 0 0 0 0 0 228 250 171 213 163 183 80 228 35 143 199 106 118 38 86 58 136 37 59 133 246 54 219 144 111 89 136 103 33 117 100 86 125 171 162 80 208 37 15 36 80 66 90 111 247 235 182 64 94 58 36 97 122 221 187 222 137 189 202 197 200 225 41 46 83 167 140 137 65 175 14 0 0 0 0 0 0 0 0 0 0 0 0 0 0 0 0 0 0 0 0 0 0 0 0 0 0 0 0
0 0 0 0 0 0 0 0 0 0 0 0 0 0 0 0 0 0 0 0 0 0 0 0 0 0 0 150 218 95 166 143 245 244 180 47 20 254 215 57 213 142 116 198 248 222 168 187 46 165 103 206 229 107 130 49 95 36 9 39 217 5 132 247 226 237 79 192 158 26 91 20 22 79 180 148 168 65 105 199 159 191 182 227 129 5 125 188 193 215 116 107 47 178 97 93 43 27 76 203 56 170 0 0 0 0 0 0 0 0 0 0 0 0 0 0 0 0 0 0 0 0 0 0 0 0 0 0
0 0 0 0 0 0 0 0 0 0 0 0 0 0 0 0 0 0 0 0 0 0 0 0 0 0 195 18 6 240 149 238 132 105 132 190 61 35 191 213 183 200 203 106 204 35 247 167 230 186 95 107 235 140 238 42 59 23 229 132 122 69 91 109 193 161 173 120 24 225 20 235 102 233 166 136 162 90 80 235 4 237 170 214 124 154 15 151 64 199 102 120 8 76 94 67 188 91 252 125 177 152 231 0 0 0 0 0 0 0 0 0 0 0 0 0 0 0 0 0 0 0 0 0 0 0 0 0
0 0 0 0 0 0 0 0 0 0 0 0 0 0 0 0 0 0 0 0 0 0 0 0 0 40 69 197 219 55 248 47 10 151 49 254 68 140 7 33 78 84 219 24 77 254 25 50 195 32 175 213 183 71 191 113 215 173 235 74 216 65 195 101 2 200 218 65 51 196 107 124 8 174 221 190 69 188 141 127 51 31 241 101 77 66 42 148 88 14 125 124 5 51 136 58 166 214 123 30 111 161 173 102 0 0 0 0 0 0 0 0 0 0 0 0 0 0 0 0 0 0 0 0 0 0 0 0
0 0 0 0 0 0 0 0 0 0 0 0 0 0 0 0 0 0 0 0 0 0 0 2 47 41 37 140 5 72 197 119 75 193 236 27 214 168 89 92 52 15 89 232 158 67 182 148 0 58 22 175 239 120 32 160 228 117 33 133 190 129 242 173 94 207 73 76 213 71 70 239 108 87 193 35 155 142 238 52 245 124 0 111 57 100 176 230 127 243 216 22 231 144 240 181 192 166 146 83 30 6 124 18 62 56 0 0 0 0 0 0 0 0 0 0 0 0 0 0 0 0 0 0 0 0 0 0
0 0 0 0 0 0 0 0 0 0 0 0 0 0 0 0 0 0 0 0 0 0 97 228 41 111 67 245 104 47 118 162 162 36 172 97 180 129 28 220 16 59 119 37 250 13 57 208 34 224 177 174 98 50 253 109 192 195 180 202 99 137 23 186 150 10 219 189 141 89 195 86 234 231 20 204 164 90 240 71 205 194 138 247 210 241 81 63 1 30 125 183 98 211 12 116 251 11 112 240 166 15 143 37 56 73 144 0 0 0 0 0 0 0 0 0 0 0 0 0 0 0 0 0 0 0 0 0
0 0 0 0 0 0 0 0 0 0 0 0 0 0 0 0 0 0 0 0 0 51 195 51 83 103 0 213 240 212 38 136 37 130 141 79 18 30 106 116 148 233 78 172 227 232 229 151 125 79 171 46 16 32 56 200 218 203 129 128 27 90 232 157 42 160 47 40 200 1 175 54 137 236 106 240 107 229 93 167 68 141 254 99 9 60 210 61 190 202 176 39 3 181 80 48 65 167 151 161 73 203 6 157 2 134 35 89 0 0 0 0 0 0 0 0 0 0 0 0 0 0 0 0 0 0 0 0
0 0 0 0 0 0 0 0 0 0 0 0 0 0 0 0 0 0 0 0 127 23 240 103 31 65 146 235 99 120 3 17 208 119 145 7 18 142 40 228 76 57 117 234 13 0 214 203 229 254 221 76 63 224 161 72 117 135 114 35 163 200 203 123 199 43 141 224 226 37 179 30 7 163 234 30 20 248 43 15 115 230 27 18 200 10 59 241 22 131 22 73 98 169 75 168 212 81 49 207 204 115 144 51 175 58 15 72 195 0 0 0 0 0 0 0 0 0 0 0 0 0 0 0 0 0 0 0
0 0 0 0 0 0 0 0 0 0 0 0 0 0 0 0 0 0 0 32 233 147 209 245 72 160 225 59 122 41 54 171 217 214 98 71 184 32 239 199 124 217 249 101 3 96 157 199 63 250 199 97 46 54 68 79 128 13 140 46 153 212 175 239 204 162 8 139 154 152 185 153 75 95 76 18 121 126 55 223 207 143 226 77 151 145 64 218 95 221 168 183 175 211 225 61 155 249 133 119 154 120 170 38 53 85 168 146 152 249 0 0 0 0 0 0 0 0 0 0 0 0 0 0 0 0 0 0
0 0 0 0 0 0 0 0 0 0 0 0 0 0 0 0 0 0 162 57 249 234 98 240 10 195 132 142 28 254 57 142 93 94 56 138 17 115 51 110 116 254 3 185 5 112 129 68 190 200 7 52 172 53 134 218 183 254 104 5 35 129 150 127 87 150 220 102 149 228 176 0 49 149 222 246 237 235 136 166 58 32 172 63 43 144 186 191 230 187 228 26 206 181 197 50 252 35 217 135 16 90 0 39 32 205 146 50 147 101 102 0 0 0 0 0 0 0 0 0 0 0 0 0 0 0 0 0
0 0 0 0 0 0 0 0 0 0 0 0 0 0 0 0 0 109 36 21 247 221 134 1 76 156 247 219 232 209 58 123 75 32 243 49 82 224 124 222 214 44 229 253 82 195 241 242 205 188 11 133 223 198 246 71 33 173 121 177 252 153 108 146 139 44 84 253 173 96 139 162 61 164 223 188 128 242 29 22 51 249 212 48 133 3 84 39 94 121 31 191 69 201 164 75 248 155 237 69 130 70 142 232 104 109 253 97 142 212 22 228 0 0 0 0 0 0 0 0 0 0 0 0 0 0 0 0
0 0 0 0 0 0 0 0 0 0 0 0 0 0 0 0 182 80 172 224 194 223 82 50 255 230 220 253 52 96 252 253 219 240 52 135 64 0 118 14 147 1 164 240 19 176 71 145 21 233 193 21 86 48 217 74 201 22 83 150 154 208 129 27 183 69 88 255 160 43 105 124 214 228 231 7 41 175 191 46 35 232 213 76 156 178 133 44 29 162 109 36 99 161 78 184 225 85 129 45 101 2 131 67 87 38 103 97 28 124 149 250 102 0 0 0 0 0 0 0 0 0 0 0 0 0 0 0
0 0 0 0 0 0 0 0 0 0 0 0 0 0 0 112 220 191 37 188 149 48 89 225 209 98 210 137 90 225 111 81 56 158 130 41 56 89 128 164 124 30 233 218 201 29 217 140 152 160 183 77 159 212 33 94 251 133 137 195 176 49 12 69 32 190 177 111 102 136 194 245 210 7 9 14 111 164 84 55 94 38 194 58 12 193 175 38 89 253 225 130 92 182 241 139 5 207 221 169 50 240 169 217 43 129 20 10 207 59 42 96 84 28 0 0 0 0 0 0 0 0 0 0 0 0 0 0
0 0 0 0 0 0 0 0 0 0 0 0 0 0 0 87 43 27 223 72 25 192 100 43 104 12 137 180 216 241 94 1 171 241 68 163 31 150 172 191 250 196 88 179 100 4 230 50 114 124 20 143 2 36 102 93 29 221 138 103 51 90 123 29 133 179 163 139 119 176 95 53 180 55 145 252 148 48 69 234 121 224 44 57 148 111 0 13 163 96 121 165 194 99 174 146 93 77 134 75 128 238 137 183 165 176 28 194 62 181 156 133 81 183 0 0 0 0 0 0 0 0 0 0 0 0 0 0
0 0 0 0 0 0 0 0 0 0 0 0 0 0 176 66 175 53 158 115 184 129 121 153 5 122 167 14 25 17 165 28 198 202 36 197 117 62 158 43 8 215 6 145 96 60 199 38 175 34 147 65 239 15 157 54 105 140 90 143 172 143 56 147 0 206 18 189 99 13 129 200 117 195 78 208 30 172 187 102 204 14 55 59 10 243 110 219 135 108 154 122 121 173 201 119 178 46 61 20 58 89 238 246 235 22 90 125 66 226 203 134 246 18 163 0 0 0 0 0 0 0 0 0 0 0 0 0
0 0 0 0 0 0 0 0 0 0 0 0 0 182 70 216 72 168 46 14 239 92 131 56 39 155 63 202 99 57 48 217 161 111 93 243 191 27 233 169 208 206 52 103 82 160 86 231 149 149 89 26 69 254 106 131 185 72 190 222 175 121 200 142 148 230 250 254 56 19 26 50 74 163 51 97 83 247 156 146 209 88 8 18 69 98 85 208 71 83 108 22 143 201 204 140 115 24 64 218 161 228 182 83 136 213 152 177 0 167 239 53 22 250 193 175 0 0 0 0 0 0 0 0 0 0 0 0
0 0 0 0 0 0 0 0 0 0 0 0 222 133 238 93 189 190 55 58 158 35 26 10 202 2 113 130 187 64 223 22 58 81 95 120 204 34 224 139 209 236 81 228 17 141 42 190 68 193 78 69 4 18 100 44 129 126 101 8 35 168 182 174 167 52 187 171 44 212 98 29 197 157 38 11 162 74 194 67 54 97 70 55 29 244 12 22 202 55 116 33 96 131 114 30 177 126 83 42 145 121 70 72 162 188 105 50 74 102 31 46 197 210 224 106 8 0 0 0 0 0 0 0 0 0 0 0
0 0 0 0 0 0 0 0 0 0 0 0 19 246 123 27 214 21 121 145 183 11 86 229 123 243 116 63 159 50 66 77 176 233 15 72 8 45 8 142 167 137 67 167 114 119 94 126 62 97 119 145 4 49 77 207 99 146 204 52 176 17 137 156 184 72 85 5 188 29 212 9 141 246 153 229 139 11 55 52 225 69 127 229 241 223 158 77 145 101 13 208 67 11 175 96 16 207 57 232 108 125 217 147 131 111 58 184 132 55 217 92 197 65 129 135 121 0 0 0 0 0 0 0 0 0 0 0
0 0 0 0 0 0 0 0 0 0 0 17 159 25 24 90 108 145 42 55 42 227 79 78 166 67 160 230 51 99 119 85 237 181 217 162 235 192 22 101 213 16 44 84 132 77 126 149 250 70 45 237 207 212 232 65 2 151 176 60 11 117 79 23 32 34 75 192 172 107 228 133 174 229 165 234 125 94 69 71 72 60 219 101 55 253 115 148 154 81 45 33 226 18 97 65 201 194 180 8 219 25 99 208 9 155 71 7 183 19 156 6 67 18 5 182 135 84 0 0 0 0 0 0 0 0 0 0
0 0 0 0 0 0 0 0 0 0 248 36 158 150 194 23 87 174 206 236 74 250 189 155 241 175 227 138 129 72 94 78 68 186 132 97 27 103 127 161 142 108 143 203 32 254 212 129 41 171 184 4 162 161 148 73 209 142 42 217 229 30 251 14 20 242 226 4 139 23 152 235 41 112 167 91 21 168 163 229 144 239 34 247 27 10 92 156 69 196 190 45 68 212 120 174 98 204 169 86 162 183 147 62 111 15 175 48 228 148 201 74 108 4 76 13 25 69 192 0 0 0 0 0 0 0 0 0
0 0 0 0 0 0 0 0 0 0 120 89 17 163 76 135 17 238 136 55 80 29 39 91 2 173 18 109 137 131 217 152 251 227 146 179 160 241 209 17 158 184 199 202 29 194 228 162 224 104 149 161 201 227 49 171 171 84 25 20 207 7 89 143 85 74 172 231 120 215 20 192 208 139 87 70 120 199 112 89 208 183 70 173 229 28 61 25 108 117 244 135 210 117 113 81 210 236 226 210 156 218 141 59 42 75 97 210 90 138 224 200 114 129 44 176 157 73 70 0 0 0 0 0 0 0 0 0
0 0 0 0 0 0 0 0 0 57 60 76 34 84 115 46 64 167 51 68 191 72 145 14 170 10 234 171 185 92 234 102 246 255 134 24 104 220 148 142 75 19 109 255 86 218 211 52 167 74 11 218 226 6 132 169 155 96 235 206 160 111 230 244 178 99 50 93 117 31 254 38 170 75 23 186 32 3 40 0 5 134 149 137 196 190 107 17 245 15 138 55 117 198 250 161 157 110 118 131 101 233 59 59 7 62 172 249 206 214 24 1 115 215 160 72 91 126 38 36 0 0 0 0 0 0 0 0
0 0 0 0 0 0 0 0 0 160 170 148 133 91 126 74 41 84 250 147 21 111 41 23 129 64 246 41 97 75 12 23 196 231 197 209 58 32 73 184 215 254 211 108 114 145 168 196 250 42 66 68 186 231 60 147 7 235 255 78 119 8 241 161 34 244 109 55 230 168 122 5 13 44 241 117 227 69 117 232 31 144 120 42 228 155 123 35 2 77 206 210 246 6 210 217 92 118 102 177 64 147 169 198 6 9 203 215 92 131 29 234 105 184 80 231 150 28 175 114 0 0 0 0 0 0 0 0
0 0 0 0 0 0 0 0 73 220 226 40 225 202 36 200 9 187 175 163 2 67 134 205 114 239 65 183 142 202 193 231 189 35 224 192 201 21 235 195 132 101 209 218 223 19 200 196 182 208 237 7 211 205 55 92 238 222 186 111 29 94 118 11 158 85 155 212 144 147 241 79 129 172 190 77 236 113 150 124 104 232 180 58 32 193 212 134 236 35 59 181 132 160 58 197 219 91 192 199 62 187 102 200 5 238 235 194 75 113 200 157 59 228 252 254 55 214 49 162 2 0 0 0 0 0 0 0
0 0 0 0 0 0 0 131 15 192 82 243 151 213 185 246 240 212 60 74 77 3 23 3 91 230 227 210 59 46 26 55 167 27 39 251 44 92 37 174 121 88 239 86 33 65 174 162 206 21 254 128 140 241 59 76 214 224 40 202 61 47 242 54 76 117 35 159 148 137 71 164 86 14 175 151 29 219 107 248 118 88 33 249 199 98 255 195 229 66 1 132 103 242 114 142 143 216 49 174 75 49 45 245 4 95 131 181 201 6 15 140 98 175 83 151 109 243 110 224 118 190 0 0 0 0 0 0
0 0 0 0 0 0 0 9 180 86 92 183 208 18 219 125 114 227 164 87 222 182 152 110 12 131 10 112 15 227 65 178 118 89 46 7 157 143 31 105 94 14 111 253 223 246 89 113 197 89 167 115 214 200 114 229 28 118 88 52 39 210 250 52 167 125 18 241 21 179 52 123 212 32 182 229 66 178 226 226 21 93 128 159 167 221 8 92 55 89 78 122 202 93 165 194 141 167 97 18 228 139 249 118 57 210 191 125 78 2 233 66 103 227 41 17 16 93 207 60 134 175 0 0 0 0 0 0
0 0 0 0 0 0 193 79 160 111 197 128 167 92 228 184 140 54 224 73 188 179 230 197 246 78 113 85 117 104 21 20 102 147 43 203 247 89 26 49 164 185 109 228 65 115 215 246 134 185 230 120 126 224 112 183 200 80 246 162 232 132 169 41 77 184 162 124 86 214 19 165 73 213 75 206 16 44 10 49 233 1 140 95 6 7 84 175 160 73 40 0 140 224 243 31 130 38 171 70 119 255 188 187 209 29 54 39 218 255 118 33 134 39 191 230 31 187 21 9 17 93 171 0 0 0 0 0
0 0 0 0 0 0 121 0 105 218 71 114 130 126 182 173 12 79 81 228 118 55 136 236 215 42 22 244 165 82 43 19 222 128 15 218 240 196 184 80 179 149 208 180 245 99 229 143 100 163 251 246 33 128 126 18 185 164 220 30 39 157 184 146 249 106 82 153 216 51 83 4 63 201 51 41 58 148 86 9 110 50 153 230 186 195 48 233 146 129 252 204 123 190 60 129 12 125 103 132 71 101 229 190 173 111 169 241 105 180 67 125 254 218 237 242 18 153 37 160 197 41 210 0 0 0 0 0
0 0 0 0 0 0 19 215 228 224 78 83 68 73 149 105 60 39 202 10 5 42 185 157 65 251 40 28 179 133 36 132 148 57 193 228 1 203 0 121 150 180 229 56 235 247 126 201 160 96 21 111 20 189 41 232 39 246 47 90 156 81 153 173 193 183 178 94 34 56 84 97 84 30 56 24 41 28 10 130 109 73 138 13 50 135 227 195 56 233 46 151 210 6 2 230 194 19 179 194 140 171 79 187 182 64 149 25 115 68 150 77 86 174 37 146 116 31 180 181 212 160 78 0 0 0 0 0
0 0 0 0 0 37 82 187 190 72 169 221 204 156 55 85 111 2 6 63 33 190 84 63 114 181 45 236 136 234 233 178 49 34 77 45 216 62 169 168 43 74 55 217 107 6 5 246 96 107 152 155 130 82 81 210 121 139 62 51 32 38 124 24 9 212 193 44 47 5 215 60 217 105 249 24 14 252 196 219 180 27 65 32 78 193 78 40 208 40 161 149 31 80 213 171 22 19 154 255 220 9 241 214 136 210 174 92 29 147 141 14 221 100 188 195 230 169 231 144 148 48 36 112 0 0 0 0
0 0 0 0 0 87 194 100 241 198 163 76 57 87 145 29 255 226 146 105 174 153 29 81 255 182 15 201 172 171 211 61 241 116 38 156 251 89 178 122 225 154 78 198 167 245 40 242 117 107 147 154 154 129 64 181 96 26 16 32 23 19 34 20 52 173 231 106 225 93 207 49 58 145 230 189 61 223 86 168 30 243 29 236 191 88 149 145 181 151 167 22 103 24 29 215 144 116 21 186 151 224 187 100 85 237 160 195 13 56 252 102 191 64 206 91 198 37 46 15 180 62 218 250 0 0 0 0
0 0 0 0 229 206 88 69 211 92 81 137 253 234 119 144 167 172 57 196 120 41 127 209 31 121 2 78 59 33 209 198 27 119 230 197 232 69 121 99 36 21 210 14 137 124 2 63 212 246 41 231 75 112 252 184 47 155 193 164 49 246 100 29 88 113 0 130 142 142 233 62 58 160 56 170 202 62 60 16 248 81 84 178 134 218 24 72 229 84 190 167 122 21 141 117 178 87 159 143 195 194 156 203 130 247 161 69 28 188 46 157 154 176 43 202 136 201 106 20 219 181 27 123 9 0 0 0
0 0 0 0 233 250 202 157 93 111 224 53 247 255 91 33 74 211 137 185 58 43 35 49 159 162 15 130 96 40 208 81 245 25 54 39 76 31 93 34 202 14 4 164 45 80 65 150 133 187 51 175 151 186 142 68 43 42 81 201 47 102 2 255 37 245 99 30 219 82 19 34 199 43 135 250 100 244 96 217 10 79 191 19 111 223 230 212 158 167 147 84 159 44 226 41 134 226 185 211 162 201 174 180 101 107 128 97 182 80 112 42 184 13 230 29 29 190 169 66 76 69 227 25 135 0 0 0
0 0 0 0 72 198 182 244 182 74 52 119 191 14 18 8 101 157 234 217 217 170 198 218 191 155 120 56 91 151 102 171 216 49 78 204 229 34 80 251 174 94 219 76 89 176 217 187 99 150 92 52 219 254 103 11 172 218 238 77 165 215 253 167 138 78 13 1 198 111 96 222 228 60 58 10 54 169 243 6 224 201 220 211 87 102 41 182 48 193 133 172 82 250 52 158 53 95 184 10 177 249 234 104 220 137 48 125 41 243 199 127 69 27 63 73 242 250 110 38 112 127 211 133 163 0 0 0
0 0 0 90 215 193 38 185 209 59 40 70 7 206 14 224 85 144 39 108 205 61 189 76 78 97 39 234 159 81 208 140 154 142 172 55 222 79 135 148 15 172 59 10 108 102 44 194 82 198 206 29 34 223 100 247 208 226 121 95 2 186 171 218 218 152 65 213 65 211 231 27 64 159 224 209 163 248 223 216 178 118 11 216 197 112 196 167 239 26 32 53 91 252 97 61 57 31 230 246 25 51 149 246 95 133 103 245 138 154 223 24 110 243 66 35 65 44 104 143 192 161 4 93 110 223 0 0
0 0 0 9 148 28 94 214 127 231 250 237 32 116 239 5 247 200 202 27 182 118 207 167 173 171 48 178 77 232 91 99 132 50 53 52 75 222 193 67 145 151 93 167 105 235 24 173 7 40 254 56 250 255 119 68 17 158 163 77 143 241 199 0 32 122 93 188 225 25 243 236 80 110 189 85 122 206 169 149 255 241 23 165 124 125 142 228 33 200 131 156 142 222 229 237 69 133 74 144 73 179 189 150 129 230 65 22 30 210 228 66 73 228 232 93 211 11 60 39 22 213 166 152 75 141 0 0
0 0 0 97 138 3 160 245 75 182 82 210 79 6 151 124 73 206 156 71 218 206 223 206 129 107 11 143 243 144 112 129 207 178 52 20 169 75 114 15 230 71 83 222 217 142 38 33 169 57 253 215 136 54 239 99 133 62 118 153 148 60 247 43 90 57 208 110 31 232 53 212 130 142 61 85 29 59 115 18 54 12 248 249 71 136 71 52 193 154 32 242 205 116 32 138 233 104 197 111 189 149 244 180 20 213 13 220 201 219 61 166 57 142 26 43 201 83 26 229 80 189 95 149 89 232 0 0
0 0 0 247 17 35 211 164 205 234 225 206 148 167 84 229 211 238 240 174 254 153 69 226 10 182 218 251 31 66 46 84 147 167 125 112 79 231 163 79 55 105 101 131 53 46 247 169 160 188 1 179 245 50 62 236 172 190 57 174 199 118 215 83 64 219 128 29 65 128 38 254 28 65 178 20 166 141 25 44 31 3 213 9 19 189 134 5 112 217 17 192 164 241 161 49 164 74 93 10 59 125 169 145 5 83 54 234 167 62 244 101 193 197 23 217 75 174 169 32 236 102 196 11 112 7 0 0
0 0 140 195 119 93 72 13 35 62 143 63 54 112 99 205 61 10 83 205 183 186 46 57 212 151 95 222 252 176 38 9 37 107 113 172 60 194 10 80 11 54 39 210 253 223 127 47 183 0 151 52 156 119 160 1 28 42 112 80 70 25 44 198 186 189 29 122 77 68 38 252 42 117 192 206 27 124 215 190 37 225 91 10 186 86 227 205 211 163 116 157 107 105 72 187 51 103 243 70 183 211 137 189 184 189 12 19 12 204 237 159 102 47 212 188 187 96 223 150 188 50 137 46 224 242 183 0
0 0 124 249 9 187 184 216 15 82 193 235 184 38 205 212 182 239 161 188 254 116 6 195 211 43 148 55 182 208 148 99 64 89 105 33 75 220 120 201 130 72 245 134 83 195 75 193 26 130 49 37 175 0 117 93 104 76 108 114 16 65 7 248 74 164 18 60 173 197 132 110 114 89 21 82 178 102 28 179 17 78 99 3 240 150 175 83 229 18 191 25 135 2 0 79 81 152 66 167 211 47 212 246 94 112 69 202 138 95 253 176 81 110 127 14 192 56 253 228 78 228 5 158 91 231 123 0
0 0 0 38 21 120 96 152 23 244 91 174 164 237 10 204 72 123 145 242 110 48 185 102 39 42 101 178 89 105 171 108 99 204 113 139 211 10 181 158 122 237 47 61 137 194 150 233 177 27 164 114 94 200 239 242 65 175 133 165 213 39 59 27 26 143 176 200 206 85 149 172 154 196 106 35 4 221 185 0 114 47 239 90 4 3 78 150 200 111 247 238 230 228 68 94 61 75 216 104 169 182 236 26 90 47 198 168 143 110 28 241 223 165 110 164 58 76 39 174 102 152 156 100 51 114 65 0
0 0 37 203 175 15 168 14 83 126 5 143 46 54 166 140 157 76 187 97 153 126 122 75 31 238 164 106 145 198 113 32 248 221 188 89 140 99 31 30 248 162 216 145 96 137 17 70 75 88 14 189 113 92 130 142 163 180 172 52 173 94 230 208 174 122 172 46 44 74 177 60 21 214 114 61 94 209 5 227 55 178 250 74 145 44 240 129 142 190 3 132 204 176 157 93 40 193 175 246 39 11 146 6 248 119 24 84 45 123 214 255 236 17 26 63 75 31 208 9 225 195 226 13 113 118 214 0
0 142 102 75 216 149 250 200 243 159 131 43 1 34 30 137 191 110 76 39 89 47 73 234 8 154 29 67 211 200 225 46 39 192 1 172 69 102 104 33 96 129 110 132 57 201 56 64 143 182 146 22 211 122 144 235 104 15 86 9 71 156 241 130 174 208 254 174 57 181 239 25 2 37 53 222 148 102 124 77 139 242 38 37 26 112 132 239 107 199 71 85 91 186 194 155 105 31 49 190 28 64 49 108 151 82 155 102 22 205 61 220 243 25 191 239 224 207 46 96 178 212 226 123 114 236 14 1
0 246 85 246 240 70 241 117 32 202 186 193 87 117 168 58 132 223 173 249 2 150 32 135 43 8 255 229 146 154 22 17 87 252 118 189 33 193 125 56 59 61 86 154 153 138 10 50 195 243 159 170 31 183 52 86 105 14 206 144 134 68 16 215 18 193 83 145 166 51 76 207 234 112 20 147 168 171 112 3 29 164 230 117 86 86 221 142 151 78 248 115 245 188 116 16 159 119 94 111 27 82 124 20 56 199 78 234 249 87 109 182 80 238 119 201 243 159 8 93 147 232 230 157 42 186 153 223
0 23 105 238 56 222 132 6 94 8 56 102 235 157 11 134 215 187 250 200 74 53 183 96 124 233 48 178 64 235 132 224 103 162 56 172 128 26 133 220 110 78 31 101 238 67 103 18 232 189 251 44 188 158 13 51 88 243 1 189 96 31 55 44 98 243 100 61 124 254 16 181 47 72 68 25 66 236 69 184 60 68 13 127 87 187 191 44 205 162 246 79 93 214 226 229 9 2 32 88 170 82 23 44 54 214 108 254 132 151 85 121 177 64 214 8 42 118 172 184 68 207 96 55 206 63 143 223
0 169 220 175 128 121 51 113 104 23 235 188 166 182 171 185 222 142 141 118 67 255 32 241 88 55 229 251 82 15 30 18 190 47 11 126 187 41 8 102 80 167 104 75 192 128 179 85 93 22 119 253 187 0 209 222 128 216 60 125 179 127 58 65 246 14 124 78 17 130 220 252 47 44 116 112 207 229 85 189 102 146 38 87 219 128 52 214 241 185 200 214 71 160 137 140 25 102 174 211 133 82 28 125 87 28 43 141 20 185 189 110 28 72 134 247 194 222 173 69 80 153 110 181 160 169 61 252
0 152 90 6 14 215 57 98 207 108 224 149 130 239 172 69 5 97 105 245 236 132 212 186 118 217 89 75 204 88 157 109 16 238 186 39 171 189 223 28 122 10 116 123 208 110 96 7 230 154 124 121 120 146 160 160 123 145 173 66 244 238 177 213 196 246 101 19 88 227 64 79 118 29 169 188 176 212 201 109 34 93 206 191 198 247 116 120 20 69 170 141 152 130 137 39 186 15 11 197 36 71 42 36 29 17 202 123 150 100 8 90 33 207 31 201 136 95 11 255 20 15 95 91 50 44 177 158
0 6 165 206 171 45 127 51 252 151 84 113 40 72 37 192 251 97 111 178 154 18 246 236 117 128 87 26 92 13 60 196 67 96 22 230 102 118 140 226 75 255 100 191 196 195 247 198 73 165 140 10 107 239 192 237 29 45 128 189 63 126 1 40 251 168 87 31 34 114 61 108 48 113 212 179 130 192 226 198 226 62 176 54 58 3 148 219 79 49 106 81 81 187 73 252 51 248 218 194 202 207 177 38 13 39 14 209 77 16 238 226 124 122 46 36 84 30 244 118 57 239 228 249 45 31 204 42
0 14 200 157 117 198 40 24 132 155 192 108 219 35 81 172 234 216 160 141 107 49 76 116 233 162 187 49 46 19 31 164 152 244 125 93 93 140 111 196 109 150 65 178 204 162 122 184 249 168 210 249 226 119 208 108 70 224 65 171 179 50 177 139 156 224 28 84 47 198 112 142 221 231 143 72 91 20 17 37 148 12 10 175 166 19 46 154 201 130 20 186 150 52 12 71 14 48 77 90 208 75 66 18 232 254 140 126 238 59 37 42 46 15 144 58 118 36 226 108 1 190 233 90 11 102 157 130
0 221 17 226 229 78 5 50 172 108 88 105 176 210 228 4 109 58 243 144 58 223 155 228 220 38 131 209 114 9 78 243 48 12 212 152 39 22 226 66 21 14 174 205 236 204 23 53 172 61 26 116 111 127 225 172 142 236 37 103 129 235 214 231 11 174 80 125 4 194 34 239 183 31 231 29 129 183 238 181 232 118 108 40 19 9 88 98 207 34 220 157 68 63 88 25 36 200 245 130 129 176 50 109 222 48 27 228 144 81 52 87 252 111 191 211 169 142 172 175 96 139 95 64 7 108 167 53
0 80 255 39 138 236 146 23 222 188 54 72 143 140 221 127 20 230 242 7 32 145 155 148 95 52 75 240 181 131 144 55 6 13 192 246 180 193 132 104 250 138 23 249 78 105 58 137 103 86 30 184 107 84 181 182 92 56 150 209 253 154 67 146 232 77 67 198 216 142 161 99 223 214 111 12 207 223 212 29 70 3 4 146 236 213 197 49 2 195 87 228 24 140 124 26 196 146 251 166 141 96 20 71 4 242 175 44 191 198 94 76 171 28 223 226 112 25 15 15 245 247 160 248 87 226 200 231
0 48 73 112 221 165 138 202 210 91 188 204 153 82 129 123 104 55 227 118 196 182 137 74 43 135 106 193 7 213 62 219 81 240 101 204 107 65 183 161 115 245 81 62 38 199 121 222 181 126 43 165 9 71 12 85 25 168 147 229 82 246 94 31 40 102 55 221 196 123 93 26 127 204 214 209 26 109 58 214 161 198 65 115 51 227 225 178 200 234 167 222 44 140 181 183 180 172 110 109 246 204 10 167 248 219 74 126 206 34 254 126 176 149 157 105 92 161 114 175 28 91 248 43 69 30 149 196
0 30 195 119 218 108 197 168 44 133 231 111 87 20 242 79 251 205 166 251 28 204 106 150 91 212 162 75 48 152 251 52 219 235 49 156 218 63 16 37 158 16 160 171 40 127 45 157 136 224 132 191 109 194 193 202 21 240 176 150 198 61 195 165 64 223 30 137 146 34 86 1 165 139 139 132 50 71 138 45 224 232 180 23 10 20 119 61 126 110 216 25 140 38 204 220 52 89 40 151 177 5 184 90 220 32 241 251 56 79 130 77 88 162 148 227 31 70 231 96 133 253 179 101 243 230 252 118
225 49 54 72 209 172 242 22 49 198 81 154 88 255 168 118 85 12 97 215 239 164 47 121 90 37 196 46 185 134 145 99 196 4 200 142 18 208 11 142 225 68 186 7 136 147 41 168 30 192 17 1 100 83 162 111 243 53 43 255 21 23 158 56 128 107 105 8 190 20 183 19 76 67 71 8 22 159 12 18 216 89 240 81 250 82 111 28 20 204 183 202 175 244 164 20 44 237 28 223 35 9 181 64 11 24 26 133 72 45 225 35 214 216 183 235 30 83 88 66 36 113 196 246 135 233 194 41
0 214 97 151 244 238 88 201 58 30 239 159 149 101 73 93 245 52 52 7 46 233 1 223 135 205 23 68 11 5 222 33 162 22 65 95 55 142 234 224 246 101 196 84 157 224 205 10 171 62 222 40 194 96 190 243 222 251 6 171 178 167 229 198 6 162 33 195 221 136 141 206 56 2 116 90 25 155 150 3 67 49 86 40 189 158 99 160 149 23 35 224 155 202 148 102 181 160 162 189 79 68 12 109 145 187 141 105 118 11 20 19 78 102 164 231 240 192 187 150 183 63 254 37 90 205 209 202
0 238 68 92 109 36 23 248 94 86 103 121 212 113 70 121 217 169 164 247 128 120 104 141 147 26 24 130 155 77 92 87 175 233 224 229 210 147 62 91 58 3 160 218 255 55 190 78 113 87 67 171 65 202 82 112 204 192 236 12 110 233 193 143 79 73 143 221 56 7 30 192 15 112 92 136 13 220 232 210 201 167 15 91 15 232 78 251 221 202 179 211 176 62 215 42 0 81 201 75 54 18 17 14 72 8 253 111 146 29 61 50 172 57 253 195 128 83 173 225 110 114 123 178 115 31 175 34
0 250 242 41 233 36 171 59 54 210 97 23 113 46 45 4 236 231 76 183 39 247 49 2 24 144 39 225 74 82 215 92 80 10 231 164 37 186 184 205 186 5 188 247 174 0 47 147 101 41 244 79 22 84 65 45 139 47 251 245 108 48 141 218 150 243 78 236 152 195 231 187 109 15 147 59 117 79 207 106 17 206 142 47 138 216 251 93 195 54 145 129 180 68 74 136 223 184 109 215 117 51 130 245 109 101 87 199 56 19 64 158 29 70 235 155 231 162 93 214 82 224 105 16 230 66 192 61
0 71 235 196 129 77 203 121 166 237 190 63 200 79 150 189 51 195 88 169 215 247 178 43 220 41 13 122 189 96 204 0 148 251 62 87 148 228 18 185 118 23 37 85 81 20 216 10 10 27 230 194 232 200 185 144 135 228 81 140 114 87 67 34 107 161 191 151 166 238 202 162 2 191 119 183 243 109 62 237 67 238 234 157 90 179 207 200 173 25 94 40 63 9 112 81 181 62 195 160 74 95 197 232 226 236 139 32 125 138 96 10 128 246 75 248 171 251 203 75 68 69 153 238 220 128 3 131
0 242 24 242 82 49 208 84 137 232 37 44 183 182 46 198 222 6 41 143 106 69 98 230 169 114 156 150 147 82 95 186 48 142 137 58 185 113 247 97 72 150 160 150 192 225 202 181 140 183 195 241 37 75 132 93 96 202 204 236 232 135 135 133 149 36 177 185 185 91 23 196 221 166 107 116 217 247 82 217 245 60 59 126 215 242 58 250 32 76 215 245 146 67 153 89 128 65 75 204 166 238 238 25 211 170 156 143 87 168 32 93 55 38 33 155 199 201 50 201 48 185 64 153 5 8 232 254
0 95 185 29 109 36 134 84 52 247 155 62 56 227 35 23 66 236 152 242 30 223 112 46 161 227 225 228 249 153 16 107 101 131 250 136 201 123 247 135 48 178 13 70 87 115 27 250 87 25 11 2 78 224 61 177 139 64 202 228 161 51 240 213 83 221 230 225 245 214 56 216 46 0 230 195 42 91 114 77 233 36 242 52 87 30 178 150 43 151 226 204 211 238 114 15 117 47 141 4 2 230 238 79 83 116 196 43 23 159 75 95 15 90 209 192 214 34 87 92 171 16 93 3 151 22 104 77
0 139 6 230 83 206 195 12 203 80 21 116 90 165 90 225 199 137 98 77 16 1 162 46 149 196 255 145 164 180 157 220 54 5 255 255 71 212 120 188 131 187 145 248 99 178 2 171 119 69 195 85 233 73 5 137 33 146 109 87 177 55 151 75 180 80 30 241 255 213 27 99 10 56 147 80 44 14 70 155 120 179 114 113 12 47 194 169 6 162 238 145 70 37 239 40 246 65 228 191 87 152 46 53 209 109 176 173 209 17 234 95 77 159 63 162 121 76 238 91 248 106 83 54 4 190 19 139
0 145 41 226 162 55 65 224 138 54 220 4 84 174 28 102 14 125 209 165 26 79 252 182 98 245 217 212 90 249 68 254 122 216 243 49 234 164 93 87 186 11 52 37 106 56 225 210 247 158 121 193 108 11 231 35 209 4 96 145 207 136 129 116 144 32 223 132 84 180 41 27 142 191 55 206 107 162 111 127 54 228 120 188 115 17 177 176 202 9 70 126 233 250 13 68 252 45 138 73 188 121 147 95 62 140 51 2 22 220 77 35 76 157 19 106 159 46 185 180 36 229 199 121 48 5 68 58
0 180 207 1 176 237 133 112 82 209 249 93 90 23 242 157 172 76 15 235 195 189 3 24 234 12 247 206 51 52 235 76 154 50 238 107 68 220 86 28 231 153 64 204 22 73 180 53 98 164 156 165 142 64 171 112 255 122 45 26 142 174 220 126 129 252 6 140 182 85 47 255 88 182 39 77 105 230 196 56 134 226 140 60 94 185 228 214 247 7 20 203 217 92 209 143 127 90 8 94 93 148 101 231 214 138 246 67 48 223 177 187 238 253 193 41 198 112 97 127 11 246 148 131 13 20 158 0
0 115 73 177 7 24 40 170 233 166 86 106 195 36 237 144 103 214 78 95 174 152 124 75 161 30 14 128 26 30 58 238 195 4 230 183 230 133 116 34 46 150 197 118 218 111 205 171 169 108 30 79 84 110 91 33 228 78 17 155 24 250 118 100 207 182 244 27 214 65 235 117 173 213 99 224 255 187 113 180 91 87 44 138 144 211 175 114 254 91 188 228 48 242 33 158 119 82 116 106 147 18 14 227 159 216 163 23 28 218 109 141 214 113 90 62 31 97 159 251 151 254 136 104 216 3 249 227
0 155 126 49 86 94 162 83 108 209 11 175 81 241 63 120 102 235 109 32 22 27 12 5 161 62 132 15 15 64 18 233 221 99 128 59 135 70 239 33 53 7 248 117 2 159 80 242 170 127 69 72 165 215 116 75 228 195 165 178 2 121 95 212 26 105 212 51 232 159 123 77 222 244 252 237 88 41 180 120 188 106 36 113 99 89 153 214 114 233 229 118 24 79 42 71 215 39 188 210 153 100 30 19 210 187 110 18 182 193 131 6 82 206 185 72 112 120 50 1 103 37 70 107 22 215 225 50
0 0 83 232 218 158 164 1 138 59 157 17 208 207 207 65 216 17 67 207 157 187 158 92 94 31 22 90 106 213 235 178 116 193 209 25 17 170 223 220 42 228 8 113 52 221 196 88 247 34 130 157 179 102 32 21 191 196 14 247 255 249 12 188 209 213 10 135 255 44 101 210 204 57 21 58 50 66 130 8 191 146 233 55 230 207 151 199 235 31 222 94 235 231 82 210 234 101 160 5 217 254 96 90 153 228 111 216 189 221 0 182 179 84 21 23 12 141 240 138 88 178 61 9 106 53 251 0
0 0 21 220 224 107 52 237 231 97 227 124 130 88 188 183 52 99 149 214 37 36 9 254 190 113 215 22 180 185 137 115 199 221 192 213 2 121 109 36 36 16 81 234 125 159 199 132 207 227 23 219 69 51 227 173 9 86 66 8 230 46 183 226 171 27 138 171 160 89 83 81 59 221 152 154 33 43 141 89 24 147 73 84 9 91 84 167 101 202 94 160 82 60 208 51 97 184 150 159 199 243 128 113 137 78 159 63 13 247 82 110 54 60 99 215 145 69 193 103 182 90 231 196 63 224 20 0
0 0 247 250 131 251 225 80 50 93 160 87 164 132 90 8 102 219 34 243 99 193 24 174 166 27 47 254 54 213 216 13 224 160 236 0 221 148 51 103 207 97 34 110 202 15 140 146 127 102 150 22 24 209 170 64 130 19 17 1 58 237 118 144 248 218 44 63 197 38 10 141 213 223 80 30 250 94 5 85 129 4 167 115 3 85 245 231 6 86 7 87 74 56 21 217 175 80 108 171 5 21 65 216 156 0 37 137 226 101 69 132 254 65 162 95 95 250 125 128 88 235 186 139 36 212 54 0
0 0 149 192 243 181 95 200 152 193 119 145 157 16 174 37 204 212 140 248 195 133 20 220 116 201 129 181 108 68 167 74 192 40 187 153 212 107 65 28 110 139 129 103 220 2 253 244 9 178 90 101 63 62 99 162 110 41 24 15 237 182 172 132 162 92 216 82 252 27 230 161 33 186 199 201 158 27 11 254 235 81 47 241 118 150 151 232 220 111 88 69 145 91 211 147 3 238 46 180 148 243 206 94 65 179 110 138 147 1 59 134 54 50 136 246 137 229 0 34 70 102 52 82 60 182 252 0
0 0 0 81 134 38 79 49 175 54 188 75 14 226 89 253 211 174 54 182 169 50 140 215 131 102 48 125 109 20 186 95 226 218 46 141 233 62 179 248 91 103 209 82 251 31 10 109 248 120 251 27 196 0 141 208 37 47 81 163 229 157 26 1 105 241 75 239 54 135 115 166 13 26 146 154 159 128 199 238 70 68 81 6 179 105 11 126 70 126 144 29 115 28 170 223 200 0 215 23 91 249 113 107 225 41 151 39 202 35 204 64 148 173 50 119 213 3 97 97 63 217 233 252 108 74 0 0
0 0 0 5 62 30 246 86 45 4 34 33 43 153 216 118 121 15 120 0 179 127 240 87 151 111 110 114 3 255 173 200 203 1 197 40 200 80 224 147 223 207 102 136 28 246 14 16 106 87 183 237 49 222 125 18 229 172 71 226 199 23 147 64 248 72 123 101 115 156 70 151 164 132 255 60 240 36 28 232 78 3 187 202 141 255 104 94 138 154 23 218 68 221 134 188 112 7 54 155 86 46 158 195 31 31 27 120 32 221 238 32 101 37 9 21 37 228 230 203 124 98 176 255 194 172 0 0
0 0 0 181 58 129 38 228 117 16 168 168 65 99 148 120 121 54 116 3 199 171 114 3 99 145 204 193 44 153 127 182 192 9 21 183 219 244 204 9 27 80 238 184 155 98 159 140 198 230 250 223 11 100 164 162 31 123 69 9 67 199 167 104 51 78 211 207 137 31 233 247 222 139 8 62 252 94 147 229 245 18 244 41 108 47 183 208 143 224 204 76 186 32 42 228 187 54 55 241 97 243 147 53 35 178 109 202 127 94 17 184 202 141 111 130 29 0 248 160 171 84 156 65 94 92 0 0
0 0 0 14 119 240 209 214 177 233 238 82 139 233 133 74 8 82 8 42 235 109 161 94 88 217 55 67 40 67 200 29 81 66 94 49 172 92 224 57 51 141 29 199 6 30 101 96 0 76 181 133 126 200 125 1 165 58 240 213 247 108 123 35 217 197 172 255 65 12 57 115 245 149 62 32 115 82 123 130 219 104 200 238 167 149 97 69 35 141 115 255 54 195 73 243 76 107 162 109 103 215 77 219 238 63 35 213 183 179 247 83 184 19 199 73 247 246 245 172 8 191 151 31 13 173 0 0
0 0 0 0 134 11 144 14 197 11 34 244 26 225 18 197 101 28 73 145 106 62 158 99 17 220 179 32 54 177 39 184 181 197 9 165 13 23 230 252 134 159 210 201 80 176 102 32 225 68 83 100 106 42 142 122 104 151 151 172 172 103 242 222 144 134 157 177 199 62 51 148 173 117 36 116 157 208 102 214 22 142 52 169 191 5 223 161 149 192 253 176 190 189 224 155 140 117 206 229 80 54 185 58 228 127 171 19 190 164 51 230 91 47 43 216 105 119 168 200 100 212 221 143 205 0 0 0
0 0 0 0 212 50 93 143 105 74 30 249 193 7 14 163 140 94 226 219 247 185 150 16 51 80 204 149 246 69 16 236 125 217 214 230 168 241 216 158 119 14 133 103 118 98 174 46 99 81 173 194 194 198 52 251 132 220 131 150 0 142 184 153 231 54 163 202 154 58 239 156 123 96 22 167 157 186 138 245 180 87 85 70 93 104 168 10 9 49 48 186 105 79 122 101 84 25 237 75 238 244 182 85 121 208 211 206 154 7 63 156 24 91 171 28 1 40 29 34 158 23 59 188 45 0 0 0
0 0 0 0 41 6 126 144 128 135 16 21 195 95 129 42 181 40 133 128 175 124 232 20 207 207 171 137 138 156 92 118 154 246 207 134 124 193 127 84 86 201 186 92 88 41 53 116 33 160 194 161 183 240 83 148 16 88 122 145 153 98 210 93 82 83 9 104 202 77 79 240 100 238 120 7 71 189 18 3 50 111 88 180 176 73 100 195 74 53 145 141 66 140 138 163 90 137 199 231 211 5 121 107 148 93 36 63 116 115 56 95 110 221 44 215 224 61 36 4 35 232 131 119 144 0 0 0
0 0 0 0 0 254 34 30 209 242 195 43 134 172 199 98 151 183 84 122 101 60 61 128 104 135 143 5 252 69 184 73 68 132 92 225 205 114 181 184 33 176 168 241 252 4 41 110 55 202 187 182 223 171 181 196 239 63 75 151 122 150 126 240 247 75 58 162 226 145 198 154 22 39 226 136 208 47 3 81 106 148 112 108 205 247 83 2 155 255 102 201 74 20 63 201 88 77 167 58 98 14 131 135 244 177 95 168 58 54 234 17 52 191 11 24 123 171 162 129 230 96 42 162 0 0 0 0
0 0 0 0 0 19 30 197 87 72 111 132 147 102 130 50 182 194 217 26 184 196 240 242 134 209 217 220 252 208 220 43 118 209 25 126 177 127 69 133 162 9 44 131 46 95 32 118 238 136 186 12 148 109 239 219 120 10 214 177 237 255 111 181 69 188 229 149 106 19 197 227 206 230 7 239 3 226 195 188 26 89 134 240 237 6 216 231 127 119 247 24 66 1 46 16 196 124 19 253 86 9 213 238 70 122 190 166 57 254 246 22 185 143 110 46 156 163 135 230 164 93 206 49 0 0 0 0
0 0 0 0 0 0 236 168 228 205 232 198 238 237 62 117 102 229 97 225 193 54 218 15 87 126 135 205 160 250 240 21 85 42 156 234 45 59 231 243 52 248 21 88 179 2 126 25 151 41 41 158 216 97 109 209 55 112 185 151 147 107 79 15 229 222 166 155 6 137 10 63 60 181 76 24 35 161 138 44 100 162 165 188 52 243 56 68 247 35 244 73 141 22 121 249 27 173 217 16 108 229 195 192 225 89 194 219 66 18 24 33 89 177 213 67 243 60 15 6 147 143 188 0 0 0 0 0
0 0 0 0 0 0 143 215 203 148 23 164 29 147 11 223 51 12 66 0 169 78 75 48 179 47 99 41 170 84 152 186 160 21 8 4 215 17 66 154 39 243 199 140 167 238 77 33 113 78 6 143 216 114 233 174 17 147 96 122 20 9 178 179 89 190 66 147 163 239 239 170 33 153 242 133 88 147 126 2 14 210 93 214 8 15 64 171 153 111 37 61 245 194 167 57 122 42 130 249 221 131 36 103 207 121 238 116 86 149 255 211 40 39 125 123 227 45 95 32 133 48 92 0 0 0 0 0
0 0 0 0 0 0 99 109 66 188 119 231 116 104 165 209 150 171 211 55 188 197 249 255 224 111 115 79 131 5 219 69 166 94 182 153 62 176 169 180 236 251 203 112 96 60 242 117 207 229 24 199 100 226 7 76 253 91 146 231 135 149 51 112 114 108 43 211 253 251 241 33 61 75 175 20 48 98 89 199 82 203 171 61 208 47 253 80 22 38 239 221 153 142 59 130 26 146 221 49 61 199 7 164 30 200 199 170 60 191 54 196 40 144 10 224 121 172 145 76 0 222 205 0 0 0 0 0
0 0 0 0 0 0 0 113 168 89 204 105 103 224 122 40 111 28 255 91 192 92 229 138 77 144 161 164 135 46 254 77 4 162 188 180 81 32 97 250 196 243 69 26 59 159 152 244 102 166 192 248 185 31 169 156 79 237 36 199 37 49 248 23 232 163 46 247 60 245 75 193 130 47 105 48 176 156 236 27 17 22 125 212 253 127 208 64 105 108 238 63 178 84 220 111 122 180 118 15 152 180 221 187 241 204 53 229 130 25 99 244 117 223 100 91 28 32 73 50 162 0 0 0 0 0 0 0
0 0 0 0 0 0 0 240 81 33 5 39 196 138 248 240 118 54 136 34 250 154 213 220 75 198 7 226 100 216 4 129 183 223 20 250 234 249 18 39 15 54 7 126 40 144 114 247 252 153 90 38 167 84 71 12 10 73 65 49 133 134 94 137 147 72 86 166 193 142 16 219 38 170 72 204 227 107 49 191 34 223 68 58 41 1 138 95 55 141 180 133 163 110 165 26 131 88 0 169 71 6 135 215 108 60 133 63 194 89 172 86 232 78 52 168 163 72 101 240 115 169 0 0 0 0 0 0
0 0 0 0 0 0 0 0 161 177 122 138 233 49 248 183 238 81 210 20 255 21 137 3 122 193 83 172 115 203 71 36 73 111 24 170 237 3 81 151 15 16 6 29 76 80 196 29 221 252 179 249 122 224 252 98 232 162 189 177 138 42 134 132 35 66 137 139 78 201 108 108 157 168 208 14 101 78 249 140 124 109 33 123 40 43 8 45 164 34 143 6 181 243 155 43 79 126 204 127 255 180 33 192 81 133 233 111 229 124 220 227 95 101 164 145 190 26 115 175 235 0 0 0 0 0 0 0
0 0 0 0 0 0 0 0 0 86 223 62 38 115 196 116 191 24 158 97 146 231 65 43 245 231 75 231 81 34 31 91 230 121 237 120 104 186 153 195 226 51 145 189 132 228 149 216 96 121 230 118 176 187 61 230 88 1 90 195 139 133 164 19 201 70 35 252 77 98 64 239 154 168 63 36 203 91 40 177 241 124 171 234 17 125 149 1 139 11 252 3 75 124 167 8 136 6 16 136 134 83 111 4 51 177 177 164 241 201 207 216 72 87 186 173 231 207 85 60 0 0 0 0 0 0 0 0
0 0 0 0 0 0 0 0 0 127 59 150 82 39 209 103 240 116 127 220 195 95 115 59 126 30 98 181 39 42 30 9 183 247 133 163 55 137 33 96 204 45 169 156 244 87 87 32 84 57 191 245 122 249 212 111 123 129 250 5 98 138 147 212 96 89 195 66 47 186 219 166 192 99 222 178 132 57 23 19 55 225 101 136 136 18 224 213 227 8 24 241 144 178 40 212 241 119 160 205 21 51 148 143 145 32 35 5 80 245 181 234 22 104 32 229 98 73 125 201 0 0 0 0 0 0 0 0
0 0 0 0 0 0 0 0 0 0 195 64 149 59 110 133 3 104 113 24 159 98 76 76 4 147 97 225 5 83 187 140 162 19 61 192 214 3 240 217 42 4 93 138 218 201 227 202 36 30 201 44 192 118 243 93 106 241 146 209 246 192 161 171 156 89 108 181 124 94 23 109 19 103 48 30 139 199 142 59 87 98 101 38 105 151 87 53 43 79 163 177 218 183 76 217 56 26 1 18 63 248 159 71 160 244 113 60 248 66 78 218 89 85 139 154 237 175 196 0 0 0 0 0 0 0 0 0
0 0 0 0 0 0 0 0 0 0 101 204 236 110 221 145 104 135 131 49 25 126 41 62 197 164 167 208 252 19 253 67 148 3 140 161 88 236 96 151 202 206 195 115 178 90 249 190 162 216 52 2 120 255 185 243 102 41 18 123 110 210 232 17 226 253 245 47 41 2 246 209 12 232 203 16 132 87 192 173 111 132 194 133 221 112 185 148 139 219 78 205 225 193 92 5 198 159 41 172 47 108 70 181 224 217 210 33 154 79 141 105 245 3 93 225 67 135 133 0 0 0 0 0 0 0 0 0
0 0 0 0 0 0 0 0 0 0 0 126 239 175 125 121 65 234 99 6 101 42 86 202 79 93 237 233 21 29 51 230 178 9 207 85 106 37 55 193 173 77 153 255 201 106 41 101 1 75 102 214 73 241 223 99 240 79 168 11 161 52 46 196 73 7 225 232 68 0 193 77 213 2 82 140 118 248 101 45 237 188 145 61 45 156 255 208 153 172 255 0 253 79 186 193 10 255 152 126 55 15 162 33 147 32 161 32 116 230 23 161 141 7 84 155 223 64 0 0 0 0 0 0 0 0 0 0
0 0 0 0 0 0 0 0 0 0 0 0 44 97 65 112 234 224 121 185 22 236 162 5 175 21 226 181 215 202 107 83 205 183 122 117 100 189 191 73 227 189 1 134 79 255 112 249 108 244 188 90 254 3 74 243 201 172 143 48 125 236 233 27 23 206 206 19 25 194 149 152 1 22 133 71 117 239 147 154 149 25 87 95 197 209 154 191 23 228 94 226 9 104 209 152 237 70 49 237 89 126 62 252 142 230 220 234 201 156 204 86 186 248 31 229 146 0 0 0 0 0 0 0 0 0 0 0
0 0 0 0 0 0 0 0 0 0 0 0 84 101 128 132 204 71 205 173 2 78 168 98 78 222 78 52 96 131 30 246 114 30 142 51 53 22 212 15 10 152 87 57 213 30 42 56 86 237 193 161 159 123 122 125 250 193 108 202 123 62 0 78 239 182 210 130 162 52 38 247 135 103 221 96 165 73 168 56 133 139 36 150 101 225 87 220 84 213 240 81 12 85 184 140 199 248 30 99 57 251 183 151 163 98 23 152 32 106 135 94 72 40 150 200 75 0 0 0 0 0 0 0 0 0 0 0
0 0 0 0 0 0 0 0 0 0 0 0 0 154 39 142 22 46 143 144 17 116 61 95 35 133 157 239 181 180 222 226 91 181 67 18 61 91 8 106 8 83 197 223 255 53 233 217 65 116 92 210 33 122 172 98 170 37 81 63 164 183 11 70 161 21 247 223 220 249 222 0 88 68 129 9 155 38 19 66 196 195 120 143 228 144 12 231 32 105 24 39 189 110 150 100 50 214 170 18 255 44 135 226 212 118 172 236 71 44 159 10 13 85 31 40 0 0 0 0 0 0 0 0 0 0 0 0
0 0 0 0 0 0 0 0 0 0 0 0 0 0 146 40 69 80 148 95 214 114 240 131 25 209 26 188 45 101 163 121 218 38 69 242 91 181 233 100 250 182 138 185 193 8 82 122 58 162 131 74 9 106 170 254 26 191 26 11 119 103 90 138 73 95 132 249 71 161 234 254 199 120 203 102 208 177 183 103 210 6 172 251 193 80 68 18 188 132 206 172 119 130 187 165 169 236 1 47 227 70 66 25 30 255 145 105 42 42 187 101 124 18 120 0 0 0 0 0 0 0 0 0 0 0 0 0
0 0 0 0 0 0 0 0 0 0 0 0 0 0 0 212 178 8 105 42 212 145 88 112 120 134 222 147 8 234 170 194 120 195 93 233 242 40 85 89 11 5 162 60 132 57 56 140 102 112 126 124 90 180 170 51 1 96 157 3 212 219 31 82 118 237 251 137 94 186 64 193 120 156 206 21 68 85 56 184 180 52 214 193 177 33 136 21 215 236 195 103 102 169 154 8 136 184 200 187 29 100 25 33 65 77 187 146 244 238 154 163 88 10 0 0 0 0 0 0 0 0 0 0 0 0 0 0
0 0 0 0 0 0 0 0 0 0 0 0 0 0 0 135 255 148 14 90 45 218 99 8 213 51 189 57 219 226 125 253 18 137 24 26 142 182 167 67 248 88 186 239 106 249 200 154 125 181 166 33 229 223 26 48 16 201 169 45 138 70 189 94 163 155 148 133 161 124 152 60 220 131 17 131 22 196 41 117 101 222 151 16 11 167 145 210 153 196 254 155 237 143 205 244 194 89 128 146 63 44 231 222 52 180 71 135 170 127 106 3 244 43 0 0 0 0 0 0 0 0 0 0 0 0 0 0
0 0 0 0 0 0 0 0 0 0 0 0 0 0 0 0 87 15 3 137 240 67 238 225 163 40 222 141 176 168 99 133 23 116 195 107 238 37 108 74 57 113 227 68 79 147 50 148 136 89 7 173 129 196 27 246 102 118 88 174 217 30 91 15 145 28 202 1 67 175 202 189 43 84 115 153 33 30 185 247 168 34 14 217 123 234 73 113 200 28 237 167 14 6 224 199 41 77 47 170 98 253 88 0 195 243 84 253 186 55 175 29 61 0 0 0 0 0 0 0 0 0 0 0 0 0 0 0
0 0 0 0 0 0 0 0 0 0 0 0 0 0 0 0 0 0 2 110 103 183 253 209 30 17 89 65 36 72 111 118 237 234 194 76 187 65 218 161 246 90 81 137 117 201 166 181 130 84 3 179 2 229 162 195 0 182 121 113 12 236 252 120 54 178 236 20 153 216 236 95 62 247 166 178 58 82 250 243 194 145 114 205 182 108 27 39 42 167 219 115 6 182 223 67 254 224 209 44 107 5 96 32 187 108 38 111 105 176 131 210 0 0 0 0 0 0 0 0 0 0 0 0 0 0 0 0
0 0 0 0 0 0 0 0 0 0 0 0 0 0 0 0 0 0 81 134 43 11 35 96 92 25 162 123 200 216 39 210 20 152 167 123 89 140 114 198 183 217 120 233 27 113 139 17 9 34 106 146 114 117 143 62 78 191 254 152 118 169 246 29 46 44 38 153 107 26 170 36 107 126 148 190 80 72 9 65 241 177 77 166 74 155 246 0 197 216 0 115 140 109 154 16 85 50 94 91 118 76 131 233 34 26 246 74 18 232 202 0 0 0 0 0 0 0 0 0 0 0 0 0 0 0 0 0
0 0 0 0 0 0 0 0 0 0 0 0 0 0 0 0 0 0 0 49 152 70 51 225 134 218 202 207 246 217 173 249 213 100 116 75 245 120 173 78 31 55 172 203 104 157 161 223 168 231 143 109 244 100 236 75 113 150 3 100 249 243 133 136 183 68 250 91 72 197 77 55 151 237 102 54 11 223 217 150 79 146 90 120 237 96 120 56 158 140 22 3 196 79 174 7 46 10 238 128 23 35 74 240 45 20 201 36 245 132 0 0 0 0 0 0 0 0 0 0 0 0 0 0 0 0 0 0
0 0 0 0 0 0 0 0 0 0 0 0 0 0 0 0 0 0 0 0 157 32 215 139 127 211 83 73 113 22 244 201 244 149 110 110 40 219 130 224 78 65 74 128 248 33 92 159 189 160 15 104 221 91 57 134 19 198 202 184 173 207 22 77 209 212 240 81 187 223 60 141 58 217 226 68 157 103 163 134 208 137 131 123 108 227 148 208 173 202 52 183 197 200 88 149 156 178 222 101 139 220 255 253 184 32 224 130 165 0 0 0 0 0 0 0 0 0 0 0 0 0 0 0 0 0 0 0
0 0 0 0 0 0 0 0 0 0 0 0 0 0 0 0 0 0 0 0 0 16 28 65 109 250 86 197 134 154 204 253 116 224 162 90 104 16 4 83 172 185 113 144 53 16 89 179 232 81 13 173 222 10 101 163 195 235 217 132 78 157 41 61 140 47 36 180 192 67 217 203 203 89 46 127 116 61 86 118 129 207 213 219 177 61 170 127 163 4 183 250 206 231 250 218 236 212 152 18 231 136 142 226 57 148 104 22 0 0 0 0 0 0 0 0 0 0 0 0 0 0 0 0 0 0 0 0
0 0 0 0 0 0 0 0 0 0 0 0 0 0 0 0 0 0 0 0 0 0 69 187 131 255 87 69 196 112 143 180 52 117 2 155 209 184 89 26 95 201 173 126 132 47 98 13 52 81 170 133 43 49 154 19 194 202 84 172 228 75 13 88 138 247 4 240 96 120 216 103 245 13 232 14 169 158 255 52 245 155 54 29 218 13 184 91 69 33 244 58 91 227 99 249 57 143 141 6 220 233 96 93 1 252 123 0 0 0 0 0 0 0 0 0 0 0 0 0 0 0 0 0 0 0 0 0
0 0 0 0 0 0 0 0 0 0 0 0 0 0 0 0 0 0 0 0 0 0 0 89 173 26 27 178 18 27 208 38 227 71 134 202 166 115 206 83 89 226 1 34 170 220 8 249 4 115 10 38 67 231 46 201 65 21 198 78 87 50 45 13 132 20 124 104 187 150 223 226 155 236 114 209 101 115 196 247 89 144 152 8 211 63 225 188 135 233 222 130 128 3 251 20 144 120 89 125 45 17 95 57 109 192 0 0 0 0 0 0 0 0 0 0 0 0 0 0 0 0 0 0 0 0 0 0
0 0 0 0 0 0 0 0 0 0 0 0 0 0 0 0 0 0 0 0 0 0 0 0 0 70 89 132 41 163 34 112 216 63 63 80 158 251 74 211 156 204 58 249 48 112 128 154 76 246 69 195 219 188 77 70 88 22 12 47 184 41 9 209 146 69 93 128 69 201 69 122 128 127 114 206 68 157 206 87 198 212 43 12 11 5 167 201 219 95 188 253 10 223 126 147 84 16 123 40 139 125 40 110 0 0 0 0 0 0 0 0 0 0 0 0 0 0 0 0 0 0 0 0 0 0 0 0
0 0 0 0 0 0 0 0 0 0 0 0 0 0 0 0 0 0 0 0 0 0 0 0 0 0 255 0 74 239 142 86 199 183 152 178 72 246 244 178 56 127 245 67 76 13 155 122 22 200 5 160 108 187 254 97 169 20 166 154 18 108 144 110 150 212 164 45 166 250 14 36 109 204 224 232 10 102 200 140 148 50 104 6 37 157 171 38 132 24 140 195 60 247 65 252 252 166 208 140 169 243 191 0 0 0 0 0 0 0 0 0 0 0 0 0 0 0 0 0 0 0 0 0 0 0 0 0
0 0 0 0 0 0 0 0 0 0 0 0 0 0 0 0 0 0 0 0 0 0 0 0 0 0 0 122 223 234 94 177 53 248 102 79 66 8 212 196 186 219 224 89 64 174 133 215 69 135 108 181 188 94 106 45 51 50 49 90 239 63 178 195 154 77 155 246 101 108 128 252 234 236 149 69 39 231 235 92 190 159 214 13 22 217 227 236 28 96 93 16 213 248 16 152 142 67 234 138 106 191 0 0 0 0 0 0 0 0 0 0 0 0 0 0 0 0 0 0 0 0 0 0 0 0 0 0
0 0 0 0 0 0 0 0 0 0 0 0 0 0 0 0 0 0 0 0 0 0 0 0 0 0 0 0 0 49 25 41 174 214 156 201 72 88 112 124 77 147 121 131 207 131 135 71 132 44 49 158 33 151 72 241 254 131 234 142 39 215 112 238 188 78 124 79 53 225 34 156 91 134 114 223 155 106 185 69 162 199 249 193 54 98 0 143 247 176 74 6 223 34 230 171 190 71 178 25 0 0 0 0 0 0 0 0 0 0 0 0 0 0 0 0 0 0 0 0 0 0 0 0 0 0 0 0
0 0 0 0 0 0 0 0 0 0 0 0 0 0 0 0 0 0 0 0 0 0 0 0 0 0 0 0 0 0 76 210 237 59 107 41 95 134 48 60 226 152 9 158 229 225 74 245 43 147 49 217 168 105 141 245 177 193 248 39 45 151 244 184 204 130 67 164 112 186 70 162 160 229 33 229 27 94 165 120 118 8 218 59 22 128 81 51 34 223 187 94 89 15 161 241 90 108 234 0 0 0 0 0 0 0 0 0 0 0 0 0 0 0 0 0 0 0 0 0 0 0 0 0 0 0 0 0
0 0 0 0 0 0 0 0 0 0 0 0 0 0 0 0 0 0 0 0 0 0 0 0 0 0 0 0 0 0 0 0 166 183 131 202 243 65 231 40 56 201 235 50 186 237 33 210 85 98 174 140 25 76 253 61 77 7 114 85 35 227 111 128 63 174 124 77 140 186 85 75 207 153 63 51 92 129 21 219 87 19 98 183 138 79 6 107 181 87 215 158 29 158 13 253 156 0 0 0 0 0 0 0 0 0 0 0 0 0 0 0 0 0 0 0 0 0 0 0 0 0 0 0 0 0 0 0
0 0 0 0 0 0 0 0 0 0 0 0 0 0 0 0 0 0 0 0 0 0 0 0 0 0 0 0 0 0 0 0 0 0 132 62 87 51 174 156 207 60 124 36 85 224 52 99 134 139 3 67 162 87 92 41 244 41 96 156 192 37 126 33 117 74 38 149 130 161 182 117 21 134 52 96 146 227 184 26 212 20 2 197 95 80 182 227 184 230 74 231 59 105 226 0 0 0 0 0 0 0 0 0 0 0 0 0 0 0 0 0 0 0 0 0 0 0 0 0 0 0 0 0 0 0 0 0
0 0 0 0 0 0 0 0 0 0 0 0 0 0 0 0 0 0 0 0 0 0 0 0 0 0 0 0 0 0 0 0 0 0 0 95 191 114 122 47 52 152 150 177 75 2 96 68 133 222 173 137 56 146 116 53 230 124 198 242 31 111 182 150 43 127 246 30 74 232 68 80 53 124 201 94 141 206 102 80 165 225 22 220 94 97 90 171 237 101 229 18 99 57 0 0 0 0 0 0 0 0 0 0 0 0 0 0 0 0 0 0 0 0 0 0 0 0 0 0 0 0 0 0 0 0 0 0
0 0 0 0 0 0 0 0 0 0 0 0 0 0 0 0 0 0 0 0 0 0 0 0 0 0 0 0 0 0 0 0 0 0 0 0 0 228 98 4 141 199 203 207 90 23 47 102 237 4 254 137 190 186 94 127 77 198 66 34 160 143 250 91 250 85 93 248 153 131 51 152 201 203 158 229 167 27 16 16 84 91 169 165 8 207 207 218 123 183 52 1 0 0 0 0 0 0 0 0 0 0 0 0 0 0 0 0 0 0 0 0 0 0 0 0 0 0 0 0 0 0 0 0 0 0 0 0
0 0 0 0 0 0 0 0 0 0 0 0 0 0 0 0 0 0 0 0 0 0 0 0 0 0 0 0 0 0 0 0 0 0 0 0 0 0 0 0 248 101 118 207 87 73 217 5 208 181 128 128 154 185 223 161 74 66 216 251 161 31 45 47 112 17 216 195 206 249 68 141 26 106 16 57 112 117 96 76 115 176 168 98 2 247 103 44 12 0 0 0 0 0 0 0 0 0 0 0 0 0 0 0 0 0 0 0 0 0 0 0 0 0 0 0 0 0 0 0 0 0 0 0 0 0 0 0
0 0 0 0 0 0 0 0 0 0 0 0 0 0 0 0 0 0 0 0 0 0 0 0 0 0 0 0 0 0 0 0 0 0 0 0 0 0 0 0 0 0 153 67 61 84 60 176 159 229 142 21 78 102 237 14 165 111 43 23 73 40 153 247 74 79 56 66 238 2 106 195 185 18 127 28 16 2 130 71 252 225 117 188 153 19 32 0 0 0 0 0 0 0 0 0 0 0 0 0 0 0 0 0 0 0 0 0 0 0 0 0 0 0 0 0 0 0 0 0 0 0 0 0 0 0 0 0
0 0 0 0 0 0 0 0 0 0 0 0 0 0 0 0 0 0 0 0 0 0 0 0 0 0 0 0 0 0 0 0 0 0 0 0 0 0 0 0 0 0 0 0 0 224 150 186 115 195 182 71 144 158 139 146 191 7 62 32 155 112 82 192 249 61 190 213 226 250 232 51 137 93 22 97 181 64 121 169 113 95 213 172 0 0 0 0 0 0 0 0 0 0 0 0 0 0 0 0 0 0 0 0 0 0 0 0 0 0 0 0 0 0 0 0 0 0 0 0 0 0 0 0 0 0 0 0
0 0 0 0 0 0 0 0 0 0 0 0 0 0 0 0 0 0 0 0 0 0 0 0 0 0 0 0 0 0 0 0 0 0 0 0 0 0 0 0 0 0 0 0 0 0 0 0 0 191 191 12 66 120 195 219 177 119 74 111 46 174 106 126 11 66 122 106 49 47 125 164 201 149 113 105 14 39 229 110 0 0 0 0 0 0 0 0 0 0 0 0 0 0 0 0 0 0 0 0 0 0 0 0 0 0 0 0 0 0 0 0 0 0 0 0 0 0 0 0 0 0 0 0 0 0 0 0
0 0 0 0 0 0 0 0 0 0 0 0 0 0 0 0 0 0 0 0 0 0 0 0 0 0 0 0 0 0 0 0 0 0 0 0 0 0 0 0 0 0 0 0 0 0 0 0 0 0 0 0 0 121 165 83 50 154 18 144 158 166 190 22 192 226 137 69 45 243 165 67 76 130 107 21 0 0 0 0 0 0 0 0 0 0 0 0 0 0 0 0 0 0 0 0 0 0 0 0 0 0 0 0 0 0 0 0 0 0 0 0 0 0 0 0 0 0 0 0 0 0 0 0 0 0 0 0
