128
0 0 0 0 0 0 0 0 0 0 0 0 0 0 0 0 0 0 0 0 0 0 0 0 0 0 0 0 0 0 0 0 0 0 0 0 0 0 0 0 0 0 0 0 0 0 0 0 0 0 0 0 0 0 0 0 0 0 0 0 0 0 0 0 140 0 0 0 0 0 0 0 0 0 0 0 0 0 0 0 0 0 0 0 0 0 0 0 0 0 0 0 0 0 0 0 0 0 0 0 0 0 0 0 0 0 0 0 0 0 0 0 0 0 0 0 0 0 0 0 0 0 0 0 0 0 0 0
0 0 0 0 0 0 0 0 0 0 0 0 0 0 0 0 0 0 0 0 0 0 0 0 0 0 0 0 0 0 0 0 0 0 0 0 0 0 0 0 0 0 0 0 0 0 0 0 0 0 0 0 0 128 205 172 252 23 210 47 51 0 137 126 90 124 94 161 218 208 212 210 196 35 166 193 0 0 0 0 0 0 0 0 0 0 0 0 0 0 0 0 0 0 0 0 0 0 0 0 0 0 0 0 0 0 0 0 0 0 0 0 0 0 0 0 0 0 0 0 0 0 0 0 0 0 0 0
0 0 0 0 0 0 0 0 0 0 0 0 0 0 0 0 0 0 0 0 0 0 0 0 0 0 0 0 0 0 0 0 0 0 0 0 0 0 0 0 0 0 0 0 0 0 0 0 0 103 233 80 45 229 255 231 178 250 238 25 125 90 203 143 196 61 175 70 77 242 23 174 55 0 29 106 71 126 255 27 0 0 0 0 0 0 0 0 0 0 0 0 0 0 0 0 0 0 0 0 0 0 0 0 0 0 0 0 0 0 0 0 0 0 0 0 0 0 0 0 0 0 0 0 0 0 0 0
0 0 0 0 0 0 0 0 0 0 0 0 0 0 0 0 0 0 0 0 0 0 0 0 0 0 0 0 0 0 0 0 0 0 0 0 0 0 0 0 0 0 0 0 0 246 59 114 246 175 96 230 250 208 184 155 180 186 181 22 5 32 199 183 214 242 72 117 178 179 104 32 6 123 73 142 28 106 75 85 217 163 214 164 0 0 0 0 0 0 0 0 0 0 0 0 0 0 0 0 0 0 0 0 0 0 0 0 0 0 0 0 0 0 0 0 0 0 0 0 0 0 0 0 0 0 0 0
0 0 0 0 0 0 0 0 0 0 0 0 0 0 0 0 0 0 0 0 0 0 0 0 0 0 0 0 0 0 0 0 0 0 0 0 0 0 0 0 0 0 219 152 76 202 100 13 255 210 236 52 152 171 116 92 153 215 245 138 223 181 70 245 128 212 127 162 218 17 154 3 148 223 149 142 26 248 134 198 213 153 199 81 108 19 13 0 0 0 0 0 0 0 0 0 0 0 0 0 0 0 0 0 0 0 0 0 0 0 0 0 0 0 0 0 0 0 0 0 0 0 0 0 0 0 0 0
0 0 0 0 0 0 0 0 0 0 0 0 0 0 0 0 0 0 0 0 0 0 0 0 0 0 0 0 0 0 0 0 0 0 0 0 0 0 0 0 9 119 214 234 93 19 189 71 58 255 15 91 226 123 41 126 12 106 41 245 74 117 14 8 117 158 163 30 122 46 10 55 90 232 101 168 200 215 82 91 59 224 35 238 254 226 25 239 104 0 0 0 0 0 0 0 0 0 0 0 0 0 0 0 0 0 0 0 0 0 0 0 0 0 0 0 0 0 0 0 0 0 0 0 0 0 0 0
0 0 0 0 0 0 0 0 0 0 0 0 0 0 0 0 0 0 0 0 0 0 0 0 0 0 0 0 0 0 0 0 0 0 0 0 0 167 169 117 54 189 81 66 74 192 16 243 49 36 106 180 20 29 54 111 140 184 161 16 195 128 1 73 73 97 81 152 29 70 25 151 140 13 1 124 219 69 176 178 143 61 52 224 227 126 207 224 136 162 242 79 0 0 0 0 0 0 0 0 0 0 0 0 0 0 0 0 0 0 0 0 0 0 0 0 0 0 0 0 0 0 0 0 0 0 0 0
0 0 0 0 0 0 0 0 0 0 0 0 0 0 0 0 0 0 0 0 0 0 0 0 0 0 0 0 0 0 0 0 0 0 0 70 129 232 4 100 107 40 105 144 249 12 131 40 112 164 14 75 95 105 62 5 254 147 85 102 159 59 95 172 124 33 230 160 161 181 90 95 181 60 117 100 178 183 110 102 245 214 65 217 85 240 236 118 112 133 78 249 189 107 0 0 0 0 0 0 0 0 0 0 0 0 0 0 0 0 0 0 0 0 0 0 0 0 0 0 0 0 0 0 0 0 0 0
0 0 0 0 0 0 0 0 0 0 0 0 0 0 0 0 0 0 0 0 0 0 0 0 0 0 0 0 0 0 0 0 0 0 6 82 184 140 155 104 18 94 21 180 188 26 243 70 242 56 128 54 237 143 100 249 49 23 127 176 46 89 104 147 177 0 3 63 140 128 183 33 166 12 154 245 25 221 69 141 233 45 69 194 208 72 175 74 202 165 213 193 125 100 92 0 0 0 0 0 0 0 0 0 0 0 0 0 0 0 0 0 0 0 0 0 0 0 0 0 0 0 0 0 0 0 0 0
0 0 0 0 0 0 0 0 0 0 0 0 0 0 0 0 0 0 0 0 0 0 0 0 0 0 0 0 0 0 0 0 253 93 158 135 104 162 219 217 216 105 88 10 189 38 110 186 230 219 199 70 58 52 184 132 152 115 179 124 105 143 78 188 164 162 144 174 212 163 228 252 185 61 118 85 138 55 45 183 161 101 101 177 224 135 104 7 127 226 131 238 17 177 49 118 64 0 0 0 0 0 0 0 0 0 0 0 0 0 0 0 0 0 0 0 0 0 0 0 0 0 0 0 0 0 0 0
0 0 0 0 0 0 0 0 0 0 0 0 0 0 0 0 0 0 0 0 0 0 0 0 0 0 0 0 0 0 169 15 204 27 154 216 111 129 254 142 197 195 146 84 188 146 185 76 163 133 86 212 32 86 94 31 191 170 130 74 58 186 187 203 160 11 246 240 87 174 171 210 219 98 101 238 38 226 119 21 146 63 88 106 64 90 162 7 215 82 149 79 250 165 197 63 79 131 171 0 0 0 0 0 0 0 0 0 0 0 0 0 0 0 0 0 0 0 0 0 0 0 0 0 0 0 0 0
0 0 0 0 0 0 0 0 0 0 0 0 0 0 0 0 0 0 0 0 0 0 0 0 0 0 0 0 0 162 18 234 141 254 174 36 66 206 18 175 183 172 181 151 13 92 237 183 117 92 53 65 102 16 186 92 28 97 69 213 72 236 194 34 169 235 118 128 193 132 36 84 83 187 167 67 87 168 116 204 16 139 235 222 135 138 120 33 240 80 175 7 47 192 103 60 162 15 21 243 0 0 0 0 0 0 0 0 0 0 0 0 0 0 0 0 0 0 0 0 0 0 0 0 0 0 0 0
0 0 0 0 0 0 0 0 0 0 0 0 0 0 0 0 0 0 0 0 0 0 0 0 0 0 0 141 190 108 249 206 68 114 70 10 9 240 224 249 26 158 149 212 62 173 0 29 126 176 107 226 163 220 172 219 145 61 108 162 118 124 190 252 34 130 29 82 78 244 55 143 83 193 133 61 67 49 93 180 6 53 253 92 233 228 165 145 13 164 115 55 95 174 112 38 181 55 156 28 179 86 0 0 0 0 0 0 0 0 0 0 0 0 0 0 0 0 0 0 0 0 0 0 0 0 0 0
0 0 0 0 0 0 0 0 0 0 0 0 0 0 0 0 0 0 0 0 0 0 0 0 0 0 21 5 74 58 216 10 127 170 1 73 59 36 25 109 87 225 102 196 158 4 198 235 107 206 232 158 78 235 214 243 173 227 72 182 133 115 234 228 22 243 118 35 222 45 134 32 137 205 222 205 84 90 251 134 140 189 123 112 5 94 61 201 37 217 118 9 4 8 113 107 228 216 86 215 142 195 60 0 0 0 0 0 0 0 0 0 0 0 0 0 0 0 0 0 0 0 0 0 0 0 0 0
0 0 0 0 0 0 0 0 0 0 0 0 0 0 0 0 0 0 0 0 0 0 0 0 0 38 68 130 103 215 88 136 183 78 36 230 147 30 245 122 86 187 222 184 71 209 153 164 164 103 91 125 92 49 92 220 191 95 33 94 79 47 213 222 214 255 63 218 93 109 129 135 156 113 5 122 215 58 191 115 91 14 120 223 35 218 3 234 198 136 16 205 214 77 8 47 147 86 144 30 91 196 21 81 0 0 0 0 0 0 0 0 0 0 0 0 0 0 0 0 0 0 0 0 0 0 0 0
0 0 0 0 0 0 0 0 0 0 0 0 0 0 0 0 0 0 0 0 0 0 0 104 120 207 77 150 247 251 247 250 0 123 214 177 23 35 226 234 169 213 46 176 212 234 229 211 51 102 49 119 25 216 41 201 150 70 27 107 202 142 4 193 61 154 56 90 238 120 129 90 103 195 142 236 121 194 236 52 139 5 25 53 115 124 211 49 113 25 31 173 207 133 206 244 153 157 147 176 91 238 101 22 223 244 0 0 0 0 0 0 0 0 0 0 0 0 0 0 0 0 0 0 0 0 0 0
0 0 0 0 0 0 0 0 0 0 0 0 0 0 0 0 0 0 0 0 0 0 30 62 196 150 29 73 45 9 0 195 142 78 82 68 65 183 168 138 25 201 132 82 247 190 147 140 200 51 21 248 46 212 235 30 186 251 110 244 142 146 157 176 157 188 194 9 17 216 158 0 166 151 170 247 26 156 4 183 162 80 8 186 60 26 108 17 57 93 128 247 134 233 35 155 82 236 82 66 251 83 238 176 222 135 150 0 0 0 0 0 0 0 0 0 0 0 0 0 0 0 0 0 0 0 0 0
0 0 0 0 0 0 0 0 0 0 0 0 0 0 0 0 0 0 0 0 0 120 145 252 254 182 95 27 239 237 228 146 140 221 184 196 138 165 85 132 196 131 129 223 173 163 91 84 68 165 24 196 96 249 245 160 66 5 224 130 159 121 206 192 215 53 141 96 104 185 146 174 82 2 155 139 14 207 37 130 18 196 27 184 178 157 251 250 175 168 188 4 46 153 89 225 144 45 221 196 117 90 54 254 4 125 36 114 0 0 0 0 0 0 0 0 0 0 0 0 0 0 0 0 0 0 0 0
0 0 0 0 0 0 0 0 0 0 0 0 0 0 0 0 0 0 0 0 48 196 71 27 112 226 164 234 195 241 37 16 208 226 181 155 103 67 204 106 24 71 86 233 142 175 22 141 168 93 156 4 169 119 227 176 166 174 79 146 191 172 22 53 123 97 206 88 73 43 184 201 228 233 230 29 61 156 233 140 240 74 152 204 189 159 38 94 153 232 19 236 147 23 127 170 107 234 188 146 106 122 229 108 185 100 242 93 205 0 0 0 0 0 0 0 0 0 0 0 0 0 0 0 0 0 0 0
0 0 0 0 0 0 0 0 0 0 0 0 0 0 0 0 0 0 0 79 86 200 103 68 193 186 242 4 131 111 58 193 247 144 244 179 22 12 137 67 74 125 80 120 229 174 215 168 204 196 26 168 48 29 25 19 54 61 143 227 222 64 24 193 45 131 148 40 215 197 132 101 186 237 99 97 242 213 223 13 58 45 32 148 107 119 160 173 131 118 23 146 45 152 13 62 85 161 176 225 60 136 159 35 204 181 70 249 126 57 0 0 0 0 0 0 0 0 0 0 0 0 0 0 0 0 0 0
0 0 0 0 0 0 0 0 0 0 0 0 0 0 0 0 0 0 52 250 115 243 166 144 119 250 105 111 239 139 137 159 161 44 121 211 0 139 219 66 14 72 55 137 151 136 65 97 74 29 30 31 237 210 234 133 184 210 9 255 216 164 212 35 234 26 102 119 221 94 96 216 191 32 98 177 146 145 186 18 143 24 61 217 66 119 108 6 70 116 224 101 56 123 189 18 108 225 134 147 45 41 159 16 104 134 14 9 53 246 128 0 0 0 0 0 0 0 0 0 0 0 0 0 0 0 0 0
0 0 0 0 0 0 0 0 0 0 0 0 0 0 0 0 0 223 230 163 215 68 80 117 104 27 255 235 107 119 164 96 179 105 128 56 186 87 136 156 129 85 57 6 221 139 187 208 249 39 104 37 110 163 139 145 237 131 158 119 238 224 9 176 131 111 219 199 165 63 150 190 231 69 122 63 240 71 19 124 51 74 176 197 75 72 203 2 170 230 121 91 55 56 43 33 166 222 91 84 222 153 243 41 59 210 129 252 187 237 154 97 0 0 0 0 0 0 0 0 0 0 0 0 0 0 0 0
0 0 0 0 0 0 0 0 0 0 0 0 0 0 0 0 137 248 135 156 131 47 45 227 138 169 74 62 81 65 164 161 159 208 246 33 98 44 30 154 105 182 253 141 105 14 75 3 152 199 254 221 102 169 230 18 60 31 118 138 255 218 12 169 4 69 235 182 238 148 49 178 35 100 145 234 124 121 163 127 81 49 35 122 179 216 131 128 56 186 219 254 51 177 148 210 91 95 205 60 253 165 18 72 21 1 215 87 207 209 116 54 94 0 0 0 0 0 0 0 0 0 0 0 0 0 0 0
0 0 0 0 0 0 0 0 0 0 0 0 0 0 0 194 225 91 167 99 3 234 240 210 169 112 210 243 22 49 85 125 119 211 140 203 6 88 38 175 135 83 122 47 157 27 191 151 253 209 204 122 12 12 54 94 195 84 195 35 185 61 127 135 84 144 210 113 163 166 49 123 242 60 41 89 126 98 225 6 110 193 181 73 186 247 23 241 104 239 185 120 215 95 27 176 7 140 117 71 108 243 149 98 224 137 207 234 48 223 223 176 193 50 0 0 0 0 0 0 0 0 0 0 0 0 0 0
0 0 0 0 0 0 0 0 0 0 0 0 0 0 0 243 201 58 87 84 79 246 17 54 104 19 129 80 129 108 240 248 214 91 200 77 65 116 112 153 177 20 189 196 209 224 9 99 58 113 99 227 118 193 57 191 53 127 21 165 118 49 90 120 234 22 1 241 12 198 41 55 104 211 212 163 151 80 210 95 158 179 204 106 54 145 215 160 66 51 76 196 30 242 107 35 156 126 255 33 170 69 224 239 179 217 172 170 8 29 194 252 167 241 0 0 0 0 0 0 0 0 0 0 0 0 0 0
0 0 0 0 0 0 0 0 0 0 0 0 0 0 23 38 165 102 185 235 49 183 191 148 69 185 179 250 1 88 93 100 171 127 26 240 216 45 27 27 36 7 176 204 201 13 52 137 21 72 207 167 128 102 232 159 176 180 127 231 18 152 223 80 69 54 4 150 199 181 250 146 193 74 65 136 58 102 200 27 127 82 165 98 86 192 77 196 1 90 19 3 3 210 77 154 204 180 104 181 207 96 255 88 96 220 129 71 238 176 125 178 189 192 210 0 0 0 0 0 0 0 0 0 0 0 0 0
0 0 0 0 0 0 0 0 0 0 0 0 0 53 91 154 92 76 71 203 212 165 40 186 106 1 144 217 7 135 142 26 189 125 205 155 156 218 57 177 175 198 191 66 51 43 72 174 174 52 61 153 156 59 85 227 219 68 142 240 242 231 119 108 25 203 73 87 127 187 250 80 248 6 248 191 14 250 120 170 113 176 197 250 88 10 193 117 248 177 77 57 137 157 22 236 199 209 240 15 109 124 211 110 91 244 56 67 104 187 226 197 213 118 121 217 0 0 0 0 0 0 0 0 0 0 0 0
0 0 0 0 0 0 0 0 0 0 0 0 151 212 255 255 142 253 18 145 114 182 52 218 4 57 234 92 85 156 126 174 175 141 238 124 197 34 78 97 189 193 251 75 153 147 224 56 251 246 86 244 7 127 2 15 90 128 90 246 112 190 188 3 175 165 19 13 95 29 255 14 245 191 61 214 190 119 85 208 60 4 43 19 110 174 142 68 125 0 120 237 235 32 89 146 144 77 88 163 201 89 155 30 82 168 75 242 25 201 33 20 183 249 240 236 198 0 0 0 0 0 0 0 0 0 0 0
0 0 0 0 0 0 0 0 0 0 0 0 245 215 115 227 40 49 113 152 222 254 233 230 127 52 206 255 156 83 13 229 143 83 75 141 174 135 34 151 221 172 125 176 111 19 139 116 39 194 16 204 154 101 2 75 212 41 38 48 125 129 52 68 72 51 228 16 116 244 70 239 9 79 21 7 105 95 203 57 3 120 224 9 209 111 116 25 10 52 247 83 72 152 40 129 107 81 188 136 164 168 214 224 34 23 99 3 14 182 111 123 67 36 231 238 232 0 0 0 0 0 0 0 0 0 0 0
0 0 0 0 0 0 0 0 0 0 0 135 122 16 173 240 73 236 202 242 242 109 49 149 120 67 181 20 238 10 142 240 4 21 4 136 143 160 103 171 49 22 60 123 176 114 110 3 32 164 210 113 48 113 77 184 15 247 229 8 62 29 116 247 186 27 221 252 27 109 145 64 23 134 24 159 101 101 171 250 245 89 170 143 146 170 180 210 59 255 116 157 177 184 82 60 8 219 141 54 201 117 62 7 221 248 88 181 128 87 171 197 173 52 27 5 204 133 0 0 0 0 0 0 0 0 0 0
0 0 0 0 0 0 0 0 0 0 149 84 98 200 239 105 236 196 145 79 179 184 135 29 204 215 126 3 161 250 132 24 173 58 31 243 56 194 234 127 5 6 67 224 189 46 8 4 45 99 129 76 97 82 50 138 5 61 79 133 206 43 53 60 251 95 239 92 230 216 225 229 200 81 69 89 15 82 211 153 79 84 217 4 7 85 192 230 55 251 157 141 253 218 95 46 144 36 163 252 92 50 202 105 7 252 70 11 85 50 242 33 196 130 43 28 28 2 125 0 0 0 0 0 0 0 0 0
0 0 0 0 0 0 0 0 0 0 147 157 155 179 32 237 211 196 253 32 228 167 2 144 171 221 247 205 124 208 147 21 131 12 226 87 99 56 194 221 239 129 202 137 139 99 65 4 88 123 179 112 34 87 154 80 140 190 100 223 215 150 159 28 83 54 185 234 144 103 24 178 73 206 11 67 19 42 102 38 26 243 61 92 13 141 148 99 177 87 148 52 235 193 59 242 21 188 135 183 48 5 0 216 185 142 174 19 196 99 204 241 184 158 74 53 130 107 60 0 0 0 0 0 0 0 0 0
0 0 0 0 0 0 0 0 0 108 177 120 100 80 1 250 176 169 215 232 213 181 130 50 253 137 17 125 36 76 141 146 40 136 13 39 168 97 196 240 19 108 192 34 20 201 167 158 153 200 223 197 41 221 183 119 24 203 54 188 20 147 128 137 242 8 188 209 52 217 97 216 79 44 244 83 241 4 186 62 83 230 187 205 174 229 144 185 91 12 232 197 112 93 223 90 102 194 146 11 237 171 190 12 177 40 74 242 132 1 214 149 80 130 219 93 175 88 109 27 0 0 0 0 0 0 0 0
0 0 0 0 0 0 0 0 0 170 4 222 119 105 87 171 23 199 146 170 69 232 206 12 99 12 122 31 168 165 47 234 254 51 162 43 148 39 167 49 14 105 59 178 245 183 196 134 218 130 169 54 155 171 57 64 40 82 66 219 124 103 23 16 233 235 167 76 137 213 105 127 91 47 168 223 192 152 182 233 119 211 139 154 20 251 44 30 164 174 224 210 243 133 143 18 1 47 14 33 129 179 210 214 74 110 45 201 7 63 187 190 92 2 149 250 120 101 194 215 0 0 0 0 0 0 0 0
0 0 0 0 0 0 0 0 186 32 71 62 185 253 232 49 196 83 169 62 67 226 198 18 94 60 146 81 181 118 129 86 175 28 93 49 33 231 56 20 194 246 158 190 189 192 168 30 175 240 197 130 29 142 32 134 57 75 169 197 243 64 190 122 196 228 27 169 2 235 60 158 59 109 156 166 82 195 208 55 195 51 237 232 171 19 188 79 152 189 176 146 90 67 242 111 110 234 188 239 27 37 14 165 158 29 65 161 212 64 119 84 237 174 145 179 203 119 195 94 139 0 0 0 0 0 0 0
0 0 0 0 0 0 0 188 206 224 229 107 245 111 129 10 207 149 153 88 202 73 93 202 157 73 199 157 196 249 54 147 247 99 82 218 205 104 225 240 12 31 182 119 12 115 254 70 204 58 190 56 1 159 220 111 17 39 1 211 255 224 210 239 92 251 118 132 169 135 68 18 218 29 125 102 250 199 255 170 93 102 60 6 171 16 100 97 111 208 57 190 123 87 139 183 236 246 198 70 185 126 160 84 150 114 129 128 186 239 167 245 75 15 56 250 143 71 131 208 49 156 0 0 0 0 0 0
0 0 0 0 0 0 0 151 37 4 72 164 96 236 168 192 243 238 82 124 27 3 116 81 124 108 113 100 55 43 10 217 43 52 84 4 252 158 137 120 44 173 210 76 15 158 254 231 125 17 229 114 218 163 77 88 231 247 189 105 236 224 9 254 105 196 149 234 48 163 252 153 73 193 178 253 90 134 253 161 35 94 67 70 181 175 174 215 192 107 224 105 3 225 185 199 76 89 89 174 187 111 249 168 175 156 19 68 246 161 83 205 73 141 182 253 196 199 33 212 247 217 0 0 0 0 0 0
0 0 0 0 0 0 68 229 227 51 140 122 127 176 251 90 184 91 45 253 135 170 221 162 227 224 74 49 208 86 40 114 229 164 189 1 173 250 63 209 45 251 210 147 109 116 36 112 113 63 156 131 183 128 177 52 91 48 79 158 89 254 152 115 224 47 146 249 157 41 214 133 188 252 182 216 80 174 169 121 212 25 137 210 190 60 100 49 152 52 155 62 43 43 229 187 209 101 11 213 131 130 175 105 5 100 124 191 193 175 239 254 218 239 133 145 222 195 86 199 47 103 235 0 0 0 0 0
0 0 0 0 0 0 177 180 209 143 17 160 75 202 223 135 10 74 36 30 64 215 5 141 211 151 95 156 87 124 22 32 200 39 60 255 221 67 108 123 234 28 113 68 40 235 180 133 80 144 0 135 7 22 18 108 123 123 58 5 233 112 232 54 82 138 134 100 26 202 213 73 107 187 65 201 204 176 148 128 193 91 171 4 81 249 72 223 90 37 228 30 66 165 104 3 95 66 19 44 237 51 167 236 187 180 154 152 21 116 114 32 241 225 198 143 220 87 134 203 236 180 35 0 0 0 0 0
0 0 0 0 0 0 237 68 52 184 169 159 79 95 18 155 79 50 125 128 227 225 115 63 91 24 157 129 140 134 0 29 222 156 250 85 108 59 155 166 37 139 191 243 62 176 249 47 100 226 205 98 240 127 56 182 130 186 249 33 1 139 154 43 155 5 60 66 155 118 243 188 72 44 135 83 128 180 218 230 219 67 222 89 6 122 104 163 116 53 92 163 122 23 211 155 232 172 113 197 229 36 134 245 44 183 119 224 113 42 52 229 58 241 175 71 52 104 184 75 223 90 203 0 0 0 0 0
0 0 0 0 0 157 162 22 23 160 196 209 106 20 4 225 172 184 31 217 41 154 28 207 15 87 213 228 148 29 80 40 72 220 187 151 143 72 25 187 55 116 189 245 67 61 69 126 106 246 122 140 37 223 234 59 84 98 68 50 249 109 87 36 199 66 21 245 247 69 222 99 30 22 183 79 123 159 180 188 197 116 142 254 63 174 234 171 219 121 231 124 87 68 173 26 74 191 29 61 208 113 179 15 141 215 197 211 202 251 99 57 132 244 136 47 177 162 195 6 151 92 34 180 0 0 0 0
0 0 0 0 0 7 2 151 147 114 184 144 139 149 162 77 125 12 78 96 112 36 73 114 241 88 228 213 49 57 239 87 33 240 133 76 59 178 207 118 105 195 242 175 56 142 111 28 248 181 17 167 167 181 220 214 245 71 224 135 160 14 127 202 130 16 197 180 181 130 85 243 104 26 79 172 180 79 103 178 146 64 154 17 10 78 194 151 148 108 35 245 150 13 217 1 18 142 69 13 58 205 6 47 125 175 192 23 113 0 128 66 203 95 142 29 170 124 98 254 13 30 223 182 0 0 0 0
0 0 0 0 53 4 133 125 228 150 233 206 248 191 118 50 68 93 184 240 197 249 234 84 224 155 0 116 153 134 15 46 187 18 114 55 207 119 99 7 220 164 173 121 230 177 91 178 170 189 55 118 245 236 70 67 116 139 7 198 142 83 181 170 36 77 48 36 243 71 215 64 184 124 225 75 15 164 104 230 54 120 70 38 104 238 65 226 230 20 168 130 146 219 111 147 30 197 180 247 93 92 116 181 255 238 224 62 202 184 132 158 8 194 55 83 172 78 252 123 66 49 98 238 118 0 0 0
0 0 0 0 88 106 75 193 173 237 7 82 251 189 241 51 165 203 55 195 58 176 130 110 137 141 28 236 139 104 190 157 156 253 41 76 183 198 35 126 101 109 198 117 46 35 154 193 146 132 51 80 28 231 41 156 88 85 163 248 251 140 100 199 176 230 140 3 244 224 251 205 254 136 170 145 136 162 216 250 63 232 214 146 166 43 235 218 117 166 83 222 58 75 58 87 150 94 176 81 94 117 177 174 230 223 61 102 163 213 167 165 91 54 37 226 170 67 12 118 9 31 221 195 139 0 0 0
0 0 0 0 80 243 98 156 215 26 176 94 209 151 151 81 176 7 241 61 161 105 217 25 200 211 25 67 214 227 175 124 20 76 18 7 115 0 196 255 40 199 35 111 159 34 233 46 236 150 109 33 155 104 126 251 7 15 9 205 128 93 97 255 203 32 121 141 243 7 140 226 195 15 211 109 114 18 144 202 179 71 170 165 81 117 103 165 145 75 202 112 47 102 171 114 37 49 0 30 47 75 133 125 22 189 6 201 28 30 138 23 147 23 186 218 144 210 114 4 122 13 229 5 82 0 0 0
0 0 0 81 250 115 241 134 164 209 85 191 166 137 202 110 171 45 178 161 111 214 90 173 171 7 176 104 80 200 217 153 245 11 235 59 235 125 209 16 220 255 90 171 26 97 82 127 222 32 85 20 129 249 63 143 131 145 241 63 5 25 118 79 155 158 198 7 236 154 58 147 46 14 98 98 52 131 67 96 34 26 138 60 110 156 113 133 198 181 167 146 111 73 80 192 182 93 39 175 159 152 134 177 153 26 72 227 137 197 224 178 177 26 151 90 37 143 166 0 215 150 118 177 122 67 0 0
0 0 0 131 160 193 191 83 40 10 255 218 122 177 251 8 119 237 74 65 43 170 139 13 59 179 229 85 97 3 108 219 4 123 175 125 127 137 172 50 29 130 133 126 17 28 25 140 255 160 33 5 176 28 28 190 52 33 193 38 205 62 29 37 208 227 165 30 225 59 145 135 190 188 97 11 72 80 27 232 87 114 61 140 200 29 222 26 166 177 72 39 180 170 165 51 81 189 192 94 42 67 199 108 144 200 21 199 230 136 119 65 98 111 140 23 114 106 42 236 10 211 228 81 137 170 0 0
0 0 0 226 235 126 49 207 100 38 201 146 172 184 248 83 63 91 51 202 168 197 177 225 187 207 75 171 160 31 190 5 255 205 80 202 219 232 119 48 194 63 18 119 113 35 66 85 95 116 151 175 214 5 7 104 100 72 74 168 76 83 26 253 106 96 251 74 237 29 49 159 229 51 76 171 163 15 182 128 235 119 107 163 163 7 213 117 19 118 46 193 72 171 119 134 58 25 226 65 116 126 176 123 32 200 19 246 252 204 17 54 89 12 20 221 161 138 116 20 209 182 29 7 226 199 0 0
0 0 0 145 22 207 136 17 174 28 250 43 10 125 176 251 199 58 29 233 118 136 123 117 23 203 195 13 207 148 60 246 129 79 143 166 6 103 6 176 240 130 212 150 193 157 146 99 81 120 209 194 182 218 40 182 216 207 151 29 182 85 201 84 33 155 75 200 160 181 135 161 128 208 201 151 240 233 220 114 155 2 114 191 220 81 144 37 5 180 146 118 198 189 30 102 213 26 65 79 241 253 143 216 247 132 231 182 209 171 83 154 204 16 50 80 113 13 71 134 227 210 92 38 227 150 0 0
0 0 59 160 171 175 201 120 189 46 194 151 35 232 137 21 146 106 106 173 144 44 125 172 15 16 148 79 90 127 66 125 92 55 200 146 82 38 207 22 106 7 220 183 208 140 188 6 205 4 236 190 199 145 243 64 97 74 69 138 5 159 35 104 153 159 49 207 41 4 184 29 84 146 198 133 226 33 22 252 51 255 110 224 44 95 69 27 52 63 140 110 145 22 251 7 148 13 160 14 185 207 195 88 23 52 41 188 249 245 205 61 228 251 184 6 131 181 197 44 228 122 39 91 57 57 255 0
0 0 3 245 27 246 149 171 133 62 121 129 67 215 144 76 159 142 163 169 245 152 122 193 208 224 199 214 96 47 154 84 196 24 36 233 53 226 200 189 87 24 37 112 75 35 151 140 223 63 91 28 73 121 135 232 121 131 182 64 83 83 136 115 41 60 165 126 146 39 163 154 232 145 54 166 127 79 9 138 169 222 196 25 63 10 76 218 164 168 16 237 94 137 252 77 252 186 222 77 222 170 176 128 163 108 145 136 121 5 196 158 173 158 134 96 243 80 71 101 183 191 220 214 136 130 186 0
0 0 232 149 171 215 13 106 103 17 231 105 102 35 40 33 75 178 161 234 122 172 18 211 27 220 242 114 209 116 182 11 174 83 60 85 1 221 114 59 237 102 39 206 79 16 176 103 52 179 111 39 202 71 189 11 251 63 197 177 150 39 82 164 63 183 129 179 180 208 136 114 174 188 9 54 136 117 254 214 225 117 136 75 232 191 196 34 244 133 157 71 58 181 49 212 16 193 220 151 197 30 75 105 209 27 162 159 232 7 205 16 39 232 74 43 21 193 235 173 240 60 56 192 225 235 58 0
0 0 183 44 75 192 110 122 8 42 66 240 63 132 86 10 181 8 150 73 238 118 143 52 124 31 52 157 115 114 81 97 124 56 36 104 99 76 6 252 178 55 160 179 38 32 159 238 110 69 60 34 177 162 117 216 165 168 76 109 144 113 76 218 78 33 174 212 239 35 8 77 76 240 155 148 109 187 131 65 216 231 216 14 42 69 109 12 88 214 119 107 13 94 241 153 223 184 182 149 226 49 96 4 37 236 3 249 163 121 242 240 8 175 11 69 193 244 255 220 251 46 243 95 191 164 215 0
0 109 215 203 40 5 245 91 7 52 91 79 97 107 175 181 125 132 217 248 28 226 242 174 121 219 216 1 106 8 159 19 7 126 166 9 208 86 225 203 44 173 100 26 103 217 152 131 231 29 139 84 215 187 185 148 203 53 150 69 240 101 158 29 178 189 170 139 61 36 40 66 109 246 231 21 139 149 145 9 138 0 64 200 232 10 120 176 190 190 105 222 69 93 114 24 54 153 232 142 12 239 96 226 237 166 191 87 77 87 221 158 38 39 255 143 49 17 66 27 69 149 206 88 14 149 251 107
0 202 136 176 157 249 28 10 201 190 222 223 116 34 220 54 97 209 73 107 242 169 149 229 200 127 200 250 236 203 164 202 50 7 225 80 94 229 179 14 133 1 86 39 1 195 47 154 19 9 61 196 2 135 246 26 95 163 34 79 12 40 212 39 170 159 135 44 163 18 253 92 10 175 136 65 144 28 97 179 7 148 159 23 68 66 60 141 137 46 103 86 35 22 121 94 4 223 120 77 255 52 209 148 34 89 177 141 220 41 26 180 53 55 8 69 201 205 229 16 247 189 166 209 120 123 235 129
0 251 79 170 48 129 9 193 106 126 208 30 219 178 18 17 66 61 127 162 153 15 169 110 213 151 47 238 45 175 109 97 87 52 32 201 216 98 139 100 171 222 232 87 179 131 153 172 118 133 54 22 89 147 195 158 119 195 220 218 8 194 54 226 156 157 242 132 32 6 214 3 175 181 200 11 109 218 3 66 105 101 146 79 199 171 187 129 52 150 157 133 37 185 245 90 74 199 212 201 133 102 239 211 80 49 129 228 85 2 14 47 71 19 38 239 53 76 214 191 134 240 162 122 174 75 23 169
0 171 77 167 53 231 111 133 5 232 96 135 56 249 14 205 168 214 180 67 78 143 171 96 32 200 25 234 93 39 207 234 80 4 109 52 173 26 64 157 11 142 203 101 174 210 78 213 107 137 251 144 170 55 17 168 232 126 87 42 163 230 11 162 102 47 218 97 30 50 17 255 66 192 255 132 155 191 194 66 95 213 178 153 210 107 36 108 253 153 41 219 233 243 119 93 224 234 65 76 88 58 218 18 0 36 172 213 40 50 239 199 18 134 100 71 13 121 95 213 103 124 137 229 66 103 245 38
0 50 120 51 149 135 193 234 79 81 87 179 68 179 132 88 96 20 146 31 59 21 135 186 50 62 14 91 113 165 170 25 124 224 97 170 28 170 231 139 173 61 7 25 33 144 222 25 165 119 171 207 104 88 226 174 13 137 172 155 177 48 57 232 121 109 18 67 191 82 131 100 136 111 239 158 32 64 202 213 80 78 110 71 152 53 169 136 86 163 238 1 79 52 193 230 162 97 170 225 172 95 199 239 164 78 83 177 146 56 110 110 188 136 49 45 45 149 163 103 250 55 163 249 139 229 212 132
0 72 16 167 185 178 217 231 195 129 112 5 196 144 65 48 135 20 85 91 50 95 197 123 72 185 159 65 204 226 201 128 8 89 133 40 146 203 198 164 83 16 88 173 145 203 45 204 38 63 190 108 93 36 97 129 8 68 54 110 231 116 164 81 158 38 254 209 200 206 68 24 69 54 234 44 60 150 232 166 77 61 4 47 185 153 59 125 16 128 241 164 251 32 96 199 163 237 50 206 110 106 27 159 151 231 102 180 192 117 106 251 114 133 4 230 113 118 46 17 82 177 206 137 150 156 134 241
0 221 75 122 47 185 79 172 100 18 206 68 146 242 197 43 224 227 130 151 127 187 166 223 94 2 16 113 11 178 114 245 15 144 91 46 5 127 171 92 186 145 55 33 1 119 154 251 29 67 47 126 228 152 212 213 140 42 173 85 81 91 11 65 233 26 197 247 158 27 180 83 25 105 151 184 186 170 14 31 179 26 113 29 52 191 2 2 210 148 0 245 154 239 144 88 141 169 42 171 159 203 169 38 177 164 219 134 236 209 105 186 222 206 57 199 181 106 105 163 197 222 53 242 35 66 95 115
0 26 20 141 1 149 32 60 105 16 161 193 222 245 53 52 180 46 109 139 84 112 114 210 54 99 245 207 167 131 131 27 64 192 125 123 235 165 216 163 51 54 53 91 131 53 107 117 218 230 189 206 96 53 205 193 9 61 83 17 36 48 133 122 183 148 25 138 45 216 41 142 26 167 36 141 87 83 163 78 58 81 232 90 118 40 208 151 246 229 251 78 27 122 183 29 21 102 232 104 204 254 108 224 109 215 82 103 103 48 182 200 186 254 158 167 146 44 197 62 92 100 83 252 5 120 6 224
0 220 76 103 16 142 191 118 203 69 14 95 79 129 137 93 17 200 18 105 170 36 118 236 59 78 124 19 43 145 103 197 51 191 220 182 63 154 99 114 244 131 133 38 78 127 83 207 197 242 189 99 151 87 114 211 58 45 147 206 142 41 109 121 39 219 93 31 127 220 75 118 12 110 40 43 224 255 226 23 138 80 252 133 8 79 139 180 47 70 89 18 54 98 217 142 207 58 77 100 204 186 187 246 192 149 201 74 15 198 52 11 73 201 110 50 36 18 134 246 253 116 60 90 123 118 168 156
0 33 212 153 252 38 116 54 56 246 149 194 117 5 161 234 84 50 203 36 175 223 230 233 19 127 186 117 243 189 164 105 66 43 231 14 248 19 122 1 244 40 3 129 207 75 245 56 248 116 91 209 92 123 54 183 239 23 97 220 4 187 209 58 41 148 126 204 110 17 181 169 11 4 197 186 30 42 75 250 91 17 81 170 180 187 93 139 167 179 242 172 107 19 143 70 73 207 162 95 253 81 244 248 187 142 2 88 208 149 107 127 167 127 191 239 218 87 29 133 246 250 226 163 167 55 94 112
0 121 115 17 238 45 34 185 236 250 140 50 59 239 172 196 176 118 223 78 158 63 185 90 59 160 216 95 84 153 35 231 45 65 167 238 247 84 44 248 248 225 56 177 107 135 199 123 233 111 246 189 192 7 92 220 212 241 137 55 8 60 20 235 45 14 179 234 222 30 44 153 93 105 215 49 173 89 229 211 165 89 186 46 53 225 63 84 151 204 49 59 120 5 243 48 65 104 231 182 35 97 236 36 89 191 235 10 16 55 90 183 223 41 171 47 241 128 143 239 145 176 56 107 185 231 101 150
98 38 116 87 183 115 84 47 65 35 87 171 220 141 232 253 187 23 160 137 244 40 148 84 32 79 246 173 40 5 53 224 232 167 214 49 39 218 67 168 198 251 61 252 210 97 20 225 240 85 183 169 238 212 253 220 1 173 235 130 230 89 48 189 26 12 245 45 152 176 142 118 109 39 148 49 20 12 212 193 108 216 192 229 206 1 230 224 173 107 234 63 36 38 178 163 69 61 87 91 61 244 176 189 131 64 168 152 204 49 22 23 31 119 251 148 52 211 77 68 27 131 14 39 68 146 25 172
0 91 235 166 115 128 38 30 2 133 92 43 56 135 42 178 204 227 124 91 175 82 57 122 233 223 67 246 113 49 28 19 79 126 184 146 84 224 179 228 254 189 59 237 22 242 36 189 123 59 83 80 66 168 93 8 205 51 69 73 197 236 142 12 254 111 58 5 219 59 230 100 93 63 98 126 180 219 65 126 170 33 36 162 178 176 144 231 151 130 120 210 204 251 194 197 181 55 124 205 113 190 129 11 77 170 51 148 51 2 141 190 208 113 153 147 107 223 6 118 120 208 110 18 97 218 85 142
0 160 50 177 46 242 133 178 0 245 42 46 71 252 172 246 84 139 149 244 119 30 104 206 5 101 99 19 29 16 209 159 60 27 187 214 81 232 52 245 232 116 55 138 172 113 83 52 116 192 53 92 245 233 172 159 12 196 123 147 204 31 11 21 253 142 174 157 147 82 205 110 187 127 29 15 71 20 55 195 111 105 176 131 47 101 168 61 88 132 236 164 123 172 39 183 194 80 45 120 1 61 166 137 114 37 89 71 105 139 111 4 188 50 85 138 39 139 39 92 247 105 118 212 24 239 232 45
0 243 47 204 176 103 152 109 75 255 39 240 208 223 186 26 37 81 98 82 202 178 112 254 18 173 150 135 230 144 105 185 148 192 211 22 159 211 170 84 201 69 180 59 238 13 239 190 11 136 127 127 18 251 9 36 66 233 181 127 107 119 190 193 183 148 2 7 80 19 186 51 107 230 117 124 66 35 219 73 159 10 128 166 230 149 248 86 231 63 35 12 12 159 63 57 119 235 102 146 122 228 193 235 13 89 138 70 69 69 10 160 80 177 240 55 167 191 216 216 207 177 57 116 167 225 79 25
0 41 52 38 202 97 87 7 60 233 175 4 56 214 94 196 209 134 240 102 198 176 28 85 206 166 211 125 104 181 209 155 17 200 169 80 172 231 215 28 143 120 222 103 223 33 133 55 111 136 168 255 235 32 218 144 123 40 104 177 142 17 238 79 235 106 164 228 246 201 133 19 68 3 210 216 247 8 51 185 165 86 90 244 40 254 188 124 155 219 233 141 61 59 22 142 1 108 44 61 242 1 165 146 142 219 12 144 32 241 253 197 245 144 223 111 26 237 151 16 45 100 157 187 65 232 30 67
0 77 204 16 185 155 150 7 131 183 199 245 181 151 224 238 205 27 104 118 238 59 163 240 76 220 229 243 116 250 229 92 174 34 205 96 174 210 205 39 135 87 81 50 234 134 42 211 217 117 201 193 212 157 228 241 209 170 75 40 250 25 66 188 174 4 243 127 185 21 13 103 24 125 249 213 155 66 68 59 122 101 148 107 193 183 14 23 112 8 54 212 4 0 218 232 36 47 216 144 180 156 197 212 205 184 30 68 164 124 187 188 42 147 17 246 81 8 48 228 190 71 168 94 60 35 22 36
0 84 75 129 55 216 118 250 166 182 199 44 244 220 222 174 49 116 155 32 236 29 220 63 150 109 108 141 142 199 42 38 181 99 69 101 26 14 4 147 228 203 83 219 29 121 187 53 245 177 223 41 91 246 225 191 111 74 49 105 92 125 239 181 190 51 225 79 72 132 148 14 229 105 174 148 224 2 162 122 35 202 240 191 193 167 170 71 108 224 136 42 201 171 143 225 91 126 71 84 160 216 224 1 101 61 58 130 230 70 252 160 134 147 163 180 170 45 13 43 178 229 72 72 60 144 19 163
0 61 248 44 93 101 4 206 74 149 115 225 201 102 57 121 75 89 155 112 186 186 153 41 94 177 132 27 37 41 102 193 187 153 87 81 120 104 43 226 44 69 62 65 166 232 147 43 2 206 66 91 223 200 32 199 69 64 76 14 88 141 103 215 135 174 158 53 138 226 120 215 146 78 184 176 30 32 63 124 250 16 159 254 236 178 97 25 26 113 149 164 108 21 210 33 192 151 50 147 49 141 252 76 102 158 73 71 187 240 208 252 122 179 23 93 135 222 214 14 254 208 101 49 113 58 22 197
0 123 74 229 24 137 174 163 53 99 221 42 98 115 232 196 217 7 220 71 151 230 62 137 210 54 186 98 134 234 131 196 226 80 243 107 98 138 33 11 55 45 173 137 49 28 231 214 214 202 102 4 242 103 102 203 75 133 69 193 251 137 28 125 87 108 41 118 245 22 38 39 80 96 190 123 194 111 22 28 80 208 217 228 170 179 110 225 137 176 40 111 14 42 115 96 123 250 33 4 170 43 183 39 231 255 224 98 18 128 65 180 243 185 96 247 250 133 116 242 255 218 130 42 133 79 181 55
0 241 110 250 235 19 103 124 183 241 208 66 170 186 46 240 110 74 166 233 248 52 147 73 72 137 25 34 0 210 0 213 18 28 200 167 174 70 249 215 28 238 236 52 152 68 91 167 108 251 36 139 23 190 219 175 64 21 137 161 135 228 192 140 20 97 125 165 12 162 66 140 36 133 33 20 45 200 81 52 220 95 245 121 54 26 197 202 37 106 175 218 27 193 223 141 200 193 125 3 189 245 153 238 25 88 136 47 60 241 241 230 40 195 142 119 37 69 123 116 170 86 173 162 187 254 72 167
0 229 143 118 11 161 211 56 120 26 198 102 19 164 9 134 132 4 80 87 131 50 56 219 249 186 131 186 139 127 232 109 92 13 188 225 75 150 93 92 79 127 51 214 119 154 134 84 175 35 38 153 59 52 164 218 143 224 169 71 230 236 29 238 237 2 7 251 247 100 255 153 35 253 220 171 138 80 111 124 243 122 225 201 252 20 97 126 137 86 176 84 76 206 243 93 124 248 205 253 53 183 99 63 139 20 196 220 21 90 67 110 220 211 99 191 176 17 24 76 62 143 50 160 223 146 215 206
0 234 223 250 241 47 29 69 73 110 250 136 41 106 232 182 58 227 74 79 219 96 185 167 220 108 200 233 138 152 80 238 152 145 223 168 204 181 127 85 245 251 89 50 42 94 149 87 168 250 68 152 218 0 44 118 102 12 22 101 234 208 79 171 226 126 70 161 72 37 28 103 129 224 111 38 5 208 77 152 68 255 66 190 235 42 223 217 99 242 139 107 203 94 40 96 207 128 177 120 15 164 243 105 103 91 238 106 199 215 1 254 244 65 41 62 185 207 50 83 213 244 121 238 147 61 35 102
0 0 46 253 240 29 251 113 134 65 124 17 117 41 176 116 205 141 222 193 204 220 141 30 195 131 92 84 28 188 157 178 19 240 15 157 246 108 32 37 46 165 164 255 98 106 132 71 14 45 188 242 157 33 247 131 185 5 153 189 2 118 184 216 149 203 76 69 138 97 32 104 75 153 54 128 254 95 166 227 42 131 217 40 179 54 128 156 51 226 12 171 89 125 174 31 172 61 193 32 249 137 243 110 147 178 155 206 114 144 82 122 122 120 177 74 247 170 84 98 200 116 205 115 248 141 178 0
0 0 81 2 135 95 241 8 201 223 62 246 91 114 79 244 6 233 254 84 125 202 3 21 49 121 51 118 152 42 20 233 129 75 51 176 54 142 6 139 108 57 86 235 43 0 84 21 98 156 46 185 171 94 2 45 95 236 213 236 155 56 95 63 111 45 24 176 197 208 142 29 92 14 21 249 198 134 55 182 60 24 99 70 107 87 189 213 148 82 188 58 242 157 96 51 130 138 118 176 215 5 96 104 65 112 10 176 24 44 184 108 111 55 204 119 46 229 184 179 4 150 69 79 200 111 134 0
0 0 121 94 182 40 230 201 37 81 241 230 243 181 124 43 22 41 163 187 110 137 202 23 109 111 246 170 86 200 7 237 143 234 182 169 58 133 150 55 236 209 97 52 112 16 135 150 174 90 38 35 38 136 27 209 67 173 168 146 114 64 99 158 248 125 13 55 22 122 171 250 184 67 205 106 235 54 75 3 107 111 195 248 32 109 186 250 180 84 216 16 232 64 216 35 183 171 239 157 10 43 186 39 109 9 237 114 2 105 145 61 162 138 221 82 215 177 38 20 50 41 220 29 48 79 239 0
0 0 158 12 228 157 87 176 137 55 12 32 10 122 115 236 117 183 170 75 208 164 45 87 109 24 77 251 23 164 129 26 202 67 138 20 152 157 199 61 156 190 127 104 149 8 109 74 73 4 139 102 222 147 28 30 191 16 229 215 217 105 124 107 52 230 7 97 32 159 13 105 67 198 156 133 244 122 92 204 116 183 81 89 37 183 37 90 154 225 94 17 137 10 150 122 126 71 137 216 251 61 107 240 25 144 12 42 26 204 174 152 176 111 152 89 218 50 94 1 251 225 142 30 73 13 155 0
0 0 0 113 36 148 6 77 253 18 107 37 141 99 152 126 244 50 220 248 255 192 233 248 121 52 129 231 231 169 29 162 242 53 119 175 245 12 14 113 45 130 224 107 187 199 56 71 223 36 252 73 2 215 215 171 236 215 163 63 69 185 218 3 96 250 45 208 169 59 242 41 174 122 127 166 212 44 232 102 202 144 76 175 62 73 20 101 202 235 45 70 161 132 191 19 51 46 5 151 225 88 7 196 178 34 14 160 88 209 231 243 126 125 190 169 186 147 52 96 8 199 39 151 177 113 0 0
0 0 0 87 105 49 97 108 133 151 87 169 27 182 181 22 123 73 179 47 250 124 180 96 225 107 28 214 109 32 239 106 141 144 195 70 197 188 81 27 228 134 148 83 83 7 253 6 76 13 14 184 43 252 35 30 106 66 162 173 104 190 190 38 24 232 210 29 86 4 141 132 115 138 208 78 224 25 123 214 206 10 111 93 42 51 45 18 100 80 164 163 206 37 105 14 243 159 153 231 191 214 39 169 96 174 29 181 102 204 189 183 106 65 74 46 46 233 232 148 11 112 21 161 166 187 0 0
0 0 0 163 80 140 255 105 145 4 219 137 121 219 40 152 90 46 145 165 249 199 52 52 84 254 113 156 37 11 114 0 36 254 238 45 184 110 65 212 8 215 199 170 71 1 121 101 132 89 232 208 157 249 15 4 70 141 233 40 42 157 5 82 220 108 47 52 237 75 90 40 78 190 5 97 159 112 69 187 75 16 15 142 210 104 56 70 212 212 121 78 30 173 181 199 96 224 99 72 27 78 124 7 189 11 82 29 134 148 250 231 189 229 135 61 158 97 139 28 238 192 223 64 213 77 0 0
0 0 0 91 243 61 97 163 139 79 42 224 227 229 102 108 114 28 230 188 99 139 54 212 76 61 172 82 88 33 110 178 42 37 1 185 137 112 52 28 227 203 12 246 159 113 16 11 154 68 0 39 40 132 194 139 39 123 63 23 135 80 233 40 187 167 111 75 106 225 136 169 179 129 92 101 3 167 201 7 59 220 122 166 212 46 2 204 253 174 129 221 47 122 0 240 177 5 222 136 144 218 32 6 213 219 135 23 60 47 103 152 207 168 31 228 53 131 171 228 224 243 186 188 156 65 0 0
0 0 0 0 158 240 229 48 35 206 167 11 219 132 41 91 67 214 29 44 106 214 169 88 236 58 35 54 157 242 84 14 78 180 125 172 192 43 217 67 63 4 3 16 231 68 156 203 244 126 6 34 161 212 33 20 144 153 144 149 36 65 93 193 65 64 42 162 38 180 111 162 33 137 223 254 46 77 170 83 203 225 16 200 90 163 199 123 51 242 175 241 133 103 199 252 228 177 161 139 143 196 76 41 226 23 112 73 65 234 165 251 55 161 107 122 60 245 139 76 87 222 121 240 63 0 0 0
0 0 0 0 61 253 12 41 160 139 250 80 63 166 184 86 72 66 45 208 16 210 20 203 207 223 246 154 43 143 156 71 20 170 214 81 128 201 23 154 79 105 251 48 158 94 239 39 156 220 165 34 221 85 251 162 183 86 144 70 133 253 246 223 62 201 210 61 18 239 2 14 136 92 33 113 166 90 89 66 202 221 54 112 241 57 227 143 123 207 236 124 28 251 182 151 16 62 54 210 116 212 76 6 249 188 40 72 220 150 205 139 28 228 76 201 71 119 191 109 79 114 86 33 239 0 0 0
0 0 0 0 133 70 57 82 239 215 43 65 204 87 37 19 218 100 197 116 75 67 15 18 179 241 156 117 16 168 250 94 67 197 200 14 5 25 82 187 125 153 83 221 162 192 26 191 252 107 211 30 30 206 154 196 27 121 183 2 155 206 61 24 20 219 99 168 240 170 79 68 34 40 144 27 151 184 138 98 5 201 124 3 0 206 235 231 108 83 22 87 208 130 39 120 59 203 66 157 159 159 201 255 19 25 55 23 189 64 8 107 188 156 135 157 135 76 96 62 10 206 19 252 239 0 0 0
0 0 0 0 0 223 20 53 98 131 39 25 44 65 199 109 208 27 54 252 157 17 207 67 155 106 211 254 54 129 52 147 81 26 41 207 29 140 248 42 190 53 78 212 61 32 52 158 98 19 18 217 249 210 69 129 52 67 107 109 171 15 55 48 180 125 230 245 147 101 11 168 90 125 178 56 203 198 100 63 168 228 180 152 130 166 245 125 172 181 48 176 55 43 132 42 142 229 132 44 119 147 62 103 15 63 244 189 130 136 195 167 15 226 24 143 48 178 11 244 8 253 43 25 0 0 0 0
0 0 0 0 0 122 220 54 232 89 220 254 31 91 158 235 78 190 185 129 171 154 235 243 253 231 200 246 71 50 80 10 103 64 200 244 158 199 137 91 9 19 69 41 193 188 105 182 123 92 46 228 199 70 117 12 100 60 137 106 53 184 240 216 32 58 206 66 196 203 95 99 147 2 249 197 29 69 173 158 144 199 242 236 123 226 166 77 254 247 80 45 3 157 148 111 198 136 45 75 174 33 10 104 30 4 169 9 47 211 180 40 248 116 24 39 21 63 161 85 63 68 85 63 0 0 0 0
0 0 0 0 0 0 198 228 197 18 196 171 251 7 39 95 178 95 40 0 159 146 130 0 79 30 145 45 204 57 30 169 142 196 174 58 194 127 19 37 208 4 58 185 58 129 220 249 1 110 95 230 133 139 146 83 36 8 176 159 96 5 150 248 24 108 126 246 32 11 201 222 32 20 161 241 150 51 222 161 207 98 211 125 90 95 130 98 218 101 147 132 21 208 126 216 183 61 61 236 41 136 130 113 163 126 73 93 159 18 8 158 213 120 216 7 27 56 87 151 116 119 166 0 0 0 0 0
0 0 0 0 0 0 70 245 213 104 98 33 99 141 107 255 75 41 16 119 206 167 83 213 87 162 169 99 68 64 181 168 94 82 161 255 52 183 53 11 216 215 186 198 205 83 61 72 118 184 226 142 207 214 97 90 232 185 63 60 12 155 225 12 0 126 239 104 78 6 34 123 14 90 56 211 205 204 98 200 43 217 203 10 147 156 229 239 125 21 175 252 111 42 196 166 251 238 186 89 96 82 107 12 244 246 182 247 252 99 199 23 34 158 183 27 181 81 179 227 68 67 42 0 0 0 0 0
0 0 0 0 0 0 2 227 131 23 69 255 174 79 246 136 10 122 247 160 165 103 31 153 238 58 140 196 253 28 73 92 168 104 181 181 189 37 6 215 149 39 202 2 167 27 41 180 13 65 61 229 225 5 137 189 168 155 31 5 79 0 162 122 91 83 130 184 191 121 53 3 187 95 118 230 29 248 181 36 198 200 249 71 237 238 223 232 68 164 49 152 159 164 116 252 31 212 56 225 98 103 80 195 145 8 53 203 33 107 91 119 132 31 159 173 70 60 15 136 181 185 190 0 0 0 0 0
0 0 0 0 0 0 0 96 8 53 83 32 74 213 11 60 236 209 11 106 186 131 195 210 148 14 133 249 164 9 112 14 132 172 39 47 129 107 176 179 234 119 24 112 65 249 220 177 46 129 45 43 238 101 181 109 115 111 217 56 149 249 94 162 180 89 8 158 78 189 240 16 119 112 58 0 66 60 120 93 203 118 8 248 184 33 1 145 128 131 255 227 33 179 176 89 109 243 37 152 92 123 148 52 214 68 41 249 145 1 130 145 50 191 120 11 9 169 17 119 59 112 0 0 0 0 0 0
0 0 0 0 0 0 0 6 248 180 216 29 117 22 248 148 243 16 216 195 173 94 253 237 201 231 40 94 21 25 249 241 87 247 111 125 54 22 100 9 157 67 80 38 50 29 87 80 30 131 18 195 133 199 32 42 131 167 164 229 235 8 171 125 25 241 215 121 208 127 1 144 83 239 250 94 73 56 222 242 85 246 189 177 217 168 21 23 154 71 15 251 60 30 159 250 140 241 222 54 1 85 215 150 60 204 169 104 217 227 86 85 131 152 72 224 211 106 233 253 26 31 0 0 0 0 0 0
0 0 0 0 0 0 0 0 178 38 237 34 255 140 246 99 111 159 40 34 68 252 85 79 97 123 206 246 195 102 57 113 252 223 65 154 161 225 231 180 54 216 236 150 12 141 123 172 31 240 46 59 66 4 195 35 224 213 126 69 71 156 168 133 234 145 177 10 228 105 0 217 159 162 238 36 181 155 236 39 233 157 70 201 54 32 212 159 142 21 127 20 140 213 119 111 182 24 26 84 222 14 108 161 56 56 113 15 138 59 54 209 178 155 66 130 234 71 185 103 28 0 0 0 0 0 0 0
0 0 0 0 0 0 0 0 0 110 72 122 167 70 231 49 189 133 242 3 194 180 236 82 177 38 73 158 186 52 155 94 11 141 145 18 100 217 32 253 243 253 193 223 215 26 103 138 4 93 118 93 115 164 238 26 101 47 251 147 159 55 136 86 103 0 124 61 129 26 194 15 63 223 31 250 198 31 38 115 31 225 132 36 53 103 183 93 84 230 103 104 154 42 70 128 133 231 232 139 123 252 125 228 170 200 248 84 201 209 249 188 171 154 31 218 145 58 233 232 0 0 0 0 0 0 0 0
0 0 0 0 0 0 0 0 0 74 62 227 81 6 85 185 105 129 167 51 35 103 41 35 249 68 61 216 0 13 197 183 186 244 31 193 84 230 23 225 225 198 230 223 139 74 180 74 248 82 61 24 6 96 139 112 224 41 33 30 171 169 48 248 97 43 88 86 175 98 223 105 13 30 90 96 17 4 157 158 88 77 230 97 136 161 49 250 57 221 162 158 91 32 160 130 218 164 233 13 51 36 96 39 111 4 240 44 96 77 50 68 22 31 53 227 232 78 11 245 0 0 0 0 0 0 0 0
0 0 0 0 0 0 0 0 0 0 86 205 181 50 25 100 217 153 41 219 75 50 97 235 54 38 227 134 171 163 100 55 176 252 153 219 159 120 41 226 201 69 152 96 37 213 182 233 132 193 59 91 214 58 180 187 151 24 168 48 41 146 129 74 41 126 200 181 163 162 234 164 245 63 37 19 154 93 149 218 196 127 184 6 110 239 22 96 66 153 175 194 209 54 169 222 121 144 69 8 225 154 208 118 96 15 174 182 192 58 160 220 169 131 35 189 79 69 44 0 0 0 0 0 0 0 0 0
0 0 0 0 0 0 0 0 0 0 221 1 92 197 7 212 229 235 109 123 233 232 152 104 50 79 67 219 62 86 225 79 136 111 37 86 16 19 34 207 41 114 177 199 72 87 217 85 199 132 154 33 152 252 141 79 196 168 164 251 162 186 57 166 181 118 211 62 204 195 194 244 77 220 36 115 58 88 101 207 15 91 25 197 9 48 117 116 129 78 232 207 28 188 250 79 88 200 252 52 211 52 63 15 237 47 246 89 47 37 6 134 123 222 136 63 249 51 222 0 0 0 0 0 0 0 0 0
0 0 0 0 0 0 0 0 0 0 0 199 32 136 5 102 11 83 131 108 34 70 22 216 112 62 151 25 231 194 165 52 226 220 5 188 83 163 18 90 245 117 201 168 250 252 50 168 156 133 239 0 231 250 53 213 24 132 184 253 200 94 18 84 84 133 94 47 62 180 116 236 15 95 93 193 158 95 99 9 83 102 122 195 185 90 66 177 51 177 146 29 30 11 148 224 160 233 184 124 125 17 26 109 165 120 254 124 39 162 103 99 100 6 227 158 99 227 0 0 0 0 0 0 0 0 0 0
0 0 0 0 0 0 0 0 0 0 0 0 27 34 178 24 43 7 30 97 225 254 134 122 87 179 63 163 44 46 76 170 251 215 73 98 148 125 33 235 83 7 98 71 200 128 72 60 243 160 109 186 228 212 11 234 43 167 10 85 208 92 79 8 199 116 185 144 6 56 13 93 176 161 0 150 20 20 191 174 143 202 98 253 96 137 227 96 151 175 73 236 226 243 19 156 127 49 150 237 79 219 181 23 48 192 233 10 18 127 239 245 131 22 56 19 5 0 0 0 0 0 0 0 0 0 0 0
0 0 0 0 0 0 0 0 0 0 0 0 187 118 19 67 193 14 94 18 131 20 148 31 104 97 169 231 116 142 143 47 82 211 70 3 84 85 25 199 120 90 184 103 181 171 115 76 228 202 64 137 192 202 132 145 217 189 204 55 0 57 15 148 228 137 176 174 152 5 64 79 177 207 212 140 142 164 12 26 151 113 122 197 203 63 80 88 108 135 238 5 242 20 19 198 191 28 20 45 225 172 153 148 171 153 245 92 242 76 160 126 46 170 27 58 214 0 0 0 0 0 0 0 0 0 0 0
0 0 0 0 0 0 0 0 0 0 0 0 0 55 89 193 101 249 220 79 82 211 214 104 104 25 224 218 120 199 74 174 153 23 127 16 135 110 43 166 132 130 250 201 28 222 137 65 57 197 52 25 126 221 148 202 231 77 47 8 175 245 31 218 132 177 219 43 152 187 9 15 65 234 116 199 109 176 179 166 180 220 78 145 138 19 106 205 12 217 217 8 1 22 14 161 110 191 87 204 62 92 111 8 185 6 64 179 129 119 167 9 6 38 12 46 0 0 0 0 0 0 0 0 0 0 0 0
0 0 0 0 0 0 0 0 0 0 0 0 0 0 254 201 233 155 31 87 225 134 164 184 213 181 223 134 252 252 82 191 62 116 119 91 120 170 66 181 8 169 9 18 109 27 157 61 170 27 199 183 171 58 158 118 54 195 41 177 190 155 28 242 155 120 211 98 5 227 162 110 79 38 82 19 21 54 97 139 253 23 69 251 45 223 150 233 98 172 205 8 91 155 164 121 61 150 46 119 162 208 221 90 78 118 88 226 31 143 142 150 87 92 33 0 0 0 0 0 0 0 0 0 0 0 0 0
0 0 0 0 0 0 0 0 0 0 0 0 0 0 0 109 218 183 203 22 29 116 9 81 235 185 53 37 149 77 45 75 82 113 208 185 120 226 224 164 89 168 146 143 49 157 116 17 44 124 197 109 58 244 86 32 78 113 191 119 12 185 228 159 52 153 165 2 195 247 211 135 236 161 98 56 104 172 82 162 201 112 169 168 6 112 150 129 163 209 52 219 50 103 214 204 160 232 107 233 123 31 129 178 38 225 244 176 39 209 15 2 102 27 0 0 0 0 0 0 0 0 0 0 0 0 0 0
0 0 0 0 0 0 0 0 0 0 0 0 0 0 0 164 52 228 3 18 173 181 83 253 115 212 48 88 235 47 45 99 50 172 95 94 42 228 204 156 200 71 171 163 99 65 51 181 206 215 181 114 242 74 19 82 147 37 157 229 60 50 48 73 192 90 213 11 73 6 0 129 96 122 161 53 80 166 158 149 240 208 231 106 186 98 188 21 187 244 128 223 64 130 71 145 2 36 233 141 160 115 148 141 125 200 190 112 176 132 218 235 242 25 0 0 0 0 0 0 0 0 0 0 0 0 0 0
0 0 0 0 0 0 0 0 0 0 0 0 0 0 0 0 227 180 110 118 47 147 208 107 243 21 158 244 211 194 238 193 229 179 87 51 67 117 41 149 75 245 125 199 7 212 63 178 7 36 133 233 106 32 80 196 228 125 194 208 241 48 198 95 187 194 59 32 232 165 66 178 212 223 91 243 183 22 152 248 72 141 138 98 195 64 205 201 191 46 229 127 233 3 197 18 80 98 242 196 4 218 130 219 155 224 156 185 175 190 223 32 136 0 0 0 0 0 0 0 0 0 0 0 0 0 0 0
0 0 0 0 0 0 0 0 0 0 0 0 0 0 0 0 0 75 120 43 56 241 180 77 6 144 27 104 39 33 213 184 168 38 64 71 22 26 26 159 144 245 200 69 176 75 189 227 217 210 104 208 3 248 4 46 182 54 197 202 76 184 146 182 83 42 184 234 109 137 90 216 190 246 51 46 96 205 184 26 61 166 10 75 237 243 7 255 84 109 80 183 71 6 208 246 104 193 10 213 16 204 51 44 227 131 41 103 146 11 44 242 0 0 0 0 0 0 0 0 0 0 0 0 0 0 0 0
0 0 0 0 0 0 0 0 0 0 0 0 0 0 0 0 0 0 163 48 251 217 156 251 234 155 194 112 46 188 215 140 81 123 240 82 61 218 148 66 19 45 75 41 182 119 9 78 36 55 18 151 59 165 45 148 91 196 171 196 173 116 141 14 179 129 52 190 156 183 238 182 50 116 87 35 128 123 62 32 169 36 137 134 33 145 150 7 35 114 216 0 222 51 29 184 33 1 225 146 155 2 239 138 148 130 230 116 46 21 4 0 0 0 0 0 0 0 0 0 0 0 0 0 0 0 0 0
0 0 0 0 0 0 0 0 0 0 0 0 0 0 0 0 0 0 0 49 203 62 7 164 3 126 231 73 97 9 223 2 52 175 85 150 154 116 112 100 218 227 163 255 231 111 70 66 15 147 16 188 184 166 140 102 15 190 16 29 243 72 27 94 135 15 167 195 95 125 254 15 104 51 120 166 142 160 89 137 58 102 100 178 15 80 22 10 200 88 122 172 229 214 96 202 126 242 204 155 206 23 146 106 136 52 87 67 160 197 0 0 0 0 0 0 0 0 0 0 0 0 0 0 0 0 0 0
0 0 0 0 0 0 0 0 0 0 0 0 0 0 0 0 0 0 0 0 255 245 243 117 68 171 0 64 134 109 163 173 13 198 107 0 163 164 52 31 2 21 104 33 227 134 85 205 127 61 82 169 223 108 155 94 2 209 20 81 177 244 214 136 75 11 56 11 25 112 201 154 239 251 16 140 235 56 159 246 213 75 38 163 77 194 116 94 89 249 161 5 223 193 12 149 218 180 241 21 153 236 3 63 153 72 41 179 157 0 0 0 0 0 0 0 0 0 0 0 0 0 0 0 0 0 0 0
0 0 0 0 0 0 0 0 0 0 0 0 0 0 0 0 0 0 0 0 0 8 22 103 46 166 70 24 76 39 174 215 6 244 253 24 129 87 13 14 244 6 2 191 95 110 218 132 32 61 27 53 57 213 218 156 56 32 128 230 142 87 163 24 177 84 114 246 0 215 137 108 124 47 160 108 141 43 171 41 123 103 155 248 218 19 30 232 168 118 54 1 118 28 234 12 218 42 184 237 196 78 151 64 114 134 119 185 0 0 0 0 0 0 0 0 0 0 0 0 0 0 0 0 0 0 0 0
0 0 0 0 0 0 0 0 0 0 0 0 0 0 0 0 0 0 0 0 0 0 250 12 146 245 109 89 136 221 212 69 33 58 227 53 173 48 46 154 201 68 253 200 15 56 133 195 100 71 174 249 63 31 32 116 103 110 68 71 97 16 180 188 34 68 90 160 70 82 5 160 137 216 65 139 143 21 179 4 232 149 255 232 96 143 37 212 255 58 142 191 121 26 71 100 180 42 220 186 248 98 156 219 80 22 187 0 0 0 0 0 0 0 0 0 0 0 0 0 0 0 0 0 0 0 0 0
0 0 0 0 0 0 0 0 0 0 0 0 0 0 0 0 0 0 0 0 0 0 0 37 19 57 239 199 95 127 195 162 164 152 136 148 53 159 89 91 14 198 6 156 198 167 10 10 86 217 74 44 170 198 90 13 44 67 164 218 90 13 251 146 152 109 108 29 165 93 146 129 233 43 185 187 149 74 16 132 66 228 166 93 148 77 68 194 62 30 34 64 184 12 155 76 219 102 24 90 15 97 45 197 135 182 0 0 0 0 0 0 0 0 0 0 0 0 0 0 0 0 0 0 0 0 0 0
0 0 0 0 0 0 0 0 0 0 0 0 0 0 0 0 0 0 0 0 0 0 0 0 0 206 226 93 102 175 192 35 189 199 128 148 151 136 202 167 152 81 100 86 244 104 26 249 110 24 114 245 165 225 139 224 252 47 137 70 183 43 148 127 50 109 228 31 231 144 229 183 57 69 135 115 221 25 103 105 220 210 91 142 115 59 163 154 96 80 59 171 65 249 64 50 56 203 92 168 160 71 46 116 0 0 0 0 0 0 0 0 0 0 0 0 0 0 0 0 0 0 0 0 0 0 0 0
0 0 0 0 0 0 0 0 0 0 0 0 0 0 0 0 0 0 0 0 0 0 0 0 0 0 31 123 117 240 233 57 94 125 150 0 175 82 168 146 211 93 70 124 49 114 144 138 211 247 124 188 144 177 174 5 211 127 98 217 252 150 38 41 239 28 40 12 136 145 4 205 39 115 170 138 154 75 23 248 58 250 127 84 98 242 173 145 215 142 218 37 63 104 226 116 131 152 86 193 141 202 199 0 0 0 0 0 0 0 0 0 0 0 0 0 0 0 0 0 0 0 0 0 0 0 0 0
0 0 0 0 0 0 0 0 0 0 0 0 0 0 0 0 0 0 0 0 0 0 0 0 0 0 0 42 155 45 216 90 12 200 23 125 172 231 128 198 197 202 23 19 92 123 106 62 20 106 99 180 41 8 117 214 37 150 128 82 147 212 172 181 216 201 140 183 158 117 10 152 21 18 8 244 155 230 202 18 31 39 97 100 1 94 243 173 159 113 135 110 152 72 49 242 221 128 209 189 192 200 0 0 0 0 0 0 0 0 0 0 0 0 0 0 0 0 0 0 0 0 0 0 0 0 0 0
0 0 0 0 0 0 0 0 0 0 0 0 0 0 0 0 0 0 0 0 0 0 0 0 0 0 0 0 0 252 95 78 236 182 191 202 238 83 108 15 94 10 188 196 112 218 215 244 246 222 131 90 50 117 149 179 177 38 62 45 253 133 245 10 128 39 54 50 219 46 83 119 179 190 98 217 251 182 63 211 84 248 151 118 96 111 238 7 139 78 156 56 197 22 81 174 201 99 230 92 0 0 0 0 0 0 0 0 0 0 0 0 0 0 0 0 0 0 0 0 0 0 0 0 0 0 0 0
0 0 0 0 0 0 0 0 0 0 0 0 0 0 0 0 0 0 0 0 0 0 0 0 0 0 0 0 0 0 143 171 119 136 126 188 149 119 116 95 48 88 33 167 215 75 167 145 15 106 154 118 131 223 218 52 161 145 106 20 95 69 81 183 100 15 119 32 86 138 58 230 157 170 16 71 120 105 81 163 63 210 161 14 120 72 77 171 222 177 175 134 54 56 38 166 233 119 93 0 0 0 0 0 0 0 0 0 0 0 0 0 0 0 0 0 0 0 0 0 0 0 0 0 0 0 0 0
0 0 0 0 0 0 0 0 0 0 0 0 0 0 0 0 0 0 0 0 0 0 0 0 0 0 0 0 0 0 0 0 191 118 170 123 214 145 5 98 2 39 200 0 63 17 100 94 105 144 52 52 36 45 133 150 56 20 57 185 118 88 34 82 71 45 54 77 149 206 16 198 184 162 60 67 202 216 108 41 135 30 90 174 192 78 175 42 240 80 248 85 3 145 118 141 143 0 0 0 0 0 0 0 0 0 0 0 0 0 0 0 0 0 0 0 0 0 0 0 0 0 0 0 0 0 0 0
0 0 0 0 0 0 0 0 0 0 0 0 0 0 0 0 0 0 0 0 0 0 0 0 0 0 0 0 0 0 0 0 0 0 223 51 30 33 212 244 200 237 107 57 177 127 236 209 56 174 218 219 151 80 94 168 171 200 43 135 87 199 96 111 53 99 211 99 159 7 164 29 39 93 126 19 108 101 151 126 49 176 32 59 232 206 51 200 177 203 45 35 61 202 137 0 0 0 0 0 0 0 0 0 0 0 0 0 0 0 0 0 0 0 0 0 0 0 0 0 0 0 0 0 0 0 0 0
0 0 0 0 0 0 0 0 0 0 0 0 0 0 0 0 0 0 0 0 0 0 0 0 0 0 0 0 0 0 0 0 0 0 0 32 239 78 81 234 75 204 251 17 27 81 232 99 150 15 152 65 199 33 171 86 19 50 82 97 29 182 128 26 50 94 79 158 187 224 159 60 192 156 47 145 248 208 20 94 171 155 169 106 188 204 92 187 50 242 162 191 84 114 0 0 0 0 0 0 0 0 0 0 0 0 0 0 0 0 0 0 0 0 0 0 0 0 0 0 0 0 0 0 0 0 0 0
0 0 0 0 0 0 0 0 0 0 0 0 0 0 0 0 0 0 0 0 0 0 0 0 0 0 0 0 0 0 0 0 0 0 0 0 0 33 241 207 126 217 255 187 233 129 178 94 73 71 158 81 89 136 157 99 145 226 85 237 46 49 46 255 155 22 213 86 165 37 206 202 103 125 159 154 159 67 173 242 62 142 16 39 217 4 135 190 175 200 44 177 0 0 0 0 0 0 0 0 0 0 0 0 0 0 0 0 0 0 0 0 0 0 0 0 0 0 0 0 0 0 0 0 0 0 0 0
0 0 0 0 0 0 0 0 0 0 0 0 0 0 0 0 0 0 0 0 0 0 0 0 0 0 0 0 0 0 0 0 0 0 0 0 0 0 0 0 59 210 129 92 226 160 3 62 228 76 153 182 255 157 194 240 26 196 82 199 66 83 5 209 95 191 104 47 14 198 49 148 240 9 205 114 122 113 207 41 106 108 153 53 151 80 238 54 215 0 0 0 0 0 0 0 0 0 0 0 0 0 0 0 0 0 0 0 0 0 0 0 0 0 0 0 0 0 0 0 0 0 0 0 0 0 0 0
0 0 0 0 0 0 0 0 0 0 0 0 0 0 0 0 0 0 0 0 0 0 0 0 0 0 0 0 0 0 0 0 0 0 0 0 0 0 0 0 0 0 39 239 254 167 48 12 225 133 48 89 212 229 167 49 231 254 241 115 69 110 242 8 131 2 161 123 183 16 64 39 55 155 115 91 112 175 195 246 116 250 68 146 137 175 171 0 0 0 0 0 0 0 0 0 0 0 0 0 0 0 0 0 0 0 0 0 0 0 0 0 0 0 0 0 0 0 0 0 0 0 0 0 0 0 0 0
0 0 0 0 0 0 0 0 0 0 0 0 0 0 0 0 0 0 0 0 0 0 0 0 0 0 0 0 0 0 0 0 0 0 0 0 0 0 0 0 0 0 0 0 0 0 38 139 136 153 228 170 250 120 195 243 146 54 64 227 38 24 210 24 208 250 182 68 177 227 51 167 115 77 225 95 32 213 15 104 76 123 180 190 0 0 0 0 0 0 0 0 0 0 0 0 0 0 0 0 0 0 0 0 0 0 0 0 0 0 0 0 0 0 0 0 0 0 0 0 0 0 0 0 0 0 0 0
0 0 0 0 0 0 0 0 0 0 0 0 0 0 0 0 0 0 0 0 0 0 0 0 0 0 0 0 0 0 0 0 0 0 0 0 0 0 0 0 0 0 0 0 0 0 0 0 0 232 103 119 203 138 44 176 70 237 71 49 129 33 59 8 156 244 98 128 1 21 223 95 233 97 40 134 192 246 208 237 0 0 0 0 0 0 0 0 0 0 0 0 0 0 0 0 0 0 0 0 0 0 0 0 0 0 0 0 0 0 0 0 0 0 0 0 0 0 0 0 0 0 0 0 0 0 0 0
0 0 0 0 0 0 0 0 0 0 0 0 0 0 0 0 0 0 0 0 0 0 0 0 0 0 0 0 0 0 0 0 0 0 0 0 0 0 0 0 0 0 0 0 0 0 0 0 0 0 0 0 0 118 167 162 115 188 198 184 120 192 32 3 150 94 35 91 155 0 205 182 19 46 14 67 0 0 0 0 0 0 0 0 0 0 0 0 0 0 0 0 0 0 0 0 0 0 0 0 0 0 0 0 0 0 0 0 0 0 0 0 0 0 0 0 0 0 0 0 0 0 0 0 0 0 0 0
