128
0 0 0 0 0 0 0 0 0 0 0 0 0 0 0 0 0 0 0 0 0 0 0 0 0 0 0 0 0 0 0 0 0 0 0 0 0 0 0 0 0 0 0 0 0 0 0 0 0 0 0 0 0 0 0 0 0 0 0 0 0 0 0 0 162 0 0 0 0 0 0 0 0 0 0 0 0 0 0 0 0 0 0 0 0 0 0 0 0 0 0 0 0 0 0 0 0 0 0 0 0 0 0 0 0 0 0 0 0 0 0 0 0 0 0 0 0 0 0 0 0 0 0 0 0 0 0 0
0 0 0 0 0 0 0 0 0 0 0 0 0 0 0 0 0 0 0 0 0 0 0 0 0 0 0 0 0 0 0 0 0 0 0 0 0 0 0 0 0 0 0 0 0 0 0 0 0 0 0 0 0 76 182 229 186 228 94 83 55 95 253 187 202 192 56 237 203 127 31 86 108 144 50 96 0 0 0 0 0 0 0 0 0 0 0 0 0 0 0 0 0 0 0 0 0 0 0 0 0 0 0 0 0 0 0 0 0 0 0 0 0 0 0 0 0 0 0 0 0 0 0 0 0 0 0 0
0 0 0 0 0 0 0 0 0 0 0 0 0 0 0 0 0 0 0 0 0 0 0 0 0 0 0 0 0 0 0 0 0 0 0 0 0 0 0 0 0 0 0 0 0 0 0 0 0 102 59 148 57 157 204 102 118 181 229 169 209 22 94 58 231 171 15 78 63 46 208 112 98 53 248 51 10 104 144 2 0 0 0 0 0 0 0 0 0 0 0 0 0 0 0 0 0 0 0 0 0 0 0 0 0 0 0 0 0 0 0 0 0 0 0 0 0 0 0 0 0 0 0 0 0 0 0 0
0 0 0 0 0 0 0 0 0 0 0 0 0 0 0 0 0 0 0 0 0 0 0 0 0 0 0 0 0 0 0 0 0 0 0 0 0 0 0 0 0 0 0 0 0 207 186 162 26 157 153 96 81 184 114 83 16 234 17 83 54 171 47 218 251 142 102 221 86 87 142 71 226 74 192 162 115 79 62 250 44 31 235 56 0 0 0 0 0 0 0 0 0 0 0 0 0 0 0 0 0 0 0 0 0 0 0 0 0 0 0 0 0 0 0 0 0 0 0 0 0 0 0 0 0 0 0 0
0 0 0 0 0 0 0 0 0 0 0 0 0 0 0 0 0 0 0 0 0 0 0 0 0 0 0 0 0 0 0 0 0 0 0 0 0 0 0 0 0 0 227 99 214 242 170 202 125 27 238 139 53 207 242 2 138 73 179 37 174 212 191 12 56 86 75 220 247 173 115 13 19 159 176 231 146 118 197 158 200 196 163 31 101 25 88 0 0 0 0 0 0 0 0 0 0 0 0 0 0 0 0 0 0 0 0 0 0 0 0 0 0 0 0 0 0 0 0 0 0 0 0 0 0 0 0 0
0 0 0 0 0 0 0 0 0 0 0 0 0 0 0 0 0 0 0 0 0 0 0 0 0 0 0 0 0 0 0 0 0 0 0 0 0 0 0 0 141 61 139 82 33 33 238 115 201 90 172 241 197 227 36 16 204 151 44 86 157 100 65 153 81 131 103 17 48 86 183 89 100 195 179 138 75 57 140 238 119 21 233 186 58 218 59 128 92 0 0 0 0 0 0 0 0 0 0 0 0 0 0 0 0 0 0 0 0 0 0 0 0 0 0 0 0 0 0 0 0 0 0 0 0 0 0 0
0 0 0 0 0 0 0 0 0 0 0 0 0 0 0 0 0 0 0 0 0 0 0 0 0 0 0 0 0 0 0 0 0 0 0 0 0 65 255 153 7 90 114 115 4 209 251 74 54 77 227 245 46 18 80 242 125 214 78 72 207 176 227 79 107 107 80 137 26 110 186 67 60 134 16 113 233 192 152 24 4 151 113 213 156 76 131 144 254 87 233 220 0 0 0 0 0 0 0 0 0 0 0 0 0 0 0 0 0 0 0 0 0 0 0 0 0 0 0 0 0 0 0 0 0 0 0 0
0 0 0 0 0 0 0 0 0 0 0 0 0 0 0 0 0 0 0 0 0 0 0 0 0 0 0 0 0 0 0 0 0 0 0 127 127 39 96 38 78 150 123 117 184 113 41 27 102 209 147 70 230 129 113 92 77 111 227 12 9 90 121 68 109 205 107 195 145 217 41 109 126 219 78 152 210 149 86 250 158 205 255 39 49 139 55 145 17 120 229 118 74 11 0 0 0 0 0 0 0 0 0 0 0 0 0 0 0 0 0 0 0 0 0 0 0 0 0 0 0 0 0 0 0 0 0 0
0 0 0 0 0 0 0 0 0 0 0 0 0 0 0 0 0 0 0 0 0 0 0 0 0 0 0 0 0 0 0 0 0 0 88 60 87 133 134 125 45 0 86 207 139 182 136 181 151 62 235 83 53 98 132 143 7 95 17 69 160 25 74 182 254 78 200 238 2 196 46 84 4 23 202 245 252 0 17 190 36 234 143 40 75 213 212 28 94 115 68 180 74 204 242 0 0 0 0 0 0 0 0 0 0 0 0 0 0 0 0 0 0 0 0 0 0 0 0 0 0 0 0 0 0 0 0 0
0 0 0 0 0 0 0 0 0 0 0 0 0 0 0 0 0 0 0 0 0 0 0 0 0 0 0 0 0 0 0 0 119 124 165 215 246 72 199 47 59 51 86 39 235 21 141 79 28 249 27 35 47 202 207 235 170 102 172 168 43 166 149 151 158 37 153 35 170 181 173 171 50 243 112 255 119 87 217 146 167 28 228 193 45 180 43 51 151 35 131 215 211 245 38 240 13 0 0 0 0 0 0 0 0 0 0 0 0 0 0 0 0 0 0 0 0 0 0 0 0 0 0 0 0 0 0 0
0 0 0 0 0 0 0 0 0 0 0 0 0 0 0 0 0 0 0 0 0 0 0 0 0 0 0 0 0 0 147 50 231 119 5 88 76 56 205 38 185 209 189 74 174 199 121 217 150 199 173 24 226 212 26 168 56 249 187 143 185 11 50 254 26 125 106 227 58 159 96 192 197 230 197 175 80 173 45 183 230 250 35 147 101 255 154 223 243 253 174 30 59 19 47 209 213 106 215 0 0 0 0 0 0 0 0 0 0 0 0 0 0 0 0 0 0 0 0 0 0 0 0 0 0 0 0 0
0 0 0 0 0 0 0 0 0 0 0 0 0 0 0 0 0 0 0 0 0 0 0 0 0 0 0 0 0 40 185 67 39 213 9 175 149 139 205 35 16 108 249 27 80 153 9 206 253 97 56 169 148 109 100 115 220 4 158 147 185 35 47 172 234 102 138 250 102 40 143 235 139 9 142 154 148 214 198 134 139 171 200 173 146 30 160 129 20 163 209 205 42 218 184 242 6 131 168 41 0 0 0 0 0 0 0 0 0 0 0 0 0 0 0 0 0 0 0 0 0 0 0 0 0 0 0 0
0 0 0 0 0 0 0 0 0 0 0 0 0 0 0 0 0 0 0 0 0 0 0 0 0 0 0 42 29 110 116 36 76 50 180 217 198 109 144 89 20 193 61 110 231 206 48 140 6 73 190 177 212 47 229 159 231 32 187 59 30 51 150 204 59 202 109 139 154 194 113 75 73 162 38 146 21 236 38 230 34 123 248 31 110 6 227 5 122 234 159 141 109 223 234 30 212 35 222 223 243 208 0 0 0 0 0 0 0 0 0 0 0 0 0 0 0 0 0 0 0 0 0 0 0 0 0 0
0 0 0 0 0 0 0 0 0 0 0 0 0 0 0 0 0 0 0 0 0 0 0 0 0 0 172 149 161 57 86 71 133 12 112 45 84 111 70 17 86 234 104 106 66 83 222 38 53 10 162 165 85 165 13 18 249 206 237 195 232 13 15 142 24 4 236 57 177 43 6 154 250 19 160 222 156 152 33 173 95 245 79 31 136 46 196 237 225 62 141 12 234 151 77 237 239 80 79 181 50 107 236 0 0 0 0 0 0 0 0 0 0 0 0 0 0 0 0 0 0 0 0 0 0 0 0 0
0 0 0 0 0 0 0 0 0 0 0 0 0 0 0 0 0 0 0 0 0 0 0 0 0 241 205 114 247 5 178 114 50 157 70 102 79 66 53 152 247 118 3 95 223 0 171 16 91 171 167 243 109 6 235 138 90 118 8 51 84 3 78 130 191 187 10 247 65 237 148 218 111 205 219 1 98 143 52 52 178 184 216 171 174 189 197 127 71 130 125 166 41 92 230 11 193 117 187 192 97 75 185 124 0 0 0 0 0 0 0 0 0 0 0 0 0 0 0 0 0 0 0 0 0 0 0 0
0 0 0 0 0 0 0 0 0 0 0 0 0 0 0 0 0 0 0 0 0 0 0 245 37 84 177 104 39 193 2 192 66 238 233 91 119 230 226 27 113 149 36 248 254 114 54 44 160 137 35 65 60 162 55 128 127 162 245 219 224 30 7 226 203 40 61 81 133 56 94 30 210 244 194 61 83 72 183 165 58 216 4 165 165 149 230 153 110 255 234 177 75 245 132 255 177 149 200 71 252 25 154 47 255 59 0 0 0 0 0 0 0 0 0 0 0 0 0 0 0 0 0 0 0 0 0 0
0 0 0 0 0 0 0 0 0 0 0 0 0 0 0 0 0 0 0 0 0 0 135 239 120 154 193 117 230 105 238 29 58 27 110 250 186 6 168 221 59 145 2 148 171 209 198 131 243 49 112 178 223 24 243 87 123 163 2 252 183 245 170 34 70 133 15 20 151 14 35 119 30 94 116 110 175 253 167 184 159 196 230 155 41 97 231 74 105 122 224 73 74 210 42 1 121 214 136 46 222 214 8 75 129 229 222 0 0 0 0 0 0 0 0 0 0 0 0 0 0 0 0 0 0 0 0 0
0 0 0 0 0 0 0 0 0 0 0 0 0 0 0 0 0 0 0 0 0 230 53 199 2 140 130 217 42 37 200 99 232 115 241 19 159 208 125 98 143 232 26 49 255 79 123 47 139 82 132 66 212 208 245 201 20 246 178 1 30 212 0 225 227 83 255 246 155 92 49 225 138 5 246 49 168 89 18 127 1 35 243 197 177 8 248 60 65 117 154 252 216 196 181 124 14 176 40 107 67 172 113 18 140 48 20 239 0 0 0 0 0 0 0 0 0 0 0 0 0 0 0 0 0 0 0 0
0 0 0 0 0 0 0 0 0 0 0 0 0 0 0 0 0 0 0 0 105 80 2 244 97 206 83 114 194 39 0 77 239 254 7 142 254 97 90 84 91 134 169 86 26 184 111 29 198 34 44 249 17 33 125 45 76 209 243 229 203 60 71 211 143 168 144 233 236 20 185 202 180 151 48 40 55 161 101 21 233 3 65 215 26 76 65 40 240 189 164 247 152 99 148 69 97 200 40 199 28 34 24 170 80 194 93 194 70 0 0 0 0 0 0 0 0 0 0 0 0 0 0 0 0 0 0 0
0 0 0 0 0 0 0 0 0 0 0 0 0 0 0 0 0 0 0 40 163 159 175 24 7 172 116 12 120 29 29 17 77 68 9 67 105 64 187 69 215 33 130 25 204 59 198 238 225 162 159 159 164 105 23 2 250 145 70 96 160 80 172 238 14 196 244 163 169 186 115 7 41 89 183 109 99 110 250 209 168 151 141 183 13 68 186 85 184 182 189 205 156 45 189 246 119 144 30 152 113 111 136 21 231 28 58 201 50 117 0 0 0 0 0 0 0 0 0 0 0 0 0 0 0 0 0 0
0 0 0 0 0 0 0 0 0 0 0 0 0 0 0 0 0 0 66 139 205 31 188 200 7 172 51 172 180 149 141 51 21 35 10 222 169 53 117 38 137 225 216 150 58 172 231 184 16 71 201 227 122 96 238 134 111 169 54 227 176 221 222 123 208 75 209 143 68 127 133 125 252 167 114 9 233 165 217 188 127 90 159 186 251 232 209 148 184 33 53 118 41 169 37 225 194 147 114 190 27 210 67 185 27 90 198 39 143 72 243 0 0 0 0 0 0 0 0 0 0 0 0 0 0 0 0 0
0 0 0 0 0 0 0 0 0 0 0 0 0 0 0 0 0 55 114 67 158 76 25 255 225 176 252 136 93 11 162 168 83 199 59 254 36 81 3 105 39 46 70 244 104 33 255 106 171 116 119 168 141 16 26 75 100 210 235 172 40 27 110 206 215 112 136 83 187 135 46 150 27 120 6 213 146 131 83 24 62 186 106 0 26 176 33 180 101 81 240 177 169 80 73 169 166 119 39 186 238 224 131 126 86 158 139 77 18 232 180 247 0 0 0 0 0 0 0 0 0 0 0 0 0 0 0 0
0 0 0 0 0 0 0 0 0 0 0 0 0 0 0 0 205 125 208 253 217 132 21 10 100 133 112 33 242 97 168 193 253 130 177 112 162 7 249 236 97 189 154 68 169 66 23 112 232 153 104 242 189 39 114 233 175 114 129 67 90 146 45 11 29 246 223 189 101 77 133 51 243 135 103 94 85 170 15 140 106 169 225 128 96 44 103 148 115 239 8 124 154 191 182 100 183 190 47 97 168 189 113 16 81 134 253 53 187 76 21 26 204 0 0 0 0 0 0 0 0 0 0 0 0 0 0 0
0 0 0 0 0 0 0 0 0 0 0 0 0 0 0 173 48 94 249 222 217 239 10 36 55 153 77 132 196 97 39 140 122 62 200 53 33 236 156 40 95 150 237 131 178 169 171 28 67 193 135 54 201 215 198 47 104 244 154 12 104 177 222 114 40 15 58 24 16 32 70 171 161 156 254 36 79 52 255 179 247 77 241 25 226 190 120 0 37 30 221 251 80 14 28 147 235 26 138 139 39 14 192 49 111 93 59 44 203 106 202 17 57 77 0 0 0 0 0 0 0 0 0 0 0 0 0 0
0 0 0 0 0 0 0 0 0 0 0 0 0 0 0 217 25 236 1 233 207 203 151 96 255 25 80 201 44 114 1 2 193 184 101 174 247 67 82 42 159 138 39 229 246 98 197 245 7 184 250 111 23 50 65 95 177 230 87 63 58 187 197 92 172 45 17 234 229 103 241 168 118 103 97 4 163 121 159 9 150 124 155 25 221 217 13 11 85 170 230 142 130 97 171 128 204 111 111 2 85 245 24 13 16 182 107 163 205 204 157 23 109 157 0 0 0 0 0 0 0 0 0 0 0 0 0 0
0 0 0 0 0 0 0 0 0 0 0 0 0 0 1 213 226 62 125 58 105 160 171 142 254 148 117 2 198 120 47 44 137 41 53 19 27 14 187 131 141 11 70 51 24 199 42 254 83 9 23 11 137 154 54 132 148 30 64 245 79 62 182 153 164 103 189 223 30 119 170 213 208 30 98 61 152 226 37 46 21 72 182 194 97 95 214 38 176 43 83 109 74 15 103 86 47 161 154 214 102 186 31 167 81 3 246 111 228 86 153 161 9 6 247 0 0 0 0 0 0 0 0 0 0 0 0 0
0 0 0 0 0 0 0 0 0 0 0 0 0 151 216 149 134 224 76 114 69 95 200 57 79 20 227 173 149 109 82 116 0 16 206 130 29 44 247 52 104 30 141 230 103 104 27 108 136 145 31 231 119 176 7 31 126 101 173 70 124 85 254 123 148 231 13 34 160 55 103 230 12 133 77 45 122 141 53 159 193 177 159 219 102 131 137 2 72 91 7 214 230 147 153 86 81 9 153 88 140 45 216 145 231 104 147 139 203 253 194 182 217 96 32 44 0 0 0 0 0 0 0 0 0 0 0 0
0 0 0 0 0 0 0 0 0 0 0 0 239 70 150 153 231 183 247 90 22 195 228 216 144 61 255 19 21 145 70 138 77 104 218 175 222 28 130 22 135 17 200 161 139 7 67 222 63 27 233 133 31 82 130 161 38 219 124 129 74 167 143 52 197 57 5 207 229 140 101 142 17 167 14 147 28 92 123 17 65 22 155 92 173 209 201 107 149 175 170 201 181 186 158 84 133 160 141 163 194 188 53 249 245 232 70 10 231 32 116 167 6 4 107 149 190 0 0 0 0 0 0 0 0 0 0 0
0 0 0 0 0 0 0 0 0 0 0 0 173 96 59 78 35 156 20 152 84 46 190 64 47 45 117 180 170 148 91 162 128 116 55 37 246 44 93 112 178 231 216 127 252 111 31 23 238 57 237 155 91 146 132 164 74 131 67 130 123 0 57 201 12 31 253 130 128 218 93 21 122 66 131 134 199 71 143 143 244 189 89 137 255 31 97 15 164 235 21 148 223 125 139 7 221 185 174 137 241 249 133 172 94 249 248 42 144 31 108 146 146 185 228 45 224 0 0 0 0 0 0 0 0 0 0 0
0 0 0 0 0 0 0 0 0 0 0 130 240 152 6 217 156 52 107 92 153 175 57 199 208 114 79 3 223 107 140 29 184 120 148 34 149 25 234 36 80 166 34 81 44 1 150 74 195 18 207 206 86 150 145 135 122 209 70 140 221 86 129 141 220 234 115 142 23 12 67 212 92 48 188 253 242 19 125 254 62 141 154 111 26 148 223 188 223 99 199 232 190 146 211 186 21 90 73 246 65 216 225 147 222 76 147 43 206 102 123 153 28 146 57 181 199 224 0 0 0 0 0 0 0 0 0 0
0 0 0 0 0 0 0 0 0 0 37 159 232 165 134 23 107 131 252 214 235 139 228 189 145 135 204 55 152 132 154 134 61 15 62 191 87 56 110 207 151 33 197 236 1 84 222 252 37 212 108 227 116 249 147 39 190 34 66 28 22 188 220 64 110 26 83 42 214 143 242 95 66 163 156 52 130 62 34 42 242 75 130 22 44 161 211 246 247 7 41 51 179 250 154 87 136 201 96 17 155 115 77 165 52 153 200 30 77 92 158 156 220 62 135 81 223 97 173 0 0 0 0 0 0 0 0 0
0 0 0 0 0 0 0 0 0 0 87 123 89 52 30 203 104 248 28 30 92 231 174 235 92 188 150 113 244 89 198 226 82 91 235 36 100 251 4 217 41 206 148 222 89 72 75 189 96 199 32 3 203 119 38 118 171 27 55 57 41 248 161 50 83 9 141 102 165 121 210 250 59 39 105 243 244 150 183 28 136 152 148 96 57 68 238 86 50 219 231 238 192 89 212 117 29 64 89 8 154 142 163 88 167 121 52 255 70 18 61 217 185 72 10 25 144 76 169 0 0 0 0 0 0 0 0 0
0 0 0 0 0 0 0 0 0 174 222 196 158 164 52 46 39 52 192 129 107 197 248 223 206 190 98 219 236 32 8 203 158 171 128 118 141 44 213 218 73 5 115 115 233 124 31 66 174 16 83 170 243 209 148 171 113 29 83 143 192 169 254 206 6 15 8 113 55 107 36 23 183 242 133 191 253 130 153 12 191 210 99 154 41 11 151 189 42 209 17 150 2 86 78 83 205 141 71 238 201 175 237 65 173 215 221 17 98 8 183 208 160 40 108 237 193 188 16 54 0 0 0 0 0 0 0 0
0 0 0 0 0 0 0 0 0 167 179 135 119 201 60 29 83 9 124 53 55 49 62 187 103 154 164 12 166 209 94 104 52 239 250 7 226 54 219 50 153 172 134 88 231 167 103 218 196 209 52 17 92 181 115 221 154 98 12 186 112 232 80 222 218 218 147 39 125 252 203 71 106 81 210 125 31 111 92 82 160 138 33 1 134 209 119 85 147 51 206 92 249 136 123 37 249 221 102 79 135 65 35 75 41 85 130 223 50 102 138 141 191 188 16 226 88 43 212 83 0 0 0 0 0 0 0 0
0 0 0 0 0 0 0 0 59 159 59 202 255 201 156 66 115 245 155 214 135 131 162 196 144 149 3 58 125 164 3 227 205 135 23 38 159 247 6 240 156 11 200 222 47 123 142 59 231 242 171 63 43 126 96 179 180 164 36 45 15 153 11 240 150 179 14 28 16 9 69 98 178 136 186 181 231 157 116 74 91 253 169 247 157 121 9 44 32 245 125 86 178 68 36 171 187 102 255 44 201 135 79 124 174 40 22 122 6 251 46 45 9 202 208 19 79 211 174 236 8 0 0 0 0 0 0 0
0 0 0 0 0 0 0 188 6 135 134 147 0 250 185 84 23 88 101 156 215 148 55 167 219 96 235 38 90 146 141 97 161 164 98 170 197 154 115 181 17 101 90 219 226 154 227 72 161 121 88 88 105 107 229 76 7 1 41 20 220 230 179 228 66 67 80 163 197 69 148 83 46 89 183 99 166 18 100 84 109 21 78 65 200 157 78 150 166 107 102 115 73 136 209 143 30 26 220 70 36 166 251 251 28 23 208 4 231 30 156 17 137 78 152 109 85 241 26 166 20 49 0 0 0 0 0 0
0 0 0 0 0 0 0 130 101 56 70 193 178 77 34 135 5 212 180 245 128 34 220 113 27 45 202 92 13 98 36 255 255 20 115 235 137 32 127 252 87 221 197 198 114 69 155 192 110 122 159 146 96 49 143 140 180 222 210 140 176 237 66 68 120 104 221 155 24 245 109 245 13 77 231 191 234 239 168 9 129 23 167 112 109 40 96 153 137 113 175 230 200 135 137 77 135 36 189 250 150 132 115 233 114 160 27 155 251 116 70 255 164 162 239 87 174 200 71 125 210 70 0 0 0 0 0 0
0 0 0 0 0 0 149 26 32 82 100 236 165 126 140 182 97 124 212 15 214 40 77 79 231 87 52 162 57 53 230 220 73 98 161 163 124 214 117 15 51 52 101 227 74 77 245 104 172 178 112 201 141 249 57 250 227 95 46 208 200 249 234 228 99 221 120 107 22 43 69 237 216 201 230 16 93 117 121 0 41 207 17 162 242 88 2 129 61 135 89 121 125 180 139 246 25 205 61 247 182 226 120 31 67 44 169 5 99 129 26 54 182 0 65 238 132 248 220 159 112 3 18 0 0 0 0 0
0 0 0 0 0 0 232 131 78 18 74 49 206 117 231 171 106 194 178 201 229 164 27 137 103 114 76 233 180 131 184 35 190 78 17 222 59 245 215 186 140 235 102 2 40 172 203 130 114 118 186 100 91 150 246 213 124 2 237 8 21 67 244 186 66 95 92 15 126 56 58 165 225 64 176 4 202 93 234 160 235 4 70 61 62 3 17 97 183 184 21 218 48 96 17 193 90 143 240 217 29 46 82 38 179 124 85 153 189 187 224 107 61 35 179 223 80 136 108 0 181 219 231 0 0 0 0 0
0 0 0 0 0 0 3 176 153 6 125 123 61 105 170 13 91 36 63 173 143 204 126 82 94 134 188 199 192 62 179 241 57 67 207 105 34 243 146 188 41 42 189 63 175 176 199 208 8 161 188 161 224 156 30 95 247 203 175 221 60 138 203 27 227 134 211 122 99 136 118 99 98 41 154 76 97 81 31 104 183 37 79 91 96 168 27 205 151 235 45 170 18 53 121 137 191 111 38 109 79 123 124 34 125 218 234 23 202 190 122 76 94 53 168 40 17 31 185 160 77 20 13 0 0 0 0 0
0 0 0 0 0 86 60 159 145 250 27 230 39 48 61 191 11 228 103 189 249 94 130 51 184 151 103 135 108 184 100 128 24 251 48 215 96 232 93 129 37 61 231 157 80 66 58 46 123 110 14 18 216 198 81 216 194 222 24 96 41 159 153 234 64 158 212 71 168 35 85 157 56 81 59 10 239 168 122 164 65 218 64 202 115 140 174 158 207 238 111 148 195 195 134 119 232 118 161 69 22 36 58 199 172 108 190 123 39 195 185 52 5 110 125 246 216 178 182 70 137 129 199 58 0 0 0 0
0 0 0 0 0 241 113 91 232 209 173 203 27 98 250 49 138 118 217 195 85 74 13 131 100 89 14 227 99 196 204 29 48 20 186 215 45 218 106 228 73 12 35 25 224 116 127 157 35 139 140 146 227 115 139 217 72 236 29 20 244 157 207 106 9 180 54 109 18 143 140 81 109 5 24 141 152 143 127 242 137 63 80 75 4 53 186 4 56 118 160 250 224 249 37 31 169 185 80 242 233 90 151 28 234 31 241 65 155 250 100 130 207 110 168 86 255 186 125 76 10 84 246 15 0 0 0 0
0 0 0 0 58 83 130 73 160 170 195 131 119 158 17 240 249 22 164 12 206 226 221 119 104 107 125 32 124 111 55 198 254 150 89 216 139 174 116 62 131 108 7 122 99 166 123 234 81 201 56 13 1 2 85 167 216 50 4 57 184 102 43 89 214 213 85 123 221 68 233 63 144 95 253 150 179 115 136 180 133 137 77 197 61 141 150 153 152 121 20 202 39 157 167 169 255 148 88 15 105 31 24 17 28 133 99 165 45 114 24 76 108 192 0 178 206 185 9 223 41 137 218 78 189 0 0 0
0 0 0 0 140 127 221 35 52 186 149 129 236 5 29 223 193 212 140 64 193 100 206 149 252 34 67 238 153 58 61 167 222 18 236 65 181 252 153 57 5 204 74 201 71 242 158 8 233 82 65 244 219 117 249 122 36 32 34 235 145 61 35 113 184 210 161 186 115 34 73 101 226 24 246 75 225 52 26 203 159 97 219 88 132 101 26 69 78 143 52 212 7 65 97 136 84 78 193 154 87 208 99 8 154 119 15 249 210 130 250 246 137 230 162 132 194 95 1 126 113 145 11 86 151 0 0 0
0 0 0 0 166 249 164 72 27 149 106 60 74 179 1 153 49 126 238 222 228 173 69 109 29 107 211 180 178 147 100 17 97 17 245 185 80 140 185 204 7 170 157 108 115 137 255 252 183 227 214 25 200 28 108 212 162 231 212 120 167 43 83 46 198 138 197 216 173 222 216 10 162 3 160 62 214 176 76 232 200 77 10 53 81 195 186 70 255 188 44 228 97 24 205 35 243 228 65 253 68 249 118 29 115 22 220 95 66 162 251 198 70 163 17 189 105 214 190 65 25 202 157 131 7 0 0 0
0 0 0 9 240 200 99 250 180 5 121 173 191 69 80 230 175 93 187 34 40 192 53 119 183 78 158 182 217 129 14 166 177 50 81 37 3 94 196 139 189 203 94 237 194 38 114 171 157 32 43 60 172 185 146 52 209 104 123 90 61 129 70 136 255 71 74 50 177 170 224 127 32 43 125 129 75 80 67 214 129 31 222 178 73 91 88 188 87 225 246 38 126 55 24 49 165 213 128 174 86 102 165 167 86 56 253 88 205 183 164 22 9 165 192 113 242 70 197 120 92 12 185 125 188 183 0 0
0 0 0 131 62 246 126 152 103 46 121 231 122 238 73 17 30 201 181 9 152 64 125 107 240 30 119 11 198 76 186 207 108 12 44 223 125 226 128 55 94 123 105 20 180 150 80 203 56 217 152 244 190 153 159 128 241 240 103 69 121 169 224 93 180 34 127 69 106 143 167 211 253 41 97 165 234 181 204 162 11 208 174 80 148 178 143 92 227 213 110 99 127 206 17 211 81 70 248 170 44 243 193 115 163 215 87 0 168 239 143 248 217 126 232 147 119 142 30 216 226 2 253 50 127 245 0 0
0 0 0 56 87 58 184 220 115 196 167 187 115 115 251 156 71 221 20 228 69 127 135 27 106 154 35 36 83 97 162 247 30 250 74 117 217 100 75 117 54 157 95 221 182 75 214 181 168 203 18 21 250 72 209 122 142 137 132 230 184 233 51 186 51 103 9 228 232 131 89 174 144 44 137 37 103 177 137 111 185 227 154 227 25 2 210 124 66 181 15 37 3 209 27 215 138 3 237 229 236 59 15 10 173 123 156 232 0 161 40 31 140 148 187 150 255 75 228 190 90 179 96 240 125 212 0 0
0 0 0 235 138 251 6 42 5 16 20 194 244 181 75 70 99 241 211 189 199 192 92 149 115 85 36 180 105 91 193 21 163 239 81 83 16 137 19 122 84 51 57 229 144 104 164 34 89 188 124 86 64 80 136 150 172 39 248 57 92 80 180 216 169 90 106 112 250 113 245 191 71 113 120 194 43 234 221 250 171 73 240 231 118 255 230 36 193 114 94 156 155 47 171 118 182 50 231 24 177 142 247 223 59 104 61 46 132 208 28 177 146 49 163 133 143 33 55 153 43 29 132 150 17 141 0 0
0 0 71 210 88 104 177 11 22 45 223 16 246 95 132 4 175 137 96 41 153 19 177 185 112 44 94 29 207 246 150 9 220 162 225 178 111 59 203 177 250 129 227 102 135 65 152 224 117 212 88 64 112 62 88 42 239 246 233 9 3 199 77 6 169 132 32 159 76 72 146 50 207 33 227 28 211 134 80 181 29 47 12 199 140 183 163 64 206 89 161 169 131 148 206 5 170 92 98 231 30 62 149 54 67 151 174 139 190 19 176 181 38 167 63 39 7 50 85 113 193 32 49 152 118 64 21 0
0 0 190 117 230 51 62 110 21 235 75 29 143 199 219 80 170 36 142 39 171 223 33 236 40 75 49 193 65 76 34 153 165 195 216 12 209 45 75 179 136 209 47 5 142 209 181 251 85 34 2 216 240 209 100 176 113 233 121 158 254 185 30 158 210 137 103 37 188 65 224 84 176 21 98 155 172 8 163 245 104 54 227 230 35 140 5 213 121 83 51 49 55 60 183 144 253 86 90 205 244 52 187 166 28 186 139 71 165 69 134 65 248 25 245 52 25 99 187 182 155 168 33 159 138 197 34 0
0 0 248 233 26 190 40 37 242 127 161 237 109 225 46 57 93 23 50 85 203 118 194 226 224 109 219 88 49 21 99 211 115 3 126 53 225 34 135 247 221 15 161 115 164 110 60 170 49 238 240 218 198 183 66 121 228 166 57 201 97 184 13 219 134 234 98 255 122 61 54 167 73 29 101 2 208 160 117 118 77 227 253 251 45 188 248 84 155 248 135 197 244 209 6 186 43 164 203 15 147 215 181 41 216 52 249 78 65 132 188 239 57 143 214 79 201 232 220 57 95 26 153 219 224 231 18 0
0 0 1 241 236 168 110 49 69 14 110 171 227 159 221 70 158 240 44 39 93 221 97 218 3 111 191 78 187 192 74 62 124 83 221 10 116 165 238 191 43 92 197 217 203 153 43 55 94 11 80 10 144 121 122 42 42 237 243 91 51 110 203 3 217 206 166 198 156 24 30 54 228 71 50 45 112 15 204 180 168 212 89 21 174 83 222 99 243 46 210 124 14 79 180 115 91 178 198 244 101 3 228 106 154 61 115 149 66 34 249 156 146 200 144 222 76 149 93 135 134 29 89 164 247 47 110 0
0 216 13 215 94 20 139 80 58 156 90 158 198 145 15 153 50 44 99 144 234 17 144 9 180 221 10 156 84 178 47 65 32 82 29 130 24 94 227 48 223 230 82 76 78 11 241 146 100 189 228 148 235 237 170 134 21 172 5 7 237 93 176 219 34 87 6 223 190 202 15 225 33 251 63 82 138 54 226 250 49 18 168 188 70 0 161 226 203 79 118 119 49 57 135 65 207 179 238 75 204 96 105 38 22 78 193 25 84 128 242 104 129 196 233 44 206 173 45 139 18 126 28 58 63 109 185 110
0 126 215 118 104 160 63 130 83 0 129 104 89 11 161 127 2 214 79 171 126 234 36 155 191 133 68 88 29 208 170 61 30 13 170 102 92 60 248 12 254 167 214 161 110 240 99 135 53 231 17 172 23 68 126 74 185 71 215 87 252 39 207 185 184 137 97 20 80 241 35 82 153 134 81 173 176 46 221 3 103 108 134 66 240 239 240 243 91 139 233 153 254 194 113 34 50 62 78 141 196 236 139 252 172 247 81 144 69 60 95 124 16 255 137 196 204 5 192 68 223 82 25 126 135 250 18 59
0 31 197 145 110 76 142 3 32 243 220 98 145 110 100 71 159 43 204 27 127 132 105 18 172 168 161 162 40 254 75 255 68 82 30 206 192 180 127 223 83 102 120 253 178 82 221 64 62 10 165 142 238 137 250 174 202 93 119 106 9 181 149 156 117 249 11 193 209 90 228 171 32 104 151 16 205 222 99 250 35 33 5 136 166 141 229 119 151 7 199 73 70 88 181 113 182 208 142 228 207 254 28 80 253 244 82 85 40 145 116 30 184 19 31 1 13 134 221 142 173 188 205 4 111 220 159 142
0 141 149 88 18 139 31 25 116 158 240 207 34 107 62 247 101 181 77 155 71 164 253 159 38 118 6 205 197 66 190 188 0 21 41 111 246 40 10 207 188 166 28 173 9 49 183 150 166 185 135 73 246 189 189 18 157 147 241 51 155 107 176 133 54 242 242 205 205 64 88 52 54 67 229 84 78 3 157 207 34 171 214 107 249 237 164 157 153 108 160 177 87 25 192 183 55 220 85 92 66 229 128 213 211 116 252 90 180 219 225 97 177 229 28 72 218 48 107 4 254 245 72 89 76 13 213 90
0 46 234 254 32 198 169 206 228 245 97 103 160 180 40 79 158 111 143 102 99 201 246 138 33 0 209 80 1 130 198 163 27 149 123 251 33 200 104 223 153 27 147 18 97 238 91 126 20 16 38 163 145 253 162 107 6 95 30 71 252 38 211 166 223 118 193 246 53 23 107 221 135 195 114 81 33 205 121 178 68 250 50 232 65 2 53 186 11 206 162 67 35 15 146 85 128 167 64 141 184 94 218 82 146 108 189 64 185 214 49 34 219 223 183 45 19 191 97 138 18 211 143 172 96 2 201 117
0 102 187 160 99 67 210 139 189 130 213 146 35 112 248 205 10 65 236 44 189 229 211 215 73 197 66 174 5 255 243 51 56 125 156 195 51 138 193 111 60 36 255 4 82 215 166 50 189 161 251 231 182 211 36 119 98 113 247 109 241 102 30 207 255 124 243 253 171 181 29 250 141 7 43 206 135 82 57 158 23 204 190 154 250 94 6 67 37 244 143 212 7 187 130 226 85 201 33 52 39 184 178 109 34 153 1 94 35 107 109 5 171 51 116 66 203 254 182 54 152 45 92 219 235 65 140 26
0 61 44 126 47 67 203 133 98 27 180 232 61 136 10 5 82 77 77 254 197 225 75 167 169 47 95 2 171 48 39 71 210 174 94 90 41 243 211 115 248 92 1 201 80 94 88 123 194 231 80 134 204 31 130 122 26 85 102 155 134 33 239 232 86 20 108 135 132 117 222 245 15 110 166 214 120 239 247 92 129 199 105 171 104 139 152 255 121 69 98 215 199 216 18 15 11 114 162 43 97 225 90 176 157 6 48 220 231 105 219 165 84 75 154 28 251 252 23 30 113 51 153 230 164 243 124 33
0 58 137 63 25 88 211 178 6 125 37 142 72 109 209 5 82 199 87 116 56 191 17 113 25 141 91 252 105 162 161 20 53 0 128 249 163 43 63 46 22 214 47 28 125 193 171 92 58 111 0 21 61 80 140 15 236 152 243 48 240 155 184 81 18 124 147 233 229 114 174 235 41 47 75 70 106 158 151 226 245 223 51 37 165 138 238 174 66 236 147 221 79 154 219 19 244 66 138 57 113 11 129 83 168 46 105 32 69 243 84 9 168 68 94 156 101 102 55 193 249 160 167 232 189 130 123 9
0 11 227 138 253 152 61 41 60 152 54 91 217 214 192 70 169 25 119 173 254 168 102 170 218 221 25 242 19 4 23 21 249 236 101 52 23 234 66 1 32 101 132 189 160 163 207 84 19 202 81 4 246 225 185 232 52 231 143 74 209 122 186 129 156 113 62 200 184 196 198 224 211 142 103 81 95 22 121 112 186 0 215 61 220 47 134 115 169 148 187 56 60 65 171 208 206 228 92 173 205 86 36 35 141 175 73 242 246 200 89 157 122 119 100 243 142 55 25 187 11 178 77 149 62 53 62 114
0 71 236 167 123 12 199 250 196 90 30 218 43 182 68 151 34 185 108 227 221 178 108 203 211 45 90 38 67 161 192 243 137 16 10 191 79 41 186 108 178 8 113 7 36 30 91 173 116 212 199 86 183 64 47 71 195 110 101 99 249 187 196 122 237 66 142 89 43 238 136 179 234 219 169 249 62 91 128 116 250 221 159 136 228 6 151 149 71 105 186 163 203 8 104 221 115 61 170 20 25 197 238 62 132 39 6 48 99 158 106 213 108 51 79 70 225 136 96 211 106 1 74 121 152 72 99 37
0 135 38 168 57 176 17 45 103 241 88 85 8 145 231 195 157 240 193 254 155 180 93 45 41 166 144 197 111 188 194 86 6 79 172 87 183 217 131 78 130 212 175 50 198 124 122 165 88 237 55 109 40 142 227 48 234 31 101 92 163 123 81 29 105 178 21 238 74 92 101 219 159 214 22 194 28 177 70 119 224 44 108 15 77 24 50 229 138 148 155 103 7 243 210 212 167 179 76 104 134 128 18 149 251 183 52 138 152 211 116 56 249 188 102 197 94 143 93 11 199 176 226 52 175 246 106 105
133 71 98 250 208 180 62 119 192 208 134 139 183 43 34 94 11 59 137 130 198 251 67 231 93 130 157 70 188 33 146 137 166 62 203 131 105 147 227 113 206 0 207 244 30 40 207 20 34 234 193 92 182 52 74 45 247 194 156 220 50 179 187 145 5 133 71 168 200 56 163 52 45 98 221 175 82 158 204 173 175 207 85 36 251 26 235 212 243 248 192 207 88 86 134 254 171 248 254 56 169 111 84 34 48 229 211 138 235 109 93 179 124 197 72 167 161 176 227 136 72 23 76 80 100 153 199 0
0 110 251 69 214 33 68 13 48 142 132 210 44 105 166 235 37 117 182 4 32 194 83 124 246 113 19 120 172 58 188 43 224 11 140 146 169 181 203 213 38 19 158 40 186 55 191 226 35 34 19 116 167 198 167 199 25 243 153 94 90 14 216 129 81 201 123 216 171 131 250 237 238 219 197 209 124 45 247 86 81 123 109 174 151 140 166 253 108 220 232 74 22 98 163 136 221 214 181 175 80 227 231 143 55 69 193 111 99 83 99 222 223 67 255 32 176 9 121 68 225 211 246 101 132 104 105 209
0 132 252 177 41 25 238 204 153 169 85 71 207 47 122 157 146 83 137 9 43 80 82 159 35 88 119 160 216 149 218 209 168 88 147 249 143 9 168 123 194 209 115 254 22 149 251 80 148 241 42 207 222 48 8 156 14 4 222 252 27 29 183 235 88 157 51 12 140 155 240 69 204 31 73 205 78 134 199 130 113 89 108 116 248 4 242 178 53 14 49 127 125 199 59 179 60 212 248 161 57 175 219 151 15 233 179 35 76 52 104 157 128 233 115 62 168 172 143 129 211 3 216 96 160 117 249 228
0 14 95 218 245 207 95 53 44 130 61 138 238 155 175 163 23 108 245 172 41 91 165 152 133 123 51 185 16 178 74 136 217 208 2 64 156 193 38 60 30 50 193 48 15 208 248 203 38 189 175 190 218 227 79 124 245 209 110 114 53 202 128 120 252 182 242 138 78 108 175 19 229 117 89 208 64 118 228 232 81 180 202 177 14 182 209 217 164 244 201 5 175 228 12 101 164 44 161 246 115 222 103 91 114 218 21 108 68 110 127 64 226 174 90 9 54 163 59 193 3 146 103 116 214 228 14 151
0 95 249 172 83 186 84 100 68 246 253 18 196 221 39 6 182 121 139 245 84 204 85 49 117 16 169 137 173 176 50 5 190 85 165 15 34 238 128 159 64 24 172 125 230 227 62 203 61 33 177 132 216 198 255 18 204 39 194 140 161 56 113 167 28 226 123 184 53 228 147 173 119 52 74 23 101 152 83 15 49 160 26 53 74 2 68 131 126 245 111 147 33 16 159 120 239 69 1 255 53 30 98 21 126 80 201 210 96 9 129 95 40 230 217 31 122 92 186 18 138 199 147 228 7 67 192 180
0 7 118 234 88 109 132 23 162 75 38 73 48 124 51 17 46 53 54 57 47 16 79 65 101 18 192 128 44 252 13 241 150 196 178 190 88 74 110 59 42 171 248 116 89 15 202 201 131 238 201 38 217 154 217 24 7 41 152 203 112 228 98 241 8 87 199 196 27 76 91 246 241 48 142 161 133 138 120 202 32 180 219 255 154 104 126 102 207 30 85 20 78 31 45 155 35 59 221 138 240 51 146 184 17 42 191 84 107 215 56 56 237 173 167 61 186 112 177 212 198 118 176 157 37 229 101 31
0 85 141 131 7 134 51 138 206 255 82 238 135 243 49 162 130 146 167 75 0 143 182 195 219 174 101 90 184 160 31 106 101 125 60 77 248 131 189 49 12 157 230 31 172 20 231 122 34 228 171 5 163 40 178 122 217 131 219 41 176 226 193 20 6 176 159 216 246 163 199 136 88 133 6 209 177 70 193 24 28 140 150 187 213 219 115 94 172 187 224 171 153 147 25 40 104 74 188 68 11 12 239 87 12 51 170 79 19 212 162 211 18 194 109 1 51 40 36 74 215 41 39 17 20 66 25 30
0 12 34 81 155 89 128 44 106 189 226 81 105 163 198 136 153 118 13 197 163 60 190 251 16 149 25 37 202 92 197 87 98 120 151 97 73 52 120 156 229 112 52 182 145 93 113 254 76 61 148 194 168 125 239 129 246 238 145 162 136 42 162 58 146 127 182 152 19 218 42 81 79 215 32 50 213 30 142 133 197 2 77 57 212 115 40 223 35 107 175 86 162 251 101 241 168 244 155 128 221 134 91 164 69 119 204 27 47 8 212 120 146 61 222 131 31 139 28 113 242 218 91 62 15 66 89 64
0 118 183 219 156 81 136 35 190 159 226 193 163 211 153 78 176 81 219 38 240 69 31 69 107 6 227 251 209 116 4 170 195 60 64 80 124 38 119 165 76 221 44 90 129 107 3 51 247 54 147 239 242 20 51 180 249 3 144 33 242 139 78 197 39 83 20 74 61 77 56 159 204 112 119 64 119 90 176 194 187 219 4 206 40 161 53 164 202 240 43 100 3 101 64 209 77 68 112 222 39 62 51 202 52 198 57 149 47 213 212 105 231 180 217 150 131 250 134 218 38 1 201 99 212 97 119 210
0 164 113 83 67 83 172 149 129 222 227 36 216 178 224 138 184 92 154 227 215 6 204 34 64 81 215 146 40 40 165 180 63 181 251 134 122 53 215 128 151 60 127 223 27 209 186 237 91 171 63 180 151 99 180 6 165 213 117 190 131 23 148 30 14 161 150 66 199 18 87 155 212 158 214 164 101 149 43 220 68 79 232 115 25 244 20 131 105 188 152 224 140 164 67 47 95 109 236 54 178 239 147 199 27 143 38 23 61 210 239 164 241 59 41 9 52 74 197 133 200 48 22 121 184 101 226 8
0 130 232 203 35 104 231 23 160 160 154 110 255 99 150 192 100 173 202 165 127 216 180 23 81 123 20 34 6 64 129 139 56 68 221 174 1 55 207 60 46 247 89 124 77 184 112 211 143 177 108 16 182 112 31 108 227 8 16 83 37 120 104 171 94 103 156 76 3 30 171 93 155 35 177 151 228 168 95 136 190 5 137 103 134 160 236 127 53 221 71 219 186 117 147 189 174 188 118 229 244 230 100 236 103 57 242 158 235 166 25 78 116 108 233 69 104 242 218 189 78 236 202 144 164 54 157 65
0 51 63 103 34 31 205 89 42 70 75 153 90 212 120 67 105 27 216 196 8 140 137 139 132 149 224 5 232 129 201 239 196 88 247 49 112 91 76 60 91 235 29 20 44 22 7 249 116 111 57 90 75 87 34 254 42 149 120 70 248 116 85 254 186 63 230 226 200 22 77 54 199 226 152 69 144 205 178 243 14 41 204 109 188 43 82 242 45 111 121 155 181 146 23 227 26 240 231 195 48 59 182 84 108 100 240 188 152 160 130 100 142 58 254 234 58 76 70 157 116 130 161 201 211 185 158 220
0 0 171 7 177 38 53 8 174 73 17 111 15 176 189 21 238 196 232 6 113 81 20 34 87 129 126 200 254 175 210 143 122 74 102 128 181 136 81 99 199 43 246 125 101 57 176 34 55 41 195 43 33 188 87 8 157 253 155 166 231 183 18 63 31 12 176 3 91 169 129 244 50 16 17 162 170 52 131 107 168 145 116 218 77 61 193 173 243 111 223 115 7 250 133 73 166 23 162 190 54 72 219 13 192 62 1 87 124 184 171 132 223 68 0 172 246 106 225 28 89 191 205 234 177 231 168 0
0 0 27 131 153 162 72 214 140 20 137 184 113 118 22 138 71 67 251 158 23 241 82 178 0 142 78 238 114 88 252 222 251 83 136 138 167 139 70 114 47 146 117 206 131 156 87 64 67 87 72 81 248 42 123 79 45 23 142 167 48 66 44 107 171 190 224 220 109 126 33 213 34 192 222 216 145 176 92 128 147 158 49 156 199 216 13 6 91 30 103 39 50 129 150 243 109 166 77 189 143 33 166 242 193 213 236 133 235 179 240 212 148 131 58 1 0 197 79 72 222 230 138 171 183 5 182 0
0 0 57 228 139 6 26 251 83 60 100 219 244 213 226 147 243 39 37 72 119 220 141 84 56 148 181 195 56 130 106 174 105 215 216 236 116 246 115 68 109 211 156 246 78 225 155 110 247 213 18 33 219 248 51 66 82 3 113 13 60 179 75 150 52 135 50 5 121 10 224 230 153 96 194 51 68 128 208 188 51 127 161 41 176 174 7 177 37 199 127 31 140 121 2 100 22 56 229 230 39 52 152 199 22 45 236 15 150 44 88 29 109 195 52 150 134 104 232 98 1 85 165 89 155 142 144 0
0 0 167 215 82 32 195 201 248 122 103 155 6 93 194 206 67 246 254 83 150 68 121 28 125 200 51 233 52 77 17 18 200 159 221 221 166 242 232 43 195 18 203 86 118 207 66 120 227 225 197 21 29 175 75 44 89 156 125 172 62 124 164 78 129 167 207 234 119 206 212 191 255 189 146 169 14 196 36 36 166 136 162 22 71 167 254 128 69 83 136 19 17 128 149 160 223 85 25 55 205 137 239 59 170 38 252 115 243 118 29 128 36 75 82 93 139 25 99 250 239 53 86 141 65 94 47 0
0 0 0 110 51 45 253 248 2 167 183 165 73 40 114 0 130 29 172 231 138 194 170 195 183 28 80 160 85 95 195 255 240 2 240 200 218 139 33 228 40 151 70 90 26 187 32 200 57 147 254 50 125 134 110 28 36 58 130 47 94 128 198 64 111 14 213 125 177 242 178 52 5 212 85 108 49 210 248 238 78 8 240 124 122 36 12 20 154 166 114 136 105 112 209 155 224 113 237 13 142 206 252 242 24 120 97 78 140 137 22 185 221 246 167 80 10 106 134 242 54 103 134 90 250 28 0 0
0 0 0 250 3 62 217 166 27 51 159 39 225 58 232 115 238 158 46 116 245 207 196 138 105 63 243 88 204 31 34 39 186 243 76 52 94 174 230 202 158 178 12 42 239 15 151 99 50 121 191 58 58 242 207 97 48 30 188 208 174 255 128 153 104 216 55 214 36 169 173 87 156 161 160 20 167 133 213 14 30 42 240 255 188 133 127 178 135 248 190 13 132 119 98 113 125 193 130 216 111 113 106 203 134 129 248 123 19 96 209 27 29 122 176 225 167 94 209 109 131 29 156 108 33 176 0 0
0 0 0 66 205 18 47 241 203 205 187 76 247 216 1 196 110 64 20 151 198 207 254 134 60 254 241 205 99 99 6 207 227 2 132 184 15 82 221 216 82 91 89 107 245 161 217 82 42 1 78 198 239 196 37 181 241 110 197 1 53 95 255 94 223 33 238 36 124 122 48 42 211 43 41 247 31 129 190 21 231 245 47 167 102 54 141 35 196 101 44 101 161 20 144 18 27 240 219 241 125 152 66 40 225 163 132 74 45 74 222 129 153 223 114 196 70 32 108 104 194 255 208 71 33 190 0 0
0 0 0 141 170 10 98 15 206 33 175 9 150 168 50 233 97 98 222 117 124 191 158 135 173 38 5 121 103 104 28 251 32 177 89 67 164 97 202 162 30 153 150 56 212 161 198 66 121 120 137 188 127 195 225 103 93 197 108 204 191 16 36 120 210 232 116 128 47 241 184 163 175 230 81 187 129 84 53 147 120 226 126 87 135 153 97 236 211 31 72 137 21 152 135 70 114 245 107 52 233 2 74 32 178 51 127 206 152 239 251 245 112 216 186 210 84 33 126 63 187 133 9 80 156 171 0 0
0 0 0 0 197 195 112 237 89 197 26 254 239 111 59 248 72 164 0 184 137 90 230 115 192 101 10 145 138 191 138 97 26 175 40 155 233 183 65 239 49 155 137 170 222 104 240 234 168 115 20 241 243 24 46 101 58 34 93 89 34 20 149 180 136 93 64 87 57 91 206 149 147 172 238 66 52 171 178 180 217 110 179 110 115 55 151 248 49 185 29 197 4 253 162 172 12 190 201 124 190 181 244 81 76 175 42 247 28 108 178 105 76 241 128 255 124 45 182 66 96 159 198 244 4 0 0 0
0 0 0 0 85 226 110 232 138 191 248 17 135 15 33 174 209 111 66 130 98 185 190 228 14 46 45 108 30 236 219 255 186 232 166 119 182 190 213 95 172 122 9 66 217 234 115 155 196 236 203 191 157 217 78 104 84 174 180 207 66 21 194 233 158 54 137 115 69 21 17 153 86 147 171 164 255 126 203 113 32 160 145 44 102 73 145 224 245 70 92 253 130 176 244 210 14 113 219 225 198 155 74 55 64 202 43 176 101 39 22 255 7 78 232 84 66 34 190 115 105 31 201 63 211 0 0 0
0 0 0 0 211 16 93 57 176 212 181 201 203 163 68 236 247 187 205 135 253 238 59 216 84 214 225 241 149 244 73 113 36 44 160 166 68 88 242 80 255 93 37 245 210 210 246 181 219 115 236 200 124 158 0 72 168 103 42 255 67 136 135 135 88 116 171 122 212 47 83 154 11 118 116 205 72 10 67 159 252 177 94 109 39 7 23 1 92 151 137 221 115 206 224 243 45 58 49 13 29 80 6 244 68 15 158 29 2 100 22 25 18 100 50 201 175 113 148 77 82 2 137 1 144 0 0 0
0 0 0 0 0 248 8 156 175 88 81 226 216 152 179 118 123 35 83 155 233 245 174 67 110 224 111 233 141 193 11 201 247 255 11 26 16 246 223 203 40 226 227 86 237 54 216 69 138 133 176 249 208 171 73 113 112 179 122 114 61 255 178 96 102 220 234 17 66 250 67 217 248 214 65 124 130 30 73 246 85 208 201 46 118 119 145 52 181 6 72 143 223 74 250 80 32 222 13 128 60 89 28 185 104 35 252 108 50 167 237 1 178 135 76 52 89 144 66 252 161 159 105 107 0 0 0 0
0 0 0 0 0 21 220 114 111 122 119 3 250 232 246 61 112 249 141 237 83 249 17 185 235 63 170 191 9 152 254 199 143 48 154 147 212 14 31 80 59 200 117 152 213 72 134 51 115 187 222 27 51 224 232 164 255 161 101 144 185 67 222 211 144 167 87 215 167 142 236 64 120 215 95 207 117 82 44 77 108 179 39 115 95 24 123 239 16 158 208 231 182 103 68 94 28 35 242 43 216 119 99 154 252 144 252 236 245 223 100 154 141 13 161 175 118 36 137 33 211 104 50 118 0 0 0 0
0 0 0 0 0 0 214 15 111 173 130 13 223 148 135 52 181 194 32 195 58 60 209 121 159 1 38 20 14 168 105 199 37 4 1 243 255 207 148 236 198 33 177 175 207 45 111 69 205 114 132 227 174 131 108 21 92 190 66 215 36 51 36 75 161 43 62 165 155 196 164 244 249 251 98 125 48 172 238 227 224 24 77 189 219 158 228 31 229 225 93 27 69 155 2 137 125 17 140 38 156 55 226 141 46 246 185 4 176 154 125 100 170 23 198 161 31 174 212 92 185 99 208 0 0 0 0 0
0 0 0 0 0 0 168 224 224 183 172 31 192 57 28 169 9 169 82 43 47 141 113 107 9 33 11 172 199 68 3 195 61 133 102 147 241 251 66 113 73 130 112 179 160 95 183 146 168 177 97 203 201 20 173 96 237 179 116 162 231 89 34 29 194 37 83 193 72 37 108 67 246 98 187 34 101 51 230 225 47 193 104 1 165 222 185 195 195 86 105 56 250 125 246 130 114 103 153 177 18 206 16 128 110 242 31 116 163 92 204 14 154 105 13 137 54 199 245 235 135 125 75 0 0 0 0 0
0 0 0 0 0 0 137 216 167 227 56 23 192 171 230 193 207 110 159 194 216 34 11 68 114 111 157 14 52 154 16 199 178 240 35 146 30 116 0 239 234 14 161 220 255 237 13 212 252 209 223 204 32 112 32 25 5 145 48 45 223 24 104 78 210 183 146 3 220 30 99 53 77 216 130 253 204 67 30 88 218 185 124 25 88 147 36 70 160 218 76 87 18 132 79 0 239 133 66 118 33 203 236 146 97 63 48 194 104 225 236 101 221 54 102 130 190 225 127 103 161 37 200 0 0 0 0 0
0 0 0 0 0 0 0 79 104 210 163 97 78 12 205 127 123 218 180 211 220 229 232 105 38 176 247 183 255 104 236 114 222 249 162 246 209 59 98 202 140 172 212 187 176 67 219 59 193 184 243 136 81 154 168 206 108 145 58 81 30 117 141 89 165 254 8 222 11 211 151 200 191 25 118 24 223 123 158 113 210 30 12 13 82 69 238 29 60 86 228 176 42 235 132 183 218 187 183 70 181 41 87 198 57 159 158 10 200 114 28 5 111 39 118 190 61 68 137 2 130 96 0 0 0 0 0 0
0 0 0 0 0 0 0 66 127 162 183 199 101 46 54 92 75 61 157 248 125 79 231 96 87 209 9 192 217 60 59 138 142 225 253 197 40 162 182 27 252 181 39 61 18 11 217 183 246 232 48 255 61 127 6 40 49 47 5 77 200 124 183 226 68 32 18 91 192 141 220 115 209 174 41 204 13 135 71 55 151 45 155 132 99 191 13 46 248 167 200 90 147 90 176 186 144 83 49 73 77 198 230 204 99 86 222 212 27 71 167 167 73 234 31 47 168 186 88 204 78 223 0 0 0 0 0 0
0 0 0 0 0 0 0 0 119 74 97 29 125 34 190 72 199 42 50 136 149 14 129 214 199 143 31 86 186 174 234 70 187 166 77 229 155 27 90 182 209 176 127 38 162 221 197 173 103 80 79 231 58 37 120 160 29 178 58 237 163 14 236 49 169 225 159 244 219 104 12 174 89 144 17 66 48 85 229 88 197 229 40 19 162 7 6 2 116 158 14 215 175 82 63 28 112 1 138 65 202 117 21 87 79 57 230 215 19 114 160 164 247 235 187 158 193 200 255 124 108 0 0 0 0 0 0 0
0 0 0 0 0 0 0 0 0 102 251 223 170 249 132 161 96 241 7 73 121 189 193 176 26 169 183 1 119 14 79 44 143 35 142 62 220 27 79 175 3 84 43 201 177 63 134 157 205 35 121 156 51 188 52 29 242 53 251 119 60 179 235 2 78 29 248 6 27 173 155 13 70 59 29 128 19 121 117 219 241 8 93 204 210 117 249 69 112 81 77 50 201 18 4 21 25 61 159 246 14 113 157 128 83 49 71 18 214 230 154 21 150 141 37 112 72 47 9 122 0 0 0 0 0 0 0 0
0 0 0 0 0 0 0 0 0 71 148 232 198 164 154 41 169 254 70 210 221 121 147 88 16 31 179 11 233 85 105 174 190 145 151 128 190 237 72 17 112 187 203 241 236 246 68 245 172 226 219 149 225 37 4 71 101 103 104 41 18 161 91 171 106 215 142 173 184 129 32 14 138 2 77 237 76 16 59 168 102 97 47 81 234 58 120 194 133 196 29 46 217 191 211 116 50 161 181 227 205 154 251 16 243 147 84 37 222 200 88 32 171 85 49 26 23 254 149 144 0 0 0 0 0 0 0 0
0 0 0 0 0 0 0 0 0 0 145 173 128 221 227 212 2 5 232 168 214 90 26 107 145 153 86 243 133 70 214 100 136 251 43 66 243 143 87 133 32 57 7 231 74 74 200 216 29 193 150 86 192 130 145 50 211 149 239 33 2 65 246 252 181 255 89 211 128 155 199 20 131 82 255 247 227 187 245 51 145 175 155 20 93 7 18 43 103 122 139 126 198 90 106 58 250 3 74 23 165 144 192 141 116 74 159 74 223 115 111 85 239 185 7 233 127 33 38 0 0 0 0 0 0 0 0 0
0 0 0 0 0 0 0 0 0 0 223 58 214 21 50 24 214 70 157 102 211 144 64 14 3 120 106 66 29 150 214 133 177 64 23 220 172 63 186 122 186 111 250 201 201 87 168 70 228 127 202 93 214 71 253 230 191 150 87 218 98 115 80 158 50 177 122 25 139 151 8 71 33 35 155 152 241 83 225 23 73 252 186 35 101 140 118 102 66 217 95 197 91 205 124 135 237 149 8 210 35 248 172 34 27 10 188 132 158 4 172 175 91 108 82 126 201 154 83 0 0 0 0 0 0 0 0 0
0 0 0 0 0 0 0 0 0 0 0 36 61 152 83 128 155 177 227 219 157 183 65 82 215 132 221 248 204 165 51 123 213 210 203 216 96 203 112 136 45 250 196 219 57 85 50 154 100 89 190 27 238 54 138 183 65 84 76 224 109 54 216 155 62 200 128 73 3 170 231 229 146 127 160 248 135 153 39 140 47 240 137 88 228 198 39 192 79 78 20 0 220 54 240 243 82 154 204 44 83 109 36 54 167 139 232 138 143 247 13 0 113 140 64 224 189 125 0 0 0 0 0 0 0 0 0 0
0 0 0 0 0 0 0 0 0 0 0 0 103 87 226 91 147 3 33 189 166 58 97 29 3 209 199 33 212 38 213 159 97 41 84 203 42 45 147 131 162 140 34 146 60 28 247 82 153 53 255 182 70 224 229 181 59 179 95 250 4 88 211 90 121 102 33 127 228 109 74 223 64 7 230 241 255 156 25 12 73 33 130 226 10 188 230 153 131 202 40 131 131 18 22 204 183 103 72 250 150 178 176 169 83 82 38 244 200 236 196 16 186 157 210 236 26 0 0 0 0 0 0 0 0 0 0 0
0 0 0 0 0 0 0 0 0 0 0 0 89 41 180 156 96 222 204 88 22 189 248 213 214 42 225 129 53 73 207 67 244 251 233 186 158 205 224 111 212 89 249 74 191 155 213 157 8 200 79 143 229 114 72 232 91 125 173 178 16 42 88 95 119 35 33 52 103 133 76 212 128 149 221 245 61 64 128 188 125 59 235 152 121 58 248 237 249 240 84 233 1 165 246 18 130 217 172 116 159 111 158 32 107 80 200 79 26 15 158 168 119 114 236 131 128 0 0 0 0 0 0 0 0 0 0 0
0 0 0 0 0 0 0 0 0 0 0 0 0 23 139 199 73 175 82 232 25 34 153 140 34 4 97 234 99 133 112 206 162 247 229 22 254 105 94 123 195 8 169 163 66 181 216 29 124 243 247 174 44 35 218 240 65 227 120 121 31 199 38 105 42 169 66 213 77 32 62 42 214 214 196 133 129 103 173 85 60 45 0 86 165 26 34 101 163 218 37 18 220 46 149 26 74 158 216 17 69 213 255 19 130 62 74 172 29 20 165 103 21 43 107 80 0 0 0 0 0 0 0 0 0 0 0 0
0 0 0 0 0 0 0 0 0 0 0 0 0 0 107 174 213 20 40 61 198 80 42 241 82 93 120 255 113 47 52 120 138 149 188 145 58 205 46 171 168 238 143 181 249 254 4 111 75 186 185 87 100 171 251 185 188 212 241 237 113 42 125 49 40 179 228 205 71 191 193 36 252 162 35 167 136 186 213 171 249 167 252 94 4 78 213 240 141 2 15 171 6 158 14 5 110 180 253 5 42 52 18 41 88 203 90 109 60 71 188 117 226 250 182 0 0 0 0 0 0 0 0 0 0 0 0 0
0 0 0 0 0 0 0 0 0 0 0 0 0 0 0 215 220 139 92 144 212 214 133 4 159 127 89 164 39 65 174 108 8 224 68 155 237 206 27 146 178 229 146 251 4 155 112 170 175 225 251 235 34 156 17 203 29 210 130 24 150 196 197 105 213 136 195 63 150 192 154 114 170 238 234 79 162 179 69 207 76 227 174 110 9 236 197 43 191 24 56 135 167 93 110 195 10 159 36 28 3 86 206 77 111 95 107 56 212 97 147 91 221 76 0 0 0 0 0 0 0 0 0 0 0 0 0 0
0 0 0 0 0 0 0 0 0 0 0 0 0 0 0 239 45 206 104 81 134 88 122 150 53 163 173 22 165 252 88 176 243 111 113 161 237 38 243 132 107 209 84 252 37 84 171 102 186 141 79 231 104 150 61 33 120 24 242 200 225 114 160 26 171 86 7 31 206 220 191 106 183 146 246 208 49 126 59 39 212 229 70 179 242 151 132 59 111 15 250 61 172 170 229 165 33 56 230 162 87 176 214 113 109 56 141 1 190 201 193 212 222 162 0 0 0 0 0 0 0 0 0 0 0 0 0 0
0 0 0 0 0 0 0 0 0 0 0 0 0 0 0 0 100 69 44 81 89 65 141 251 47 217 109 26 96 169 225 224 226 72 68 39 137 139 174 217 85 32 130 183 176 166 240 53 34 171 212 34 152 67 0 165 166 57 32 246 134 64 243 113 167 34 25 91 168 120 60 130 253 93 179 174 186 83 69 142 87 147 192 222 203 201 67 243 91 40 150 4 119 216 112 198 197 9 252 254 34 127 253 76 99 52 143 107 241 83 30 168 197 0 0 0 0 0 0 0 0 0 0 0 0 0 0 0
0 0 0 0 0 0 0 0 0 0 0 0 0 0 0 0 0 234 119 175 184 230 146 162 18 109 2 250 123 209 105 45 154 9 40 136 134 242 222 4 95 88 85 212 153 159 211 93 102 62 187 204 216 163 151 173 118 138 1 113 103 171 94 75 106 246 118 189 78 132 79 50 146 3 188 107 123 128 193 84 8 43 202 123 109 165 59 114 210 124 91 205 210 52 12 215 79 128 113 254 112 82 48 119 210 203 153 96 42 188 252 232 0 0 0 0 0 0 0 0 0 0 0 0 0 0 0 0
0 0 0 0 0 0 0 0 0 0 0 0 0 0 0 0 0 0 183 44 114 138 74 231 108 185 112 98 196 222 221 55 107 235 217 8 66 165 199 220 54 94 195 192 115 97 156 117 161 34 163 136 229 43 210 213 82 100 217 44 140 251 203 207 162 129 163 166 172 72 91 21 246 14 228 248 103 84 153 76 85 148 240 146 19 123 216 127 73 134 63 186 86 138 107 202 31 181 122 138 52 90 190 38 86 1 177 25 189 160 69 0 0 0 0 0 0 0 0 0 0 0 0 0 0 0 0 0
0 0 0 0 0 0 0 0 0 0 0 0 0 0 0 0 0 0 0 52 152 202 131 125 252 128 59 75 249 144 71 127 174 123 168 46 63 120 173 161 217 163 187 41 46 128 249 140 18 96 28 79 52 57 98 38 195 61 233 246 178 182 16 50 101 47 119 215 19 168 28 170 72 60 202 199 70 25 216 90 244 87 133 245 232 82 108 46 217 65 245 244 232 90 160 219 159 43 218 132 45 165 109 160 109 228 181 215 62 179 0 0 0 0 0 0 0 0 0 0 0 0 0 0 0 0 0 0
0 0 0 0 0 0 0 0 0 0 0 0 0 0 0 0 0 0 0 0 3 24 29 83 172 81 160 8 249 18 77 59 45 189 211 7 150 252 238 192 185 142 189 183 191 141 83 209 54 49 21 194 221 191 132 30 187 226 254 48 251 229 11 103 113 189 50 71 79 9 52 21 74 212 251 26 244 141 158 255 126 234 241 250 237 196 241 25 188 213 61 91 13 136 104 29 1 154 40 76 178 141 232 0 183 196 23 132 113 0 0 0 0 0 0 0 0 0 0 0 0 0 0 0 0 0 0 0
0 0 0 0 0 0 0 0 0 0 0 0 0 0 0 0 0 0 0 0 0 166 146 168 53 85 53 173 252 109 182 23 183 193 139 231 101 5 180 119 79 110 231 67 169 190 171 215 38 81 168 176 217 172 16 172 232 167 45 238 241 248 202 98 222 192 61 68 231 101 96 199 141 67 203 86 156 157 79 194 55 27 147 188 98 226 111 56 160 107 72 14 213 102 126 174 60 3 183 146 126 174 240 142 14 214 244 126 0 0 0 0 0 0 0 0 0 0 0 0 0 0 0 0 0 0 0 0
0 0 0 0 0 0 0 0 0 0 0 0 0 0 0 0 0 0 0 0 0 0 113 72 246 206 118 135 194 10 171 178 200 195 236 207 113 90 213 143 131 101 51 27 46 200 2 169 91 72 58 158 152 3 132 234 209 4 85 2 142 149 193 173 110 175 109 131 206 106 194 122 245 131 204 123 102 127 54 237 200 216 159 166 1 42 190 135 74 248 93 239 83 109 127 122 89 163 225 48 165 0 126 223 122 247 108 0 0 0 0 0 0 0 0 0 0 0 0 0 0 0 0 0 0 0 0 0
0 0 0 0 0 0 0 0 0 0 0 0 0 0 0 0 0 0 0 0 0 0 0 48 42 59 45 215 102 39 121 174 86 80 37 82 190 155 245 1 56 157 194 111 210 196 242 48 202 49 32 243 6 66 94 193 100 103 82 130 134 81 187 113 160 78 104 212 137 222 33 141 87 66 56 245 106 51 46 31 213 236 179 53 96 167 29 145 186 163 117 229 136 13 138 11 136 28 59 149 208 92 236 115 215 155 0 0 0 0 0 0 0 0 0 0 0 0 0 0 0 0 0 0 0 0 0 0
0 0 0 0 0 0 0 0 0 0 0 0 0 0 0 0 0 0 0 0 0 0 0 0 0 113 219 148 178 133 53 21 56 13 125 88 52 160 255 255 103 207 140 167 184 153 145 82 67 125 230 174 218 158 74 61 40 248 210 28 203 74 218 23 91 202 219 179 177 122 174 138 112 140 29 68 177 227 21 14 164 148 237 95 226 7 170 196 209 19 76 88 208 8 90 173 194 117 11 254 177 186 201 159 0 0 0 0 0 0 0 0 0 0 0 0 0 0 0 0 0 0 0 0 0 0 0 0
0 0 0 0 0 0 0 0 0 0 0 0 0 0 0 0 0 0 0 0 0 0 0 0 0 0 250 96 39 2 17 188 122 118 181 107 150 230 19 181 126 193 168 92 155 235 37 138 217 54 150 200 231 145 26 74 82 61 119 252 137 171 172 96 22 58 149 159 218 30 168 137 217 1 73 67 78 110 1 75 152 212 70 26 49 157 87 124 34 109 167 121 227 93 79 22 104 89 15 79 107 96 100 0 0 0 0 0 0 0 0 0 0 0 0 0 0 0 0 0 0 0 0 0 0 0 0 0
0 0 0 0 0 0 0 0 0 0 0 0 0 0 0 0 0 0 0 0 0 0 0 0 0 0 0 77 161 186 134 73 48 253 235 47 21 43 85 22 199 46 240 151 40 179 152 173 185 151 128 68 61 121 178 56 105 173 105 228 175 20 115 159 148 210 97 210 123 100 57 188 242 234 136 21 211 19 113 58 153 223 177 190 153 140 80 252 64 105 73 193 59 144 230 13 82 27 231 96 255 2 0 0 0 0 0 0 0 0 0 0 0 0 0 0 0 0 0 0 0 0 0 0 0 0 0 0
0 0 0 0 0 0 0 0 0 0 0 0 0 0 0 0 0 0 0 0 0 0 0 0 0 0 0 0 0 233 107 173 90 195 97 75 96 214 3 220 34 11 123 91 50 214 89 198 204 30 217 184 27 51 79 45 202 168 123 190 158 158 31 166 207 21 92 124 13 177 252 94 187 10 46 204 236 80 13 67 201 167 144 92 69 1 23 112 123 86 138 178 128 221 196 39 187 143 133 237 0 0 0 0 0 0 0 0 0 0 0 0 0 0 0 0 0 0 0 0 0 0 0 0 0 0 0 0
0 0 0 0 0 0 0 0 0 0 0 0 0 0 0 0 0 0 0 0 0 0 0 0 0 0 0 0 0 0 222 70 113 159 24 176 113 199 57 145 209 76 153 117 236 93 172 70 220 216 152 70 33 41 199 9 68 16 163 172 76 65 2 92 104 245 59 217 214 12 63 229 118 98 79 234 138 219 113 195 134 56 40 96 130 163 215 78 51 3 26 91 35 199 191 18 250 139 111 0 0 0 0 0 0 0 0 0 0 0 0 0 0 0 0 0 0 0 0 0 0 0 0 0 0 0 0 0
0 0 0 0 0 0 0 0 0 0 0 0 0 0 0 0 0 0 0 0 0 0 0 0 0 0 0 0 0 0 0 0 222 19 19 90 6 30 151 47 12 238 69 231 105 122 190 157 233 56 250 118 8 70 148 146 176 139 139 174 197 173 157 162 114 63 226 73 100 195 118 247 222 66 224 3 190 254 130 245 190 139 141 197 240 114 162 251 28 192 65 29 56 21 144 162 3 0 0 0 0 0 0 0 0 0 0 0 0 0 0 0 0 0 0 0 0 0 0 0 0 0 0 0 0 0 0 0
0 0 0 0 0 0 0 0 0 0 0 0 0 0 0 0 0 0 0 0 0 0 0 0 0 0 0 0 0 0 0 0 0 0 240 5 225 235 17 176 82 78 135 109 2 171 21 67 226 221 120 228 166 112 3 182 56 85 33 238 122 228 71 33 174 79 28 206 73 147 123 228 247 226 170 179 31 25 31 44 89 34 13 52 242 231 86 98 21 8 190 106 172 193 89 0 0 0 0 0 0 0 0 0 0 0 0 0 0 0 0 0 0 0 0 0 0 0 0 0 0 0 0 0 0 0 0 0
0 0 0 0 0 0 0 0 0 0 0 0 0 0 0 0 0 0 0 0 0 0 0 0 0 0 0 0 0 0 0 0 0 0 0 219 118 100 133 122 4 195 133 65 40 73 218 191 232 219 246 143 208 41 209 145 97 149 213 117 38 147 63 51 199 1 131 180 224 244 181 206 62 165 19 64 60 17 201 86 66 2 109 23 16 57 103 134 162 108 61 19 18 254 0 0 0 0 0 0 0 0 0 0 0 0 0 0 0 0 0 0 0 0 0 0 0 0 0 0 0 0 0 0 0 0 0 0
0 0 0 0 0 0 0 0 0 0 0 0 0 0 0 0 0 0 0 0 0 0 0 0 0 0 0 0 0 0 0 0 0 0 0 0 0 240 214 156 118 33 27 73 231 213 38 251 251 0 58 36 30 145 165 59 80 147 32 127 136 100 13 151 216 117 39 155 63 152 103 249 53 167 7 133 11 84 88 240 50 241 160 163 72 23 255 173 198 97 182 27 0 0 0 0 0 0 0 0 0 0 0 0 0 0 0 0 0 0 0 0 0 0 0 0 0 0 0 0 0 0 0 0 0 0 0 0
0 0 0 0 0 0 0 0 0 0 0 0 0 0 0 0 0 0 0 0 0 0 0 0 0 0 0 0 0 0 0 0 0 0 0 0 0 0 0 0 136 175 254 16 186 197 77 13 3 209 103 54 43 47 9 161 111 79 44 153 59 172 183 166 164 198 96 7 52 117 176 45 246 198 193 250 145 220 224 33 83 205 55 120 138 199 9 149 170 0 0 0 0 0 0 0 0 0 0 0 0 0 0 0 0 0 0 0 0 0 0 0 0 0 0 0 0 0 0 0 0 0 0 0 0 0 0 0
0 0 0 0 0 0 0 0 0 0 0 0 0 0 0 0 0 0 0 0 0 0 0 0 0 0 0 0 0 0 0 0 0 0 0 0 0 0 0 0 0 0 45 49 98 200 121 98 46 36 2 190 215 207 60 242 23 175 211 232 37 249 155 12 226 127 55 26 2 194 12 66 98 29 53 69 30 58 146 31 121 86 37 91 88 141 132 0 0 0 0 0 0 0 0 0 0 0 0 0 0 0 0 0 0 0 0 0 0 0 0 0 0 0 0 0 0 0 0 0 0 0 0 0 0 0 0 0
0 0 0 0 0 0 0 0 0 0 0 0 0 0 0 0 0 0 0 0 0 0 0 0 0 0 0 0 0 0 0 0 0 0 0 0 0 0 0 0 0 0 0 0 0 54 254 254 225 154 239 20 188 217 120 46 143 175 72 239 133 67 215 247 244 125 230 105 199 204 87 237 54 203 247 165 148 12 118 235 114 214 25 80 0 0 0 0 0 0 0 0 0 0 0 0 0 0 0 0 0 0 0 0 0 0 0 0 0 0 0 0 0 0 0 0 0 0 0 0 0 0 0 0 0 0 0 0
0 0 0 0 0 0 0 0 0 0 0 0 0 0 0 0 0 0 0 0 0 0 0 0 0 0 0 0 0 0 0 0 0 0 0 0 0 0 0 0 0 0 0 0 0 0 0 0 0 106 203 97 49 212 169 234 156 46 43 129 132 135 201 116 95 254 72 214 137 135 172 69 24 81 186 128 181 229 121 156 0 0 0 0 0 0 0 0 0 0 0 0 0 0 0 0 0 0 0 0 0 0 0 0 0 0 0 0 0 0 0 0 0 0 0 0 0 0 0 0 0 0 0 0 0 0 0 0
0 0 0 0 0 0 0 0 0 0 0 0 0 0 0 0 0 0 0 0 0 0 0 0 0 0 0 0 0 0 0 0 0 0 0 0 0 0 0 0 0 0 0 0 0 0 0 0 0 0 0 0 0 209 216 53 183 190 139 185 134 202 214 63 39 201 78 57 198 73 118 141 254 31 236 120 0 0 0 0 0 0 0 0 0 0 0 0 0 0 0 0 0 0 0 0 0 0 0 0 0 0 0 0 0 0 0 0 0 0 0 0 0 0 0 0 0 0 0 0 0 0 0 0 0 0 0 0
