128
0 0 0 0 0 0 0 0 0 0 0 0 0 0 0 0 0 0 0 0 0 0 0 0 0 0 0 0 0 0 0 0 0 0 0 0 0 0 0 0 0 0 0 0 0 0 0 0 0 0 0 0 0 0 0 0 0 0 0 0 0 0 0 0 183 0 0 0 0 0 0 0 0 0 0 0 0 0 0 0 0 0 0 0 0 0 0 0 0 0 0 0 0 0 0 0 0 0 0 0 0 0 0 0 0 0 0 0 0 0 0 0 0 0 0 0 0 0 0 0 0 0 0 0 0 0 0 0
0 0 0 0 0 0 0 0 0 0 0 0 0 0 0 0 0 0 0 0 0 0 0 0 0 0 0 0 0 0 0 0 0 0 0 0 0 0 0 0 0 0 0 0 0 0 0 0 0 0 0 0 0 97 179 118 193 75 148 15 157 119 117 18 27 187 115 56 55 188 50 233 25 211 32 26 0 0 0 0 0 0 0 0 0 0 0 0 0 0 0 0 0 0 0 0 0 0 0 0 0 0 0 0 0 0 0 0 0 0 0 0 0 0 0 0 0 0 0 0 0 0 0 0 0 0 0 0
0 0 0 0 0 0 0 0 0 0 0 0 0 0 0 0 0 0 0 0 0 0 0 0 0 0 0 0 0 0 0 0 0 0 0 0 0 0 0 0 0 0 0 0 0 0 0 0 0 204 132 16 204 25 150 123 139 201 124 242 168 215 65 145 191 99 109 221 25 3 166 27 45 249 174 204 60 39 60 238 0 0 0 0 0 0 0 0 0 0 0 0 0 0 0 0 0 0 0 0 0 0 0 0 0 0 0 0 0 0 0 0 0 0 0 0 0 0 0 0 0 0 0 0 0 0 0 0
0 0 0 0 0 0 0 0 0 0 0 0 0 0 0 0 0 0 0 0 0 0 0 0 0 0 0 0 0 0 0 0 0 0 0 0 0 0 0 0 0 0 0 0 0 44 107 144 249 197 121 235 202 158 189 155 22 22 198 106 220 101 109 207 87 185 188 153 135 64 133 119 27 75 114 56 8 72 88 7 95 136 246 64 0 0 0 0 0 0 0 0 0 0 0 0 0 0 0 0 0 0 0 0 0 0 0 0 0 0 0 0 0 0 0 0 0 0 0 0 0 0 0 0 0 0 0 0
0 0 0 0 0 0 0 0 0 0 0 0 0 0 0 0 0 0 0 0 0 0 0 0 0 0 0 0 0 0 0 0 0 0 0 0 0 0 0 0 0 0 197 97 112 26 199 199 220 77 105 20 157 223 53 234 183 234 141 173 137 80 155 5 166 148 146 153 159 113 184 166 44 224 139 214 177 17 247 95 13 31 238 65 190 7 202 0 0 0 0 0 0 0 0 0 0 0 0 0 0 0 0 0 0 0 0 0 0 0 0 0 0 0 0 0 0 0 0 0 0 0 0 0 0 0 0 0
0 0 0 0 0 0 0 0 0 0 0 0 0 0 0 0 0 0 0 0 0 0 0 0 0 0 0 0 0 0 0 0 0 0 0 0 0 0 0 0 115 35 12 146 144 147 43 161 48 200 239 4 5 18 156 151 233 116 176 194 5 42 11 118 134 222 34 82 163 163 101 53 46 124 9 152 125 7 224 213 95 224 241 175 211 80 87 28 114 0 0 0 0 0 0 0 0 0 0 0 0 0 0 0 0 0 0 0 0 0 0 0 0 0 0 0 0 0 0 0 0 0 0 0 0 0 0 0
0 0 0 0 0 0 0 0 0 0 0 0 0 0 0 0 0 0 0 0 0 0 0 0 0 0 0 0 0 0 0 0 0 0 0 0 0 177 253 29 140 157 87 67 220 90 79 221 169 217 111 246 89 29 2 0 235 191 98 228 105 241 223 74 33 96 163 55 157 155 252 140 78 212 203 126 250 237 161 179 34 148 225 122 28 116 182 167 98 171 47 142 0 0 0 0 0 0 0 0 0 0 0 0 0 0 0 0 0 0 0 0 0 0 0 0 0 0 0 0 0 0 0 0 0 0 0 0
0 0 0 0 0 0 0 0 0 0 0 0 0 0 0 0 0 0 0 0 0 0 0 0 0 0 0 0 0 0 0 0 0 0 0 82 40 53 193 33 185 115 75 15 64 151 54 18 69 164 112 161 79 213 42 235 165 188 243 190 112 89 255 30 131 9 151 65 34 110 143 245 47 97 216 118 245 47 195 95 8 112 47 22 250 13 147 189 30 36 78 138 103 98 0 0 0 0 0 0 0 0 0 0 0 0 0 0 0 0 0 0 0 0 0 0 0 0 0 0 0 0 0 0 0 0 0 0
0 0 0 0 0 0 0 0 0 0 0 0 0 0 0 0 0 0 0 0 0 0 0 0 0 0 0 0 0 0 0 0 0 0 49 149 219 10 160 77 68 160 179 106 220 167 222 84 94 46 119 45 131 176 12 31 117 58 104 235 105 230 228 253 146 27 65 57 113 62 249 92 148 56 114 38 56 160 225 65 246 39 35 212 237 44 221 46 107 232 139 9 215 134 186 0 0 0 0 0 0 0 0 0 0 0 0 0 0 0 0 0 0 0 0 0 0 0 0 0 0 0 0 0 0 0 0 0
0 0 0 0 0 0 0 0 0 0 0 0 0 0 0 0 0 0 0 0 0 0 0 0 0 0 0 0 0 0 0 0 95 138 93 243 53 47 49 243 162 250 137 212 109 226 182 137 36 106 19 75 14 188 209 198 129 23 104 136 241 19 90 6 212 179 79 103 84 118 33 37 114 228 15 255 106 142 238 229 221 69 141 49 235 170 164 197 101 229 101 138 55 156 211 114 34 0 0 0 0 0 0 0 0 0 0 0 0 0 0 0 0 0 0 0 0 0 0 0 0 0 0 0 0 0 0 0
0 0 0 0 0 0 0 0 0 0 0 0 0 0 0 0 0 0 0 0 0 0 0 0 0 0 0 0 0 0 70 230 115 14 113 251 149 99 184 255 157 4 39 23 110 175 128 60 29 219 108 129 3 53 78 41 16 63 173 108 172 14 27 112 5 114 117 4 105 124 234 218 116 241 236 245 253 74 43 56 73 84 96 197 125 65 227 42 174 169 84 183 247 118 86 80 107 88 6 0 0 0 0 0 0 0 0 0 0 0 0 0 0 0 0 0 0 0 0 0 0 0 0 0 0 0 0 0
0 0 0 0 0 0 0 0 0 0 0 0 0 0 0 0 0 0 0 0 0 0 0 0 0 0 0 0 0 90 156 96 172 42 184 150 222 120 139 216 9 251 21 147 73 132 22 47 201 166 250 97 83 226 85 227 80 155 61 133 189 201 239 32 226 245 149 32 187 69 220 57 158 18 7 63 232 248 230 170 168 66 91 226 28 169 245 95 184 103 100 112 235 14 170 9 183 58 156 64 0 0 0 0 0 0 0 0 0 0 0 0 0 0 0 0 0 0 0 0 0 0 0 0 0 0 0 0
0 0 0 0 0 0 0 0 0 0 0 0 0 0 0 0 0 0 0 0 0 0 0 0 0 0 0 15 191 210 223 104 35 4 23 150 157 213 232 164 28 34 6 124 66 77 133 62 171 141 124 210 22 179 53 142 211 112 227 89 31 89 135 217 230 179 187 4 179 4 246 97 45 40 5 222 27 120 51 3 212 252 200 198 229 101 106 101 209 136 103 17 59 254 52 176 72 64 220 14 70 83 0 0 0 0 0 0 0 0 0 0 0 0 0 0 0 0 0 0 0 0 0 0 0 0 0 0
0 0 0 0 0 0 0 0 0 0 0 0 0 0 0 0 0 0 0 0 0 0 0 0 0 0 54 9 26 215 68 16 195 54 215 185 13 47 72 14 38 170 43 105 18 49 207 139 72 31 158 134 4 21 216 107 210 35 253 250 226 237 249 222 97 238 8 184 41 41 85 179 45 136 214 189 226 127 207 29 6 64 35 222 98 218 228 178 83 189 74 205 1 70 136 239 69 228 16 213 78 231 181 0 0 0 0 0 0 0 0 0 0 0 0 0 0 0 0 0 0 0 0 0 0 0 0 0
0 0 0 0 0 0 0 0 0 0 0 0 0 0 0 0 0 0 0 0 0 0 0 0 0 130 168 40 162 147 149 247 125 47 0 199 54 108 26 78 202 5 146 51 75 11 174 254 28 65 254 217 128 190 36 94 41 120 53 178 220 238 177 113 136 198 87 255 148 68 23 26 74 206 216 72 175 65 38 99 196 169 229 123 104 202 0 99 118 193 236 208 178 114 250 57 151 139 106 109 24 191 21 44 0 0 0 0 0 0 0 0 0 0 0 0 0 0 0 0 0 0 0 0 0 0 0 0
0 0 0 0 0 0 0 0 0 0 0 0 0 0 0 0 0 0 0 0 0 0 0 9 173 123 231 57 247 242 170 146 161 224 62 8 169 139 30 31 135 51 93 92 117 204 253 192 239 62 23 135 79 236 19 40 7 177 42 11 123 65 140 30 181 18 149 251 240 117 68 125 171 8 59 16 15 56 47 195 52 212 249 211 23 97 200 37 210 60 145 59 153 166 3 206 120 142 173 120 163 76 151 244 212 68 0 0 0 0 0 0 0 0 0 0 0 0 0 0 0 0 0 0 0 0 0 0
0 0 0 0 0 0 0 0 0 0 0 0 0 0 0 0 0 0 0 0 0 0 151 159 170 125 120 213 167 86 113 44 19 250 209 57 144 119 63 234 7 146 130 34 54 135 110 95 170 89 114 254 77 254 204 219 147 227 17 21 140 4 66 102 240 183 67 42 208 181 241 78 67 135 144 125 194 98 137 242 9 218 217 254 108 140 160 23 63 204 138 176 40 255 24 75 26 52 112 246 144 212 195 186 111 89 161 0 0 0 0 0 0 0 0 0 0 0 0 0 0 0 0 0 0 0 0 0
0 0 0 0 0 0 0 0 0 0 0 0 0 0 0 0 0 0 0 0 0 193 18 82 96 87 110 95 32 189 145 23 146 201 38 72 173 118 34 8 153 214 28 14 135 31 251 82 143 154 192 196 124 48 253 33 204 249 88 136 241 125 8 88 44 69 169 123 246 12 149 41 133 73 193 212 202 216 16 240 230 52 174 22 141 148 211 91 250 250 121 253 53 129 168 33 104 119 19 17 218 5 36 168 173 38 162 196 0 0 0 0 0 0 0 0 0 0 0 0 0 0 0 0 0 0 0 0
0 0 0 0 0 0 0 0 0 0 0 0 0 0 0 0 0 0 0 0 75 8 120 158 92 208 157 152 162 95 98 251 74 32 234 126 79 202 233 48 77 1 196 255 23 233 226 221 51 126 82 136 11 34 156 152 148 31 236 149 46 231 31 107 217 27 110 107 169 99 33 86 173 213 17 247 7 166 122 14 234 3 42 161 3 26 221 145 74 237 123 230 28 231 248 177 226 128 61 61 58 136 80 27 25 33 184 218 52 0 0 0 0 0 0 0 0 0 0 0 0 0 0 0 0 0 0 0
0 0 0 0 0 0 0 0 0 0 0 0 0 0 0 0 0 0 0 213 8 92 156 185 141 88 234 38 24 255 227 163 146 229 47 112 145 19 82 104 228 175 117 223 161 124 253 186 206 91 130 147 180 164 214 68 130 129 226 54 193 43 6 20 22 180 94 200 94 32 228 150 218 38 150 215 163 252 0 68 44 11 196 77 108 229 94 79 115 16 173 166 38 48 52 208 17 0 92 181 188 223 109 19 169 128 215 30 69 206 0 0 0 0 0 0 0 0 0 0 0 0 0 0 0 0 0 0
0 0 0 0 0 0 0 0 0 0 0 0 0 0 0 0 0 0 103 170 233 131 156 18 251 58 159 252 90 196 12 225 69 88 65 243 62 71 38 170 70 190 29 92 164 143 157 214 223 2 164 52 187 172 150 11 59 237 13 122 206 232 209 55 85 29 238 37 153 63 147 30 10 3 158 158 81 24 155 166 229 32 194 20 7 163 35 192 75 163 43 3 89 63 82 18 251 42 170 16 77 247 229 41 198 131 126 122 166 107 27 0 0 0 0 0 0 0 0 0 0 0 0 0 0 0 0 0
0 0 0 0 0 0 0 0 0 0 0 0 0 0 0 0 0 122 164 126 217 39 55 164 160 36 119 125 199 196 185 126 44 213 27 65 110 102 45 25 149 0 186 116 174 134 0 89 139 155 61 110 202 118 26 62 204 249 180 236 51 24 112 169 103 167 24 49 100 225 146 1 187 217 94 50 115 65 228 246 3 202 118 203 3 223 67 112 142 78 238 228 41 168 219 96 8 32 44 127 129 27 90 104 125 159 218 156 135 154 31 102 0 0 0 0 0 0 0 0 0 0 0 0 0 0 0 0
0 0 0 0 0 0 0 0 0 0 0 0 0 0 0 0 221 93 242 165 201 113 237 74 156 46 205 57 83 92 190 146 46 115 177 172 93 30 71 61 134 125 142 192 105 191 143 44 88 39 139 214 251 164 182 12 164 41 162 184 83 157 107 43 152 202 191 166 92 126 159 182 78 211 178 51 47 115 163 121 44 117 34 80 68 60 67 54 224 129 240 228 184 50 148 248 86 176 104 174 211 123 185 77 139 119 54 233 249 192 250 18 172 0 0 0 0 0 0 0 0 0 0 0 0 0 0 0
0 0 0 0 0 0 0 0 0 0 0 0 0 0 0 183 183 16 175 10 123 42 248 208 181 12 7 18 226 243 239 200 168 18 60 131 228 23 187 224 114 171 148 80 23 246 157 123 237 137 234 127 66 252 214 8 25 85 249 206 18 28 155 187 217 3 224 115 93 189 36 221 251 175 230 100 38 251 179 20 48 195 30 229 177 90 53 138 112 80 94 19 114 75 52 146 226 137 101 168 9 188 219 109 83 153 118 80 244 28 157 84 47 92 0 0 0 0 0 0 0 0 0 0 0 0 0 0
0 0 0 0 0 0 0 0 0 0 0 0 0 0 0 157 248 79 82 180 62 69 176 110 90 38 215 135 254 171 59 183 239 119 222 252 155 20 6 74 132 137 77 56 143 134 66 24 14 172 178 223 82 112 174 180 248 172 134 35 65 107 234 72 160 132 116 25 148 102 129 23 36 197 72 214 154 163 91 150 247 171 148 224 1 13 101 222 19 23 168 24 150 208 88 66 84 22 251 143 175 214 252 23 41 91 194 84 0 15 249 247 134 249 0 0 0 0 0 0 0 0 0 0 0 0 0 0
0 0 0 0 0 0 0 0 0 0 0 0 0 0 92 111 97 18 254 193 94 164 139 12 126 16 252 202 97 236 145 242 189 198 211 101 198 136 228 27 171 185 156 94 144 194 176 250 9 255 44 65 232 111 85 122 108 155 143 139 20 163 108 96 19 91 87 175 182 212 74 99 54 59 171 68 9 1 177 153 44 117 151 53 62 83 107 118 90 145 128 128 207 222 82 100 218 179 244 183 87 204 231 23 204 8 43 145 114 231 2 157 218 178 176 0 0 0 0 0 0 0 0 0 0 0 0 0
0 0 0 0 0 0 0 0 0 0 0 0 0 155 243 41 245 121 137 14 253 100 66 29 175 94 55 151 192 57 193 84 106 220 32 148 194 171 112 134 78 174 41 196 99 76 37 112 197 229 80 108 213 157 55 7 217 223 76 133 146 32 246 138 190 12 133 21 163 89 8 2 187 80 9 177 215 186 221 254 178 243 143 183 0 220 200 255 143 254 94 167 223 237 25 129 41 224 253 102 79 37 125 230 98 113 109 178 77 164 55 132 222 88 212 132 0 0 0 0 0 0 0 0 0 0 0 0
0 0 0 0 0 0 0 0 0 0 0 0 145 33 28 59 168 226 222 224 163 81 188 50 87 244 108 171 40 88 9 23 38 176 146 211 57 50 35 122 34 185 149 231 160 162 67 212 52 202 222 77 151 97 102 48 132 51 230 108 73 248 123 26 211 76 138 41 196 74 124 76 147 156 80 149 45 126 151 15 184 161 187 229 19 20 214 36 176 222 237 176 46 188 255 171 37 108 38 207 61 198 44 117 109 20 172 121 180 158 133 94 198 210 250 241 18 0 0 0 0 0 0 0 0 0 0 0
0 0 0 0 0 0 0 0 0 0 0 0 28 68 48 33 114 107 58 94 183 166 156 206 20 7 11 223 13 23 70 193 232 68 238 210 221 14 36 64 132 164 111 81 237 25 250 65 52 45 252 0 190 24 247 205 175 205 98 254 239 36 77 168 31 85 223 112 202 21 248 246 33 52 83 63 219 65 219 113 86 144 8 186 29 176 120 50 137 59 143 169 200 66 76 103 87 67 4 3 81 33 116 74 240 162 219 140 77 19 72 90 8 122 240 88 34 0 0 0 0 0 0 0 0 0 0 0
0 0 0 0 0 0 0 0 0 0 0 193 22 242 249 138 190 80 34 205 222 141 162 101 43 55 137 201 128 78 240 119 147 43 82 14 240 44 152 163 13 78 117 29 224 218 200 167 139 53 106 227 84 238 255 68 250 78 125 157 65 193 161 43 140 148 122 220 221 139 11 128 156 146 6 98 62 29 125 2 89 132 181 245 23 112 46 153 200 62 150 217 113 158 39 76 69 77 169 112 194 140 19 32 139 22 147 232 179 91 246 158 87 149 172 79 103 16 0 0 0 0 0 0 0 0 0 0
0 0 0 0 0 0 0 0 0 0 76 250 196 21 165 145 185 2 5 228 98 77 41 227 190 27 141 4 163 210 213 200 40 42 160 204 16 42 39 60 169 148 129 123 190 15 226 230 33 82 54 142 123 145 112 203 179 3 113 9 71 78 170 56 62 156 81 134 33 92 226 221 138 171 13 48 192 236 34 217 99 248 151 41 174 123 41 123 84 201 93 5 105 204 0 206 94 66 220 72 106 194 105 74 49 212 63 112 14 204 180 105 8 122 92 251 208 172 30 0 0 0 0 0 0 0 0 0
0 0 0 0 0 0 0 0 0 0 57 189 56 150 176 43 136 233 55 77 226 234 33 70 24 167 227 63 93 102 106 192 178 222 211 239 39 250 113 252 228 228 133 0 35 115 99 233 213 197 149 27 244 88 220 232 197 107 224 120 233 31 225 74 235 212 13 188 119 196 60 13 62 70 16 48 217 92 26 135 50 50 147 85 190 133 2 254 201 53 74 156 101 211 14 80 125 197 68 107 237 173 235 103 205 237 63 139 123 195 105 14 153 62 212 181 255 134 250 0 0 0 0 0 0 0 0 0
0 0 0 0 0 0 0 0 0 121 180 137 70 196 72 81 43 202 68 233 90 93 171 204 142 213 38 217 76 202 43 86 241 181 147 209 207 229 22 220 27 208 99 147 21 193 36 161 135 93 78 16 52 75 59 195 73 51 186 138 217 245 179 165 244 255 49 59 160 116 214 121 145 33 190 239 89 13 140 17 28 142 106 230 131 241 6 38 218 135 172 122 75 248 157 108 175 197 225 115 201 9 78 138 254 230 100 24 49 199 236 179 95 112 242 188 133 55 0 93 0 0 0 0 0 0 0 0
0 0 0 0 0 0 0 0 0 250 148 143 234 39 230 9 56 58 145 102 83 148 154 71 177 22 107 175 4 221 212 143 45 161 108 84 205 142 203 9 163 52 31 7 53 202 183 158 31 22 90 236 116 5 169 147 141 150 100 157 197 110 58 169 85 250 195 246 243 50 231 58 215 23 87 40 164 253 105 123 149 148 236 240 190 151 231 204 81 22 113 85 32 169 198 56 245 67 255 148 128 78 147 249 203 187 222 59 37 214 168 78 130 123 13 187 22 6 217 94 0 0 0 0 0 0 0 0
0 0 0 0 0 0 0 0 227 105 8 15 251 145 119 90 198 203 57 164 224 31 216 13 154 69 172 131 210 21 172 59 34 191 53 198 186 90 101 125 202 2 198 122 135 115 163 76 2 173 113 249 93 128 50 191 83 231 214 235 178 237 58 17 175 13 85 206 156 238 34 178 24 152 130 206 162 52 6 211 252 9 153 160 164 60 245 117 254 240 224 232 137 8 225 115 232 129 198 251 195 152 174 167 14 168 214 143 61 134 155 165 196 22 77 17 180 8 180 51 203 0 0 0 0 0 0 0
0 0 0 0 0 0 0 33 244 211 54 255 19 115 100 97 15 186 113 80 192 223 47 209 87 91 168 36 162 90 33 226 86 71 29 229 28 184 121 209 74 197 206 56 61 201 170 151 132 190 86 68 6 64 235 34 87 17 57 49 231 213 204 78 184 190 117 44 244 195 21 186 49 233 252 99 245 144 96 125 55 216 104 95 172 19 251 171 6 67 16 19 181 202 207 129 144 127 21 121 73 164 180 143 183 232 36 184 246 142 31 157 185 127 102 58 92 253 197 8 213 255 0 0 0 0 0 0
0 0 0 0 0 0 0 176 133 74 108 241 50 180 246 113 253 20 80 217 118 46 9 159 13 254 110 171 220 58 31 128 129 153 116 232 143 216 117 144 122 188 240 141 25 98 174 171 37 145 12 253 225 99 195 137 176 166 207 83 148 20 89 53 63 15 220 220 113 17 133 200 200 12 58 61 162 56 183 17 26 93 122 112 30 152 152 31 183 199 254 60 171 151 89 105 158 83 125 20 90 211 55 91 62 243 53 128 74 16 141 136 99 226 163 29 190 140 179 208 15 179 0 0 0 0 0 0
0 0 0 0 0 0 33 76 103 71 1 194 22 255 173 81 182 197 197 179 216 14 124 86 156 107 168 107 100 244 216 116 9 206 120 91 158 92 157 151 189 41 68 18 159 93 196 247 225 207 67 78 187 253 137 102 86 30 135 157 237 21 68 230 21 116 144 8 108 143 236 12 200 57 163 27 30 215 66 226 154 251 187 218 142 48 147 157 148 168 132 65 219 174 226 28 139 186 139 178 240 177 153 155 21 179 216 243 212 122 172 19 167 10 178 122 225 15 242 63 192 198 176 0 0 0 0 0
0 0 0 0 0 0 234 157 147 82 93 188 194 92 14 39 118 157 188 8 61 36 40 143 104 3 143 25 103 7 180 200 2 238 49 15 48 202 235 125 114 128 242 80 136 30 42 188 222 99 162 1 159 245 48 147 174 30 186 223 87 187 53 167 56 68 99 203 83 71 11 95 229 243 106 139 220 127 178 151 247 61 213 35 234 209 81 7 92 39 73 138 95 58 35 183 234 86 137 2 164 183 67 221 168 179 232 128 217 136 118 151 246 243 121 235 146 169 5 71 6 121 19 0 0 0 0 0
0 0 0 0 0 0 68 125 59 217 51 132 182 226 178 227 129 20 197 237 37 2 55 36 137 159 149 27 216 125 93 148 223 139 97 181 73 169 182 54 111 37 241 8 242 134 132 58 113 76 42 136 75 52 50 25 59 42 166 147 220 96 79 5 160 121 149 160 140 78 47 65 83 139 61 79 185 33 237 24 227 3 207 233 166 20 178 227 154 165 194 239 230 189 63 206 119 38 116 196 179 12 160 201 140 19 39 194 39 146 81 114 31 234 202 58 3 13 198 48 211 160 25 0 0 0 0 0
0 0 0 0 0 38 157 105 206 55 139 144 65 128 75 12 152 119 222 204 170 225 71 74 187 109 140 207 34 100 170 159 174 187 141 30 44 5 204 118 208 236 57 9 182 150 73 191 197 215 0 85 190 163 83 102 64 6 56 227 20 197 253 128 67 27 252 69 217 115 240 189 127 16 192 194 48 39 31 6 103 24 126 228 104 205 5 130 25 189 242 181 50 240 135 43 233 68 179 143 59 221 26 17 217 103 218 204 200 162 63 68 159 196 223 111 178 58 27 104 147 251 143 84 0 0 0 0
0 0 0 0 0 247 2 49 201 88 188 101 117 169 13 5 19 150 0 26 43 44 174 99 19 139 154 164 255 151 119 161 20 175 143 182 235 244 89 179 45 242 42 50 224 248 100 118 195 1 69 217 135 60 252 47 29 34 182 196 237 36 71 162 50 134 226 81 192 114 46 137 165 207 169 107 208 1 246 111 235 53 20 189 20 25 116 53 95 85 176 48 150 244 80 125 224 248 55 190 200 237 8 193 97 149 242 28 24 135 34 230 7 3 23 75 51 22 136 156 53 59 58 199 0 0 0 0
0 0 0 0 226 54 230 136 3 213 124 245 211 194 197 56 172 179 151 12 214 229 12 25 28 67 39 147 132 235 69 121 211 60 218 157 127 187 53 184 173 223 136 200 171 172 179 189 134 196 187 178 52 208 167 120 244 176 78 149 56 18 233 237 158 3 216 110 131 139 253 25 253 71 45 115 234 250 50 47 25 32 13 244 127 143 140 211 154 58 91 204 146 220 39 231 81 54 57 202 181 125 112 158 243 146 148 172 126 93 97 48 178 40 114 40 201 2 74 13 107 209 19 145 250 0 0 0
0 0 0 0 5 190 233 107 204 7 165 242 32 186 109 241 223 215 73 79 75 95 84 133 30 248 117 253 84 195 157 207 148 11 187 240 213 237 96 115 2 66 170 89 222 145 174 51 56 190 113 102 109 253 70 150 192 71 54 77 207 14 167 14 254 134 170 44 89 85 209 109 105 90 113 154 55 189 133 162 109 76 1 139 192 54 205 74 154 57 113 3 163 182 196 198 137 112 19 206 100 204 46 202 95 94 122 86 81 147 123 6 39 95 72 23 87 174 203 98 177 164 48 149 249 0 0 0
0 0 0 0 14 182 15 37 160 143 138 186 115 49 146 104 102 43 97 93 3 51 63 235 219 61 152 197 189 89 250 233 18 227 98 242 208 88 225 108 219 154 121 37 206 150 193 135 17 128 84 92 70 45 154 39 99 161 207 77 234 241 192 33 2 88 122 37 156 118 150 208 145 171 57 47 51 157 159 16 117 104 205 104 110 62 246 173 19 129 168 32 244 246 93 30 9 215 151 181 86 127 14 37 119 121 28 246 134 235 100 12 30 23 7 64 143 39 48 120 204 122 183 180 191 0 0 0
0 0 0 190 21 4 132 36 27 190 133 161 43 134 158 4 69 96 32 152 214 138 199 206 60 76 70 210 48 94 42 90 109 34 56 57 77 117 188 26 62 79 224 182 198 80 122 91 174 196 59 146 209 221 195 209 133 51 2 87 58 215 117 80 209 63 140 175 160 46 37 87 40 222 122 69 81 46 33 38 126 194 146 242 214 50 220 76 121 4 42 173 164 45 83 115 147 61 111 194 221 70 81 196 151 33 58 47 124 178 234 142 161 93 182 91 77 9 86 238 166 75 33 225 50 76 0 0
0 0 0 175 204 127 25 61 178 149 159 17 57 169 220 86 31 136 39 106 207 201 199 244 179 160 89 203 5 141 242 158 82 189 109 159 112 41 142 25 41 38 18 250 77 81 25 110 42 228 233 146 67 100 22 216 157 12 164 114 83 32 90 11 245 68 69 5 150 95 55 99 112 191 115 201 31 182 40 239 130 193 152 97 209 145 96 202 27 103 142 31 46 2 4 110 7 153 236 143 253 79 110 65 220 100 67 69 118 226 82 135 220 235 68 234 49 182 5 204 200 176 246 219 203 20 0 0
0 0 0 11 112 99 148 126 117 171 151 116 236 156 126 153 224 237 245 13 149 25 83 108 227 141 108 103 56 57 238 9 0 6 172 143 24 95 215 56 210 222 209 171 85 32 163 150 46 243 221 4 21 1 120 142 12 208 217 227 209 51 217 57 96 11 241 183 195 222 210 34 31 2 56 24 127 74 32 245 189 227 28 147 95 94 85 128 136 111 203 145 22 232 41 203 19 98 22 55 92 156 83 86 67 17 25 61 11 181 174 221 207 37 7 79 246 54 108 9 122 137 223 84 202 128 0 0
0 0 0 7 143 60 109 7 5 91 93 246 193 19 46 8 39 189 45 116 219 24 97 132 170 218 135 125 129 30 178 246 231 174 238 184 115 68 93 179 24 164 55 146 187 231 248 184 83 197 82 168 224 171 112 224 156 150 164 66 123 69 157 128 190 208 152 42 30 185 17 123 188 188 254 163 128 13 14 98 135 76 14 141 222 209 127 194 172 138 1 154 207 244 188 115 205 64 70 41 172 24 65 221 213 72 49 41 161 83 221 182 199 194 109 158 111 199 158 41 1 9 163 191 16 28 0 0
0 0 220 210 180 130 15 157 206 199 117 209 48 12 58 71 197 212 52 5 211 85 58 78 40 26 76 204 132 3 64 72 95 146 142 129 165 171 191 52 226 222 16 146 137 245 76 178 243 212 26 238 241 120 53 221 202 66 7 182 132 250 72 156 32 87 43 109 79 39 30 84 25 210 24 128 212 173 88 75 94 93 104 3 109 234 229 195 188 224 121 139 247 39 111 117 185 182 171 118 195 74 240 202 205 184 148 106 200 103 111 118 218 35 54 41 76 249 47 209 239 201 72 200 44 171 228 0
0 0 75 253 114 48 151 75 137 179 23 196 54 25 23 150 161 90 182 151 55 4 47 24 64 200 225 91 108 100 245 91 75 176 184 39 190 129 148 159 172 169 121 52 225 223 242 46 200 211 85 247 104 101 99 13 113 198 107 105 132 49 111 59 71 140 146 131 200 86 139 132 42 246 253 180 99 169 59 120 212 77 246 86 159 7 5 52 16 249 5 5 35 254 49 127 110 183 76 56 224 146 66 131 87 234 197 36 98 73 168 3 0 126 31 44 164 192 249 2 163 236 197 59 240 24 212 0
0 0 80 39 12 182 246 90 128 214 248 99 42 23 6 133 55 155 194 242 88 177 90 162 139 115 196 49 194 109 187 54 171 56 223 109 132 172 55 111 161 181 219 107 182 230 173 204 207 202 145 18 136 150 55 53 59 0 230 153 15 40 193 37 11 86 254 142 103 204 181 215 66 88 84 61 178 64 160 191 36 229 38 95 215 60 37 123 111 69 69 65 95 235 41 77 73 204 212 136 118 176 234 76 150 23 128 123 97 65 208 6 94 2 223 142 76 130 194 243 7 185 63 28 51 106 24 0
0 0 123 32 16 138 192 87 72 118 125 14 130 187 201 148 186 240 64 231 226 84 172 115 131 248 103 148 175 133 104 218 27 90 168 120 117 245 114 48 66 21 121 255 66 38 63 250 137 178 119 227 227 152 109 64 52 65 210 29 37 132 222 62 209 243 145 148 132 208 149 142 105 235 206 219 217 192 235 99 33 94 116 114 180 252 13 60 57 31 78 41 12 1 105 96 148 42 62 150 201 23 18 146 204 157 163 127 155 95 228 58 28 130 119 251 214 114 52 202 245 159 239 247 61 102 10 0
0 252 181 231 3 77 92 160 133 194 194 12 198 87 249 21 53 164 145 51 27 178 49 107 73 143 149 85 75 88 38 29 165 81 6 22 33 73 6 121 236 38 199 6 28 76 18 35 133 12 163 35 26 11 183 111 31 107 111 122 115 228 183 54 36 187 83 133 9 106 55 126 67 132 166 183 214 106 229 217 50 48 215 118 194 102 46 104 136 136 248 37 134 194 4 235 231 38 250 127 105 212 73 66 25 35 43 160 102 166 201 222 153 176 65 218 22 8 138 6 236 224 155 120 6 185 176 109
0 43 194 130 245 174 54 188 26 58 177 108 77 87 168 239 198 181 185 141 135 80 155 171 82 164 244 148 80 79 86 239 134 185 18 97 64 16 230 103 182 12 66 159 89 237 238 56 92 234 56 215 167 155 180 151 206 234 192 28 26 4 21 240 254 53 46 200 29 105 121 117 47 10 192 9 237 126 25 130 213 199 255 11 64 206 252 77 146 163 61 122 226 252 41 109 193 137 239 70 245 142 31 222 193 168 44 248 250 154 10 99 215 179 44 138 201 36 222 8 125 231 11 58 114 55 124 46
0 200 3 111 96 251 142 106 175 103 204 224 76 95 39 151 108 136 41 118 240 112 136 157 146 56 4 183 0 42 23 254 108 45 149 159 14 54 199 120 133 140 124 197 32 195 17 13 220 183 141 53 117 189 35 244 249 108 197 204 53 34 118 33 252 4 168 250 206 113 9 228 127 135 106 56 127 6 207 156 130 155 171 207 237 115 93 50 233 182 39 65 113 75 6 142 11 202 17 6 200 94 252 113 213 227 138 18 249 159 146 171 30 238 19 134 222 216 174 207 30 9 135 198 43 45 119 32
0 43 243 30 106 120 102 137 213 28 227 58 142 132 83 226 169 15 25 1 175 14 41 147 79 15 196 253 249 254 247 98 156 147 203 24 25 116 131 160 142 135 211 120 234 22 253 47 249 252 111 214 242 214 245 132 90 111 194 73 37 246 137 4 215 118 201 209 139 18 142 53 49 55 116 15 234 92 251 96 155 42 138 241 20 125 226 142 158 81 227 159 29 40 137 156 200 158 202 55 122 89 16 95 147 229 226 108 89 76 51 187 57 201 69 181 154 61 174 89 125 142 238 172 224 147 137 216
0 57 235 25 84 64 213 114 39 118 217 189 128 32 143 91 223 228 245 248 180 174 254 56 32 232 109 253 64 52 199 11 172 203 168 123 53 33 153 167 109 8 76 48 241 91 44 26 96 247 76 13 75 185 169 147 181 133 255 163 121 187 88 75 164 216 18 98 182 22 235 171 195 17 234 181 169 89 145 106 59 29 174 26 135 225 250 180 234 177 229 140 193 8 205 95 178 238 171 85 225 245 21 4 86 65 113 59 81 46 164 32 34 154 207 170 46 175 18 96 116 83 249 114 9 93 145 9
0 112 82 154 60 103 185 55 59 158 86 91 0 13 75 194 220 11 58 185 198 154 42 246 115 95 51 42 51 124 45 199 247 248 215 11 38 44 124 135 128 51 101 38 49 207 216 194 96 15 211 85 97 160 84 117 1 60 227 161 150 91 114 127 38 212 15 188 6 222 17 10 163 203 193 199 154 227 124 148 36 11 38 192 88 120 206 53 208 227 140 133 189 86 51 37 167 108 175 228 75 121 170 174 121 239 52 255 130 2 231 107 26 185 15 237 186 235 242 172 116 106 20 115 90 136 38 148
0 41 178 132 51 32 254 222 141 99 162 162 99 120 206 146 59 121 64 34 208 217 111 64 11 178 133 249 125 113 15 187 187 174 229 54 88 203 213 97 151 168 27 118 36 189 184 105 38 93 51 149 30 210 111 253 1 58 109 210 239 226 64 58 208 227 56 25 154 185 25 147 158 43 251 87 104 216 203 3 34 77 219 135 124 248 126 215 164 181 136 228 183 175 47 199 105 224 38 133 61 222 98 143 104 12 233 150 26 45 184 135 132 187 234 220 168 114 62 128 244 90 248 222 179 70 163 150
0 142 201 209 248 177 214 67 158 174 95 133 8 23 27 194 72 64 81 228 177 127 92 167 225 74 105 236 187 16 209 68 168 214 140 155 247 3 148 99 205 124 201 66 234 53 37 217 80 189 101 167 238 133 202 195 69 253 29 19 207 233 108 7 0 129 189 198 25 98 248 48 241 194 66 237 246 63 75 32 115 182 143 214 52 250 96 66 101 205 221 255 119 179 80 133 11 99 134 53 208 101 96 130 135 170 210 218 161 34 60 1 36 97 172 73 213 161 61 116 201 237 31 143 32 73 10 197
0 210 238 47 70 134 80 59 203 19 244 47 18 109 150 238 220 134 181 61 190 36 49 51 55 65 246 25 167 167 233 63 93 18 192 113 152 237 182 163 169 97 156 95 2 244 144 168 151 147 47 45 224 95 158 113 149 72 45 183 246 199 114 216 63 179 213 56 189 192 128 152 60 58 219 6 179 225 170 10 128 1 91 252 46 239 176 62 81 84 226 181 230 12 220 101 4 229 254 232 164 231 140 197 57 246 181 196 190 39 52 243 116 207 148 225 102 51 220 110 246 182 138 171 121 216 127 34
0 3 43 233 92 30 176 196 221 69 238 178 112 38 140 197 96 114 184 37 34 171 33 5 102 131 163 101 241 175 167 68 99 71 11 57 177 56 6 8 66 182 5 75 10 168 69 123 188 28 194 37 179 134 132 159 130 175 52 191 218 48 245 127 147 181 175 35 185 83 20 106 56 229 202 104 100 99 30 121 50 183 18 133 255 82 130 197 243 211 78 83 3 217 29 0 195 181 181 148 216 224 248 61 16 141 65 235 8 107 115 96 238 162 156 87 122 160 75 73 76 124 99 125 193 115 42 131
0 35 228 121 83 103 64 194 170 85 183 240 15 43 198 76 129 245 105 131 73 97 25 28 212 181 71 44 1 177 106 109 60 199 198 230 28 214 112 24 215 35 41 59 92 211 25 43 85 171 151 159 214 215 131 217 24 230 33 207 249 154 212 20 12 34 206 60 161 234 214 123 71 207 114 177 200 244 56 197 221 185 55 69 75 77 188 147 128 126 159 0 137 78 153 44 116 81 55 46 132 158 135 74 94 86 234 30 117 207 5 76 209 100 127 34 23 197 197 185 223 6 95 200 69 124 142 124
41 224 29 254 24 118 192 126 197 199 7 242 2 131 20 70 132 44 67 49 20 119 108 141 65 227 114 248 118 7 6 219 218 47 36 134 154 245 60 75 108 238 244 85 4 78 229 255 161 50 199 178 43 77 35 98 111 89 23 103 195 67 149 217 131 4 250 194 161 151 146 68 121 165 50 194 77 57 246 249 209 49 175 111 21 243 70 11 254 13 24 68 25 174 165 180 237 249 220 38 45 18 183 19 252 10 204 162 139 23 28 208 166 240 48 155 98 82 170 175 91 38 143 171 50 108 196 134
0 131 130 68 237 244 97 103 17 46 216 145 231 184 192 144 102 109 158 70 122 251 60 196 74 157 69 115 139 49 60 188 189 97 57 118 198 68 196 2 59 152 245 247 69 215 89 197 146 39 150 42 69 190 26 36 188 149 222 28 194 254 227 66 105 147 76 12 243 5 64 232 78 137 178 213 126 200 159 216 37 47 75 188 50 148 180 71 165 0 235 97 81 22 132 150 214 132 175 46 251 254 129 129 88 182 94 246 109 64 63 118 41 109 18 234 70 48 148 28 202 40 207 211 124 123 100 41
0 110 195 249 252 68 90 176 24 136 59 52 227 224 25 249 0 182 74 183 26 21 58 104 148 200 145 208 204 7 14 245 127 200 10 83 234 78 176 195 132 80 243 84 170 129 2 166 150 83 244 13 129 28 17 162 17 209 64 60 37 21 45 49 239 171 239 132 115 195 88 215 13 16 41 125 181 126 128 69 70 139 154 87 3 242 220 56 87 115 49 221 182 58 89 208 222 101 244 146 213 205 232 105 196 89 113 16 43 252 163 200 98 172 70 0 184 80 13 78 227 179 66 112 55 178 210 70
0 138 195 167 255 195 80 244 54 198 112 134 72 198 125 66 171 208 235 82 25 207 190 54 213 173 105 186 189 143 115 181 48 143 130 146 40 151 137 211 73 76 117 110 76 103 107 233 59 94 143 140 167 169 104 204 127 200 50 52 31 74 202 86 95 75 244 59 62 66 41 215 236 31 230 47 56 14 183 221 222 30 104 119 33 96 148 188 157 136 85 94 183 214 161 153 31 212 200 116 108 148 109 249 198 12 48 138 41 186 0 145 212 249 199 35 105 164 25 85 254 115 248 207 199 98 245 0
0 222 160 76 175 9 75 106 140 194 66 114 104 82 100 91 82 227 220 142 40 32 16 3 210 153 201 19 42 151 86 205 142 246 69 134 244 49 100 38 198 166 148 134 140 166 201 226 118 88 157 142 140 227 82 209 100 72 177 149 107 43 245 96 125 171 110 119 68 147 25 127 0 18 150 162 47 88 238 122 39 122 14 123 150 168 231 134 192 22 145 52 2 85 15 13 74 25 193 38 60 8 222 51 66 236 138 136 154 18 191 94 157 48 245 0 134 223 104 101 161 123 255 111 22 5 13 142
0 232 51 93 156 31 253 230 138 39 35 108 187 54 100 176 245 156 242 215 103 99 143 234 86 151 24 167 240 87 25 254 35 235 100 67 23 61 118 221 66 146 63 186 188 110 75 8 225 28 215 83 176 87 126 11 49 144 190 83 207 23 119 127 181 152 40 126 142 203 14 116 62 125 238 204 35 227 234 180 253 154 192 195 134 202 73 190 221 132 222 87 155 218 185 169 208 83 107 19 236 50 184 165 158 186 238 136 139 10 254 84 18 244 68 87 35 101 80 172 77 57 237 34 78 21 107 168
0 134 97 213 8 190 173 179 102 110 200 226 69 121 107 138 185 92 14 141 24 91 75 151 1 166 239 217 30 59 196 124 169 33 22 59 174 27 106 155 178 211 219 178 47 130 39 191 250 164 182 15 82 155 222 123 35 56 88 193 56 75 90 243 144 74 97 92 22 253 197 113 165 223 205 111 24 149 193 187 76 236 140 181 77 91 40 239 183 96 102 171 107 158 83 69 230 68 218 111 108 189 237 148 13 208 90 4 217 105 67 13 150 158 162 87 249 216 26 1 46 82 157 48 104 249 102 15
0 78 155 59 59 81 26 183 117 28 166 38 2 191 199 24 42 14 125 161 239 26 80 39 75 81 226 220 171 3 164 103 38 54 209 67 7 177 149 104 182 175 42 36 95 224 109 150 236 2 242 179 97 251 190 191 3 49 10 145 48 191 219 17 138 175 195 192 25 79 121 20 36 57 0 155 210 189 116 169 252 217 107 48 90 153 220 71 48 59 42 98 177 17 126 87 126 226 31 43 25 12 200 66 204 46 40 158 29 128 219 252 152 201 129 216 220 28 64 246 7 75 75 230 215 36 5 32
0 236 154 234 152 57 141 114 72 97 169 94 122 200 122 99 127 85 246 121 232 14 144 234 141 13 187 178 195 194 155 216 239 125 120 31 143 124 90 119 213 243 3 106 88 102 28 183 250 72 65 102 49 67 231 6 30 208 79 161 244 102 116 169 152 150 71 203 199 110 142 83 168 213 126 239 80 193 210 76 51 32 191 166 95 129 135 175 56 55 98 66 24 185 145 58 220 192 63 127 55 40 133 241 11 106 250 86 230 228 254 214 8 126 17 87 148 229 156 204 30 211 103 48 235 235 2 42
0 90 5 2 86 52 170 186 103 105 134 227 227 245 125 154 48 149 169 185 79 213 24 86 110 112 147 102 218 96 164 14 210 226 124 76 211 135 82 79 253 170 177 139 233 152 182 131 186 5 88 218 108 1 194 26 112 41 136 237 135 125 3 215 134 163 167 106 204 93 121 189 242 86 18 55 54 44 221 142 139 190 247 241 160 98 18 29 253 133 171 253 31 91 47 132 202 217 181 158 44 81 114 144 118 172 126 117 1 214 52 229 4 22 97 93 64 234 247 231 21 188 23 88 119 112 53 64
0 241 141 234 238 175 150 195 167 90 20 81 210 26 221 231 88 162 10 10 19 222 17 245 30 99 153 138 86 71 208 101 174 38 182 93 14 42 118 78 45 212 131 34 248 40 25 214 241 30 55 155 27 50 54 213 146 0 91 250 9 86 189 20 54 214 41 245 23 182 238 165 65 45 91 153 74 147 214 215 199 150 64 77 37 87 17 105 75 22 70 60 241 19 67 248 123 70 230 124 239 183 21 204 243 111 202 87 189 132 85 141 50 41 221 109 163 196 213 169 99 117 55 41 199 255 89 218
0 25 197 213 235 228 111 14 134 174 36 83 155 109 253 8 158 6 172 174 66 171 172 81 68 179 238 81 240 238 17 147 159 26 89 31 50 172 5 93 14 132 42 241 138 22 56 19 198 100 32 62 165 44 184 8 168 184 78 196 109 181 17 225 184 3 57 230 54 241 254 126 201 108 200 219 137 141 92 3 176 178 199 166 199 48 253 233 208 10 85 29 67 50 179 61 227 123 78 149 58 244 249 47 18 37 204 130 212 93 232 127 254 149 30 103 191 42 61 148 48 24 187 132 234 211 240 103
0 0 69 123 145 208 244 177 154 75 173 195 199 126 250 206 13 70 97 220 122 167 19 250 4 104 186 243 133 184 117 4 109 6 133 100 73 161 94 185 107 106 66 67 45 91 31 125 188 147 119 204 254 221 11 16 5 58 196 146 11 4 251 224 145 230 212 222 94 63 186 211 171 125 240 204 88 237 163 125 121 38 228 240 54 2 140 26 249 5 177 6 55 90 205 104 97 253 134 175 230 131 32 56 33 134 104 92 35 115 82 38 243 27 158 8 7 193 237 213 177 47 76 164 148 222 34 0
0 0 70 75 195 16 193 221 126 6 19 108 49 211 160 106 254 131 236 196 42 226 72 252 91 255 50 137 143 75 63 53 73 39 30 88 139 111 85 100 192 213 218 27 128 24 78 228 98 190 96 17 40 185 24 91 156 152 195 164 254 188 206 203 51 137 136 128 201 210 163 16 16 80 81 40 97 199 180 2 1 106 55 154 254 121 15 125 129 175 131 184 208 21 166 229 170 173 146 74 178 84 31 10 197 111 167 253 14 132 178 126 253 143 66 115 111 102 134 77 205 233 141 119 71 74 136 0
0 0 174 190 57 244 104 5 249 87 17 116 82 160 78 55 132 204 73 189 245 65 151 250 245 235 243 153 228 19 128 247 209 112 58 222 0 119 234 213 61 187 236 33 92 89 135 183 165 87 74 141 17 0 241 185 80 69 66 168 85 103 220 94 72 34 8 66 18 112 218 32 161 240 128 238 97 150 158 132 189 187 198 11 113 143 15 222 142 224 185 224 90 53 144 36 67 140 51 209 29 27 154 97 41 70 108 190 49 241 44 180 244 239 112 183 143 60 155 210 226 91 25 92 18 173 124 0
0 0 22 54 39 135 234 139 92 140 71 116 108 168 102 242 64 24 3 172 100 240 44 77 85 254 154 95 182 53 33 176 141 185 11 70 11 230 160 123 188 97 129 37 138 150 59 147 28 119 222 214 57 20 70 152 34 0 12 194 135 159 182 193 178 3 183 16 96 145 184 162 250 151 34 100 181 108 141 181 152 180 65 79 48 177 12 71 37 132 5 129 0 145 208 203 247 249 60 168 172 7 250 175 206 192 107 182 35 232 124 61 75 13 215 1 206 45 30 98 170 247 17 20 124 152 121 0
0 0 0 129 186 41 94 101 146 25 38 106 114 39 42 207 204 71 68 72 42 223 126 169 73 169 160 212 183 170 25 107 204 81 228 148 102 1 137 38 190 213 102 136 60 162 168 70 23 224 116 232 56 217 249 52 3 147 114 112 190 169 28 20 78 101 91 78 211 21 71 19 204 153 240 254 251 87 16 133 15 110 111 9 214 57 185 31 212 114 155 72 56 119 182 82 240 21 23 236 36 75 26 188 204 112 212 5 196 128 136 246 122 198 183 82 147 97 88 178 204 114 252 32 150 205 0 0
0 0 0 61 250 38 231 166 147 224 97 57 116 44 59 241 186 118 92 92 252 35 104 81 24 217 52 179 196 216 217 212 10 65 161 116 129 188 136 78 121 73 57 160 95 142 159 239 30 93 251 167 213 171 224 198 105 165 18 118 176 116 35 168 144 242 178 237 25 234 92 65 57 188 185 58 31 194 234 90 232 22 49 181 245 6 177 182 88 69 26 126 65 114 196 178 185 223 167 93 24 236 140 244 224 185 190 245 42 171 202 115 221 154 210 198 202 38 183 83 242 169 108 82 99 103 0 0
0 0 0 207 155 204 78 51 153 249 160 5 12 85 235 42 131 157 208 196 206 22 223 160 75 130 202 107 91 152 123 133 218 130 80 245 248 42 163 39 193 150 59 52 215 243 133 210 79 96 233 164 144 22 36 227 152 225 183 72 126 133 128 254 44 66 82 145 61 177 16 30 181 19 14 135 47 178 115 141 5 23 22 10 74 178 132 150 114 121 164 62 3 243 254 61 118 133 140 134 87 39 38 70 98 64 97 205 144 219 121 103 214 25 110 59 17 244 100 16 137 170 224 249 135 109 0 0
0 0 0 251 117 169 119 188 148 216 243 112 192 3 199 154 113 57 92 63 100 101 7 23 151 201 42 138 59 40 33 81 41 21 173 109 143 58 57 167 195 182 120 188 208 190 32 35 246 84 220 14 15 77 125 172 137 214 209 237 84 53 53 154 0 168 166 63 125 139 234 111 136 65 67 92 45 154 185 246 255 207 61 7 250 90 127 52 0 151 10 46 166 160 160 186 75 43 58 20 69 169 24 207 80 167 26 222 2 34 243 166 154 243 114 159 135 90 77 78 200 65 182 209 55 128 0 0
0 0 0 0 236 194 27 88 57 199 3 39 171 15 187 86 51 252 134 110 252 172 31 65 202 4 111 139 72 47 244 112 15 12 102 188 43 172 192 200 213 124 33 2 78 177 10 20 241 20 25 64 145 12 239 132 212 37 230 56 107 235 224 137 52 152 201 198 19 48 69 150 241 127 138 108 186 92 244 81 113 53 186 142 10 212 59 99 213 119 54 248 125 167 149 79 224 47 76 66 179 75 120 224 20 39 82 159 0 95 17 34 143 214 97 140 242 148 114 92 96 189 47 143 107 0 0 0
0 0 0 0 228 248 156 42 24 135 72 97 54 112 48 102 107 102 26 95 245 152 119 106 153 2 93 88 14 128 251 117 52 10 189 236 193 67 193 164 87 217 124 62 195 151 109 181 242 182 220 36 127 19 228 110 208 84 27 22 188 126 29 162 16 58 68 252 168 227 136 39 167 126 254 11 201 156 84 154 66 164 40 198 250 53 224 38 108 181 234 1 142 197 135 197 128 210 145 63 133 198 165 29 45 28 117 122 160 35 6 148 114 39 114 97 44 148 84 208 25 170 23 35 151 0 0 0
0 0 0 0 203 143 127 218 161 119 207 21 168 188 201 3 101 255 212 102 245 192 179 138 125 57 63 80 19 29 78 173 131 3 8 133 44 101 147 176 45 216 123 137 181 53 136 141 199 20 145 57 213 102 8 192 237 222 34 34 74 34 164 115 215 167 40 68 142 0 77 245 239 172 60 130 29 45 25 70 176 28 222 223 125 21 130 33 23 175 141 205 200 114 249 51 36 37 96 237 76 159 34 214 32 145 50 70 186 196 165 21 161 107 190 10 139 111 121 97 12 224 110 207 235 0 0 0
0 0 0 0 0 0 210 188 181 27 162 149 200 185 1 114 119 229 0 250 53 150 186 52 168 93 237 11 143 249 171 181 244 157 237 145 50 226 8 1 27 61 186 206 45 135 97 162 195 10 156 5 10 138 159 233 181 77 66 188 183 253 44 56 21 113 220 19 40 176 8 46 35 185 185 17 203 50 196 68 96 5 229 156 29 34 44 199 58 70 230 88 56 111 169 99 199 4 229 250 192 224 214 73 53 185 115 99 54 43 250 152 211 226 237 237 219 175 146 164 154 132 54 18 0 0 0 0
0 0 0 0 0 48 6 129 22 27 62 255 89 32 45 59 15 219 7 10 94 43 139 178 205 93 29 26 80 165 183 28 105 226 242 233 174 73 32 176 17 147 253 121 49 52 249 139 93 26 91 106 203 201 186 24 227 255 37 84 236 163 194 214 27 240 128 56 21 31 232 227 71 95 254 16 45 54 249 75 62 117 232 196 114 234 127 11 13 113 234 70 221 76 64 65 223 138 47 190 48 245 152 113 244 108 146 252 174 53 175 81 239 178 183 216 71 197 165 32 220 203 67 86 0 0 0 0
0 0 0 0 0 0 211 43 244 229 244 133 139 194 109 30 111 137 100 98 41 49 68 96 211 134 66 138 64 97 42 167 122 72 102 222 90 199 113 16 170 65 63 146 165 18 128 237 111 129 93 143 235 132 234 89 236 240 160 235 57 225 156 223 94 50 216 73 157 169 214 105 110 215 13 43 240 38 22 115 225 193 224 240 122 194 239 18 3 245 197 190 102 153 13 205 69 24 23 143 107 197 47 62 109 188 128 58 83 191 236 168 118 113 28 57 176 243 154 112 62 41 25 0 0 0 0 0
0 0 0 0 0 0 40 76 102 47 166 30 85 121 255 91 71 233 178 73 197 51 62 6 157 99 177 166 217 98 226 121 137 170 190 47 0 77 79 72 107 156 180 88 62 51 39 105 220 121 186 231 8 177 188 7 126 238 178 172 242 47 4 73 40 123 175 234 151 15 91 57 88 242 101 59 87 238 203 3 16 234 41 138 14 126 250 227 110 29 207 224 210 227 166 80 98 45 111 70 211 214 17 201 181 143 16 207 245 227 144 170 134 91 69 170 227 155 85 154 105 103 126 0 0 0 0 0
0 0 0 0 0 0 162 38 50 143 23 250 193 248 244 173 97 57 190 176 232 205 48 12 17 121 27 98 2 95 185 92 162 248 212 181 218 91 148 62 95 52 247 217 250 116 135 54 197 245 87 211 189 42 7 234 53 110 123 71 6 38 99 88 81 151 151 95 248 213 6 41 232 178 17 43 240 182 70 121 1 38 165 136 113 203 224 210 169 13 154 174 193 118 191 177 106 40 14 180 72 23 39 228 223 175 152 158 35 68 146 53 74 51 153 251 74 71 208 81 37 112 68 0 0 0 0 0
0 0 0 0 0 0 0 88 36 158 238 8 166 156 100 78 32 48 166 57 37 28 201 186 150 192 96 48 89 0 111 83 23 242 124 217 161 108 136 93 226 101 100 12 181 45 230 114 243 104 39 133 20 141 152 237 122 164 185 241 27 69 151 127 174 104 140 20 55 151 62 24 21 135 238 244 224 81 255 199 104 77 72 66 47 63 208 53 43 249 156 156 99 5 239 254 209 69 221 34 33 45 100 137 165 185 30 52 29 12 198 50 213 17 63 231 37 212 110 153 32 43 0 0 0 0 0 0
0 0 0 0 0 0 0 33 183 63 152 233 112 174 234 201 209 28 47 115 26 72 135 218 221 39 190 161 180 115 27 147 231 110 251 216 34 3 224 189 43 161 160 216 25 44 2 118 230 83 109 135 135 55 243 204 220 37 93 153 101 167 99 56 69 129 189 196 66 218 75 159 245 31 115 105 102 162 28 62 197 3 40 170 157 150 207 113 203 208 42 2 252 217 137 223 193 106 43 254 73 164 116 103 111 35 144 97 19 58 223 50 109 38 15 106 147 90 177 225 148 213 0 0 0 0 0 0
0 0 0 0 0 0 0 0 166 62 174 208 82 185 20 243 113 100 214 23 108 41 56 57 71 154 250 226 65 9 17 90 118 80 165 130 79 40 200 209 18 144 6 220 197 204 199 147 228 197 23 206 220 34 90 117 125 134 47 42 26 13 26 210 7 123 57 244 87 198 198 233 234 17 251 3 104 234 239 172 11 43 111 30 84 59 243 159 70 149 5 108 184 202 227 100 118 240 73 5 174 150 207 253 38 159 105 58 198 166 26 185 118 65 67 96 144 221 138 183 73 0 0 0 0 0 0 0
0 0 0 0 0 0 0 0 0 199 85 160 212 234 94 103 22 151 165 233 43 78 35 224 215 52 104 187 167 135 118 98 226 235 213 196 190 112 60 25 172 52 188 236 131 118 22 53 153 124 162 220 131 172 87 107 7 16 185 174 123 253 213 160 28 178 83 125 3 149 127 153 163 226 36 61 107 215 125 225 40 225 2 187 9 6 191 226 136 175 249 148 241 203 185 114 112 60 51 109 98 35 164 49 193 247 149 170 27 34 3 49 223 51 239 212 199 158 220 146 0 0 0 0 0 0 0 0
0 0 0 0 0 0 0 0 0 174 168 198 88 10 217 161 51 61 233 43 251 242 110 113 97 84 12 116 92 63 242 7 79 16 63 24 240 168 130 103 108 78 17 252 245 39 6 192 64 139 1 245 209 24 251 64 170 142 73 218 34 184 89 69 145 26 116 48 182 73 193 251 37 252 178 147 207 4 219 49 101 209 59 33 202 203 100 209 174 41 179 153 149 236 27 59 235 232 198 59 253 106 23 25 203 30 18 106 213 58 186 182 0 132 169 131 143 223 29 209 0 0 0 0 0 0 0 0
0 0 0 0 0 0 0 0 0 0 195 159 138 157 174 115 199 143 72 111 248 160 95 97 20 110 122 14 251 84 202 61 16 51 104 40 19 225 158 26 133 78 12 209 50 4 161 150 22 100 36 147 185 52 198 23 178 55 124 97 128 225 233 224 155 215 12 61 242 134 99 132 163 247 246 90 251 72 232 192 192 140 133 168 50 200 246 239 26 12 184 213 89 28 5 89 127 163 222 239 81 102 194 8 159 211 159 178 32 21 184 170 9 91 46 57 225 31 25 0 0 0 0 0 0 0 0 0
0 0 0 0 0 0 0 0 0 0 1 22 243 80 148 134 244 28 237 233 244 236 33 55 219 226 209 145 78 47 83 178 42 145 5 19 235 25 46 192 59 141 223 194 206 83 88 205 182 60 148 223 191 141 93 85 162 28 94 254 249 45 252 142 27 118 208 71 167 0 212 51 229 86 187 209 62 43 180 246 155 34 56 87 42 60 94 129 227 169 35 49 122 189 235 91 244 94 208 210 194 222 151 101 213 97 163 160 87 191 175 128 126 75 98 95 200 218 216 0 0 0 0 0 0 0 0 0
0 0 0 0 0 0 0 0 0 0 0 71 152 79 90 12 143 106 100 20 12 187 119 148 220 131 33 122 77 143 72 165 7 127 244 97 207 253 162 20 108 129 255 126 45 25 91 103 230 165 222 133 106 156 118 182 7 131 69 155 30 88 247 192 38 68 6 74 251 43 249 79 139 179 242 127 62 26 9 53 3 16 46 33 93 242 254 65 99 252 221 37 255 81 105 147 120 205 124 199 107 71 114 111 104 159 115 70 121 215 220 72 249 33 64 248 229 192 0 0 0 0 0 0 0 0 0 0
0 0 0 0 0 0 0 0 0 0 0 0 161 240 129 24 219 66 68 63 191 241 241 251 221 88 23 214 70 243 56 128 180 191 122 52 140 134 27 248 7 175 20 87 220 233 113 17 109 244 43 2 236 227 15 184 198 174 86 167 153 193 245 8 230 3 128 93 118 20 214 0 248 192 40 231 23 33 15 19 248 26 90 251 147 208 126 52 50 7 45 52 109 121 40 52 218 176 237 73 229 69 233 195 69 187 106 39 210 101 210 198 86 198 128 162 150 0 0 0 0 0 0 0 0 0 0 0
0 0 0 0 0 0 0 0 0 0 0 0 117 115 155 140 113 105 139 88 81 43 59 150 41 184 121 187 13 12 18 103 75 219 226 52 151 108 203 102 208 169 209 38 246 203 143 56 75 80 94 126 216 120 247 38 80 74 149 19 97 191 87 237 178 156 104 241 168 49 193 154 32 194 80 10 196 13 186 93 91 116 11 143 82 93 217 60 134 212 43 245 17 196 108 210 173 77 197 36 105 19 226 57 151 165 164 243 28 165 105 253 43 204 30 36 155 0 0 0 0 0 0 0 0 0 0 0
0 0 0 0 0 0 0 0 0 0 0 0 0 43 120 89 84 110 74 84 38 149 56 128 81 176 92 218 122 82 133 153 202 84 171 155 43 31 219 9 8 237 98 85 157 209 86 1 90 221 41 252 129 210 255 95 81 142 125 64 53 192 195 12 150 190 39 182 122 154 208 16 70 36 142 86 57 152 222 202 203 175 219 40 62 27 77 246 51 65 58 96 201 107 225 167 199 161 46 152 83 42 87 53 239 190 204 75 232 199 97 23 17 32 89 94 0 0 0 0 0 0 0 0 0 0 0 0
0 0 0 0 0 0 0 0 0 0 0 0 0 0 55 249 0 101 217 58 151 197 35 173 89 82 25 138 244 54 243 19 189 61 33 83 231 18 203 209 22 172 168 55 139 10 194 156 172 247 82 199 0 88 224 242 85 73 162 81 119 86 170 24 96 148 107 252 39 73 5 58 149 240 231 59 153 27 239 153 126 85 204 85 197 24 91 95 101 167 128 80 182 112 255 103 98 157 66 74 171 21 103 255 74 184 22 166 23 122 129 79 193 82 249 0 0 0 0 0 0 0 0 0 0 0 0 0
0 0 0 0 0 0 0 0 0 0 0 0 0 0 0 155 161 45 135 10 49 136 50 134 106 12 2 64 236 106 136 143 71 168 219 145 226 103 225 53 142 187 21 167 102 249 92 10 151 48 162 106 99 58 134 9 197 8 120 154 61 166 128 109 105 100 63 222 97 232 104 12 62 197 251 185 220 64 0 105 119 132 224 94 34 227 130 220 133 229 42 48 238 47 118 224 140 98 105 185 101 88 47 9 108 70 22 250 142 171 249 52 38 61 0 0 0 0 0 0 0 0 0 0 0 0 0 0
0 0 0 0 0 0 0 0 0 0 0 0 0 0 0 251 68 232 56 249 41 125 67 21 109 219 63 234 51 86 74 184 231 183 227 17 24 233 27 249 153 222 38 119 252 18 215 3 183 44 113 85 107 194 162 96 252 241 156 133 150 231 251 106 3 113 211 229 164 124 122 235 151 179 161 218 218 98 252 128 57 115 180 40 2 80 30 76 163 93 196 84 203 106 15 63 74 228 87 24 253 55 143 104 157 96 7 119 124 40 197 28 47 25 0 0 0 0 0 0 0 0 0 0 0 0 0 0
0 0 0 0 0 0 0 0 0 0 0 0 0 0 0 0 246 43 15 68 191 54 82 141 225 33 104 55 103 65 238 246 121 209 190 79 197 69 6 253 140 145 210 76 170 147 83 92 98 151 206 24 42 7 60 181 169 95 67 244 175 79 254 168 23 226 241 102 154 103 35 127 192 187 84 105 125 54 139 118 47 12 146 104 70 115 111 93 66 45 5 141 39 252 89 253 176 104 69 24 228 147 45 133 88 231 170 247 241 83 203 151 201 0 0 0 0 0 0 0 0 0 0 0 0 0 0 0
0 0 0 0 0 0 0 0 0 0 0 0 0 0 0 0 0 170 181 56 177 42 112 249 30 250 5 231 182 181 99 89 183 49 119 226 62 183 247 48 253 29 125 3 159 201 82 150 66 240 255 158 231 198 61 106 87 145 5 142 216 142 139 144 175 172 138 174 64 221 60 180 121 141 111 44 77 204 21 135 232 232 87 16 213 165 101 10 252 158 148 74 140 111 87 138 160 249 99 149 59 235 69 91 22 20 37 74 113 128 254 40 0 0 0 0 0 0 0 0 0 0 0 0 0 0 0 0
0 0 0 0 0 0 0 0 0 0 0 0 0 0 0 0 0 0 7 243 115 126 147 69 36 84 126 111 25 132 231 64 138 174 222 185 135 186 24 43 152 210 170 195 177 82 148 155 208 174 21 227 225 199 88 235 183 147 63 71 113 166 93 229 162 207 115 190 230 180 63 30 119 86 78 220 78 239 134 236 183 69 201 182 189 54 80 74 213 200 184 165 109 116 86 215 131 136 250 3 62 201 181 217 204 55 26 24 65 178 31 0 0 0 0 0 0 0 0 0 0 0 0 0 0 0 0 0
0 0 0 0 0 0 0 0 0 0 0 0 0 0 0 0 0 0 0 166 193 185 252 113 89 73 100 152 169 105 230 99 54 157 188 95 51 2 29 205 243 49 57 199 111 241 232 169 52 88 241 19 57 92 170 204 156 177 98 136 235 179 249 78 220 176 36 156 82 40 212 140 7 109 80 211 169 104 44 172 85 61 201 43 233 72 166 75 222 23 37 212 236 40 95 50 159 162 66 99 224 36 134 155 207 124 254 232 49 85 0 0 0 0 0 0 0 0 0 0 0 0 0 0 0 0 0 0
0 0 0 0 0 0 0 0 0 0 0 0 0 0 0 0 0 0 0 0 8 244 99 133 227 24 75 209 59 46 11 59 75 21 115 42 178 205 92 63 58 17 40 55 22 219 139 46 218 4 238 151 97 143 209 147 170 113 169 190 153 124 80 200 115 177 190 100 132 106 229 29 195 245 52 127 127 33 65 211 130 198 178 31 94 130 70 72 53 6 238 252 115 146 149 6 35 54 52 220 76 23 91 145 216 28 187 91 12 0 0 0 0 0 0 0 0 0 0 0 0 0 0 0 0 0 0 0
0 0 0 0 0 0 0 0 0 0 0 0 0 0 0 0 0 0 0 0 0 101 226 135 146 160 9 73 249 157 2 227 211 111 223 186 106 82 141 155 45 161 86 85 175 164 61 45 40 134 28 130 212 243 210 187 150 19 252 142 24 53 185 250 188 54 65 241 177 160 225 200 166 70 167 141 195 96 119 235 151 79 56 107 115 117 35 79 119 142 123 83 254 124 164 65 29 6 23 161 249 236 231 248 197 61 70 188 0 0 0 0 0 0 0 0 0 0 0 0 0 0 0 0 0 0 0 0
0 0 0 0 0 0 0 0 0 0 0 0 0 0 0 0 0 0 0 0 0 0 2 73 132 74 129 84 3 202 17 40 237 162 94 124 149 128 71 103 223 15 12 157 6 64 93 33 243 210 236 225 0 177 38 123 94 219 2 200 109 91 196 62 116 209 108 246 143 5 225 162 45 208 251 124 5 125 75 12 198 94 103 141 33 165 59 32 107 114 124 18 27 91 171 138 21 195 179 36 186 127 41 166 243 57 152 0 0 0 0 0 0 0 0 0 0 0 0 0 0 0 0 0 0 0 0 0
0 0 0 0 0 0 0 0 0 0 0 0 0 0 0 0 0 0 0 0 0 0 0 101 118 180 72 224 28 128 139 151 20 34 45 116 66 8 106 166 22 60 134 126 47 233 67 50 199 135 63 234 145 230 243 96 48 177 31 116 49 228 67 216 212 146 174 128 169 221 48 185 26 113 139 239 38 208 22 216 123 134 60 109 38 143 167 204 139 55 58 89 98 122 99 208 167 214 19 245 29 64 163 126 162 139 0 0 0 0 0 0 0 0 0 0 0 0 0 0 0 0 0 0 0 0 0 0
0 0 0 0 0 0 0 0 0 0 0 0 0 0 0 0 0 0 0 0 0 0 0 0 0 43 213 196 221 255 158 53 189 255 227 59 113 7 225 54 22 55 124 202 41 115 111 35 212 77 24 110 65 123 255 209 110 241 61 95 185 169 203 135 49 111 121 35 65 93 61 46 4 39 208 248 110 153 61 99 171 75 232 99 63 116 88 125 224 242 95 182 204 46 246 192 66 137 238 158 224 22 28 152 0 0 0 0 0 0 0 0 0 0 0 0 0 0 0 0 0 0 0 0 0 0 0 0
0 0 0 0 0 0 0 0 0 0 0 0 0 0 0 0 0 0 0 0 0 0 0 0 0 0 176 101 198 7 9 209 180 160 170 253 214 25 148 127 73 244 150 86 192 126 152 211 232 202 166 212 234 154 106 114 37 178 92 36 94 183 149 135 32 59 50 166 111 247 93 244 64 98 190 161 20 138 70 222 87 252 41 87 68 226 214 184 90 27 26 205 22 58 204 75 30 171 122 75 18 194 125 0 0 0 0 0 0 0 0 0 0 0 0 0 0 0 0 0 0 0 0 0 0 0 0 0
0 0 0 0 0 0 0 0 0 0 0 0 0 0 0 0 0 0 0 0 0 0 0 0 0 0 0 10 235 83 118 196 228 76 184 42 177 32 103 168 218 159 238 96 101 121 121 251 169 60 189 146 246 120 49 233 145 126 110 145 85 80 128 226 105 109 109 122 247 83 202 162 85 88 167 220 153 33 58 7 24 145 80 18 49 90 108 238 88 4 22 87 117 160 76 188 154 178 212 48 42 214 0 0 0 0 0 0 0 0 0 0 0 0 0 0 0 0 0 0 0 0 0 0 0 0 0 0
0 0 0 0 0 0 0 0 0 0 0 0 0 0 0 0 0 0 0 0 0 0 0 0 0 0 0 0 0 44 135 104 197 186 200 94 64 65 203 52 86 47 212 161 120 242 231 179 0 203 73 163 163 190 166 141 241 195 0 0 79 40 91 8 196 233 30 168 17 21 1 100 115 137 36 171 76 5 121 143 139 211 71 31 22 239 8 142 31 23 199 222 196 123 61 202 167 55 226 64 0 0 0 0 0 0 0 0 0 0 0 0 0 0 0 0 0 0 0 0 0 0 0 0 0 0 0 0
0 0 0 0 0 0 0 0 0 0 0 0 0 0 0 0 0 0 0 0 0 0 0 0 0 0 0 0 0 0 183 176 129 72 252 39 66 49 6 92 132 8 130 150 15 123 175 10 149 3 41 149 213 39 250 252 95 209 124 158 125 198 146 94 22 244 13 37 20 49 183 239 160 44 27 189 141 94 60 144 158 94 251 92 65 107 203 236 1 99 103 10 42 209 0 102 64 61 120 0 0 0 0 0 0 0 0 0 0 0 0 0 0 0 0 0 0 0 0 0 0 0 0 0 0 0 0 0
0 0 0 0 0 0 0 0 0 0 0 0 0 0 0 0 0 0 0 0 0 0 0 0 0 0 0 0 0 0 0 0 180 186 227 106 194 107 243 62 182 215 108 62 126 204 116 62 179 249 37 229 39 86 39 112 176 63 129 77 231 118 64 250 211 121 57 248 58 151 239 139 110 113 29 222 44 136 169 94 215 85 231 110 171 166 192 70 54 242 7 143 42 60 108 208 138 0 0 0 0 0 0 0 0 0 0 0 0 0 0 0 0 0 0 0 0 0 0 0 0 0 0 0 0 0 0 0
0 0 0 0 0 0 0 0 0 0 0 0 0 0 0 0 0 0 0 0 0 0 0 0 0 0 0 0 0 0 0 0 0 0 94 102 26 226 73 37 65 115 153 55 15 201 61 15 88 145 89 115 189 233 65 9 22 222 79 242 56 190 206 137 245 157 175 88 241 148 59 210 160 79 35 44 159 209 23 118 201 163 74 206 8 176 221 50 198 1 124 35 198 121 198 0 0 0 0 0 0 0 0 0 0 0 0 0 0 0 0 0 0 0 0 0 0 0 0 0 0 0 0 0 0 0 0 0
0 0 0 0 0 0 0 0 0 0 0 0 0 0 0 0 0 0 0 0 0 0 0 0 0 0 0 0 0 0 0 0 0 0 0 238 220 140 166 211 96 7 131 232 7 199 6 167 117 205 141 168 182 49 53 130 24 90 220 149 16 138 236 64 129 205 166 51 8 96 51 74 237 16 84 127 24 182 227 162 170 249 205 158 192 26 157 146 106 31 71 49 220 119 0 0 0 0 0 0 0 0 0 0 0 0 0 0 0 0 0 0 0 0 0 0 0 0 0 0 0 0 0 0 0 0 0 0
0 0 0 0 0 0 0 0 0 0 0 0 0 0 0 0 0 0 0 0 0 0 0 0 0 0 0 0 0 0 0 0 0 0 0 0 0 105 243 116 241 146 101 149 11 118 8 110 62 107 66 96 133 244 225 106 22 62 188 246 242 65 109 166 163 209 94 25 151 80 15 129 105 8 98 38 3 172 32 203 222 110 95 137 170 167 91 228 183 76 168 93 0 0 0 0 0 0 0 0 0 0 0 0 0 0 0 0 0 0 0 0 0 0 0 0 0 0 0 0 0 0 0 0 0 0 0 0
0 0 0 0 0 0 0 0 0 0 0 0 0 0 0 0 0 0 0 0 0 0 0 0 0 0 0 0 0 0 0 0 0 0 0 0 0 0 0 0 15 252 55 2 108 105 199 38 243 165 238 68 233 125 94 187 83 35 232 141 4 7 124 4 233 78 72 251 36 146 81 142 12 225 24 7 171 169 201 211 189 126 252 153 130 10 166 130 54 0 0 0 0 0 0 0 0 0 0 0 0 0 0 0 0 0 0 0 0 0 0 0 0 0 0 0 0 0 0 0 0 0 0 0 0 0 0 0
0 0 0 0 0 0 0 0 0 0 0 0 0 0 0 0 0 0 0 0 0 0 0 0 0 0 0 0 0 0 0 0 0 0 0 0 0 0 0 0 0 0 201 105 255 96 108 21 211 233 121 198 238 48 95 9 144 40 177 128 10 148 225 19 192 124 92 238 221 241 126 164 84 206 207 248 90 184 254 60 121 60 54 73 147 112 112 0 0 0 0 0 0 0 0 0 0 0 0 0 0 0 0 0 0 0 0 0 0 0 0 0 0 0 0 0 0 0 0 0 0 0 0 0 0 0 0 0
0 0 0 0 0 0 0 0 0 0 0 0 0 0 0 0 0 0 0 0 0 0 0 0 0 0 0 0 0 0 0 0 0 0 0 0 0 0 0 0 0 0 0 0 0 190 121 236 217 163 197 57 149 126 13 47 110 88 72 124 0 235 207 4 47 195 100 231 154 160 236 236 213 232 60 132 173 25 31 42 106 185 193 74 0 0 0 0 0 0 0 0 0 0 0 0 0 0 0 0 0 0 0 0 0 0 0 0 0 0 0 0 0 0 0 0 0 0 0 0 0 0 0 0 0 0 0 0
0 0 0 0 0 0 0 0 0 0 0 0 0 0 0 0 0 0 0 0 0 0 0 0 0 0 0 0 0 0 0 0 0 0 0 0 0 0 0 0 0 0 0 0 0 0 0 0 0 66 15 54 82 40 87 202 82 15 156 231 110 204 202 206 208 181 160 10 146 60 185 69 197 240 87 211 88 227 61 48 0 0 0 0 0 0 0 0 0 0 0 0 0 0 0 0 0 0 0 0 0 0 0 0 0 0 0 0 0 0 0 0 0 0 0 0 0 0 0 0 0 0 0 0 0 0 0 0
0 0 0 0 0 0 0 0 0 0 0 0 0 0 0 0 0 0 0 0 0 0 0 0 0 0 0 0 0 0 0 0 0 0 0 0 0 0 0 0 0 0 0 0 0 0 0 0 0 0 0 0 0 205 80 98 114 122 199 59 76 67 47 57 214 17 70 63 130 240 122 1 12 252 116 242 0 0 0 0 0 0 0 0 0 0 0 0 0 0 0 0 0 0 0 0 0 0 0 0 0 0 0 0 0 0 0 0 0 0 0 0 0 0 0 0 0 0 0 0 0 0 0 0 0 0 0 0
