128
0 0 0 0 0 0 0 0 0 0 0 0 0 0 0 0 0 0 0 0 0 0 0 0 0 0 0 0 0 0 0 0 0 0 0 0 0 0 0 0 0 0 0 0 0 0 0 0 0 0 0 0 0 0 0 0 0 0 0 0 0 0 0 0 0 0 0 0 0 0 0 0 0 0 0 0 0 0 0 0 0 0 0 0 0 0 0 0 0 0 0 0 0 0 0 0 0 0 0 0 0 0 0 0 0 0 0 0 0 0 0 0 0 0 0 0 0 0 0 0 0 0 0 0 0 0 0 0
0 0 0 0 0 0 0 0 0 0 0 0 0 0 0 0 0 0 0 0 0 0 0 0 0 0 0 0 0 0 0 0 0 0 0 0 0 0 0 0 0 0 0 0 0 0 0 0 0 0 0 0 0 14 250 59 182 65 197 197 178 160 227 5 123 224 186 194 135 132 39 199 79 197 0 75 0 0 0 0 0 0 0 0 0 0 0 0 0 0 0 0 0 0 0 0 0 0 0 0 0 0 0 0 0 0 0 0 0 0 0 0 0 0 0 0 0 0 0 0 0 0 0 0 0 0 0 0
0 0 0 0 0 0 0 0 0 0 0 0 0 0 0 0 0 0 0 0 0 0 0 0 0 0 0 0 0 0 0 0 0 0 0 0 0 0 0 0 0 0 0 0 0 0 0 0 0 39 120 89 187 75 67 4 30 27 72 247 51 158 124 33 215 235 95 201 193 60 74 9 204 14 96 126 73 189 66 41 0 0 0 0 0 0 0 0 0 0 0 0 0 0 0 0 0 0 0 0 0 0 0 0 0 0 0 0 0 0 0 0 0 0 0 0 0 0 0 0 0 0 0 0 0 0 0 0
0 0 0 0 0 0 0 0 0 0 0 0 0 0 0 0 0 0 0 0 0 0 0 0 0 0 0 0 0 0 0 0 0 0 0 0 0 0 0 0 0 0 0 0 0 82 181 26 220 66 225 41 96 167 215 206 135 30 139 64 165 215 30 51 123 44 42 123 163 28 4 149 185 248 196 22 77 234 94 30 116 107 172 114 0 0 0 0 0 0 0 0 0 0 0 0 0 0 0 0 0 0 0 0 0 0 0 0 0 0 0 0 0 0 0 0 0 0 0 0 0 0 0 0 0 0 0 0
0 0 0 0 0 0 0 0 0 0 0 0 0 0 0 0 0 0 0 0 0 0 0 0 0 0 0 0 0 0 0 0 0 0 0 0 0 0 0 0 0 0 211 33 16 102 36 34 144 8 21 63 53 169 145 99 109 99 27 67 126 220 13 127 196 222 94 132 62 2 132 183 140 244 241 129 93 166 1 137 162 38 212 247 45 123 136 0 0 0 0 0 0 0 0 0 0 0 0 0 0 0 0 0 0 0 0 0 0 0 0 0 0 0 0 0 0 0 0 0 0 0 0 0 0 0 0 0
0 0 0 0 0 0 0 0 0 0 0 0 0 0 0 0 0 0 0 0 0 0 0 0 0 0 0 0 0 0 0 0 0 0 0 0 0 0 0 0 194 119 34 4 209 31 70 213 39 57 193 54 102 142 1 63 239 38 148 100 245 91 89 96 59 2 184 103 58 61 156 227 107 83 186 73 138 196 141 113 149 238 98 174 82 170 33 191 3 0 0 0 0 0 0 0 0 0 0 0 0 0 0 0 0 0 0 0 0 0 0 0 0 0 0 0 0 0 0 0 0 0 0 0 0 0 0 0
0 0 0 0 0 0 0 0 0 0 0 0 0 0 0 0 0 0 0 0 0 0 0 0 0 0 0 0 0 0 0 0 0 0 0 0 0 50 143 187 143 42 228 143 63 102 247 47 37 182 149 48 208 153 225 95 183 7 115 62 14 81 247 69 54 207 238 213 186 201 114 108 225 87 225 63 165 188 145 215 105 38 163 151 165 78 141 193 149 146 207 79 0 0 0 0 0 0 0 0 0 0 0 0 0 0 0 0 0 0 0 0 0 0 0 0 0 0 0 0 0 0 0 0 0 0 0 0
0 0 0 0 0 0 0 0 0 0 0 0 0 0 0 0 0 0 0 0 0 0 0 0 0 0 0 0 0 0 0 0 0 0 0 155 126 100 2 19 181 222 68 142 241 237 138 150 151 240 43 108 52 116 87 237 138 143 17 9 121 243 213 31 182 67 78 139 56 224 130 174 217 54 41 228 119 248 240 219 97 80 95 113 188 116 241 19 123 196 32 109 246 44 0 0 0 0 0 0 0 0 0 0 0 0 0 0 0 0 0 0 0 0 0 0 0 0 0 0 0 0 0 0 0 0 0 0
0 0 0 0 0 0 0 0 0 0 0 0 0 0 0 0 0 0 0 0 0 0 0 0 0 0 0 0 0 0 0 0 0 0 167 12 69 161 251 215 135 240 255 20 57 214 255 243 41 46 75 59 119 35 140 116 141 216 32 61 19 92 162 105 152 249 70 254 196 82 117 111 209 92 40 88 143 100 140 21 188 76 39 65 214 68 170 60 234 152 12 60 201 83 11 0 0 0 0 0 0 0 0 0 0 0 0 0 0 0 0 0 0 0 0 0 0 0 0 0 0 0 0 0 0 0 0 0
0 0 0 0 0 0 0 0 0 0 0 0 0 0 0 0 0 0 0 0 0 0 0 0 0 0 0 0 0 0 0 0 15 46 38 85 50 1 252 233 58 183 157 25 111 229 124 123 222 58 22 162 138 143 226 192 215 185 37 116 166 122 21 97 251 67 16 56 224 66 38 3 145 140 167 63 4 216 127 167 244 13 18 143 73 196 72 156 204 87 136 248 133 95 208 37 75 0 0 0 0 0 0 0 0 0 0 0 0 0 0 0 0 0 0 0 0 0 0 0 0 0 0 0 0 0 0 0
0 0 0 0 0 0 0 0 0 0 0 0 0 0 0 0 0 0 0 0 0 0 0 0 0 0 0 0 0 0 103 114 49 60 170 20 107 91 142 162 83 138 34 77 223 95 11 124 193 48 9 82 234 165 248 63 3 151 148 156 67 201 74 188 218 215 41 31 145 254 235 206 237 103 7 193 252 7 216 144 188 246 199 240 116 84 120 240 173 232 34 36 79 136 122 64 155 26 28 0 0 0 0 0 0 0 0 0 0 0 0 0 0 0 0 0 0 0 0 0 0 0 0 0 0 0 0 0
0 0 0 0 0 0 0 0 0 0 0 0 0 0 0 0 0 0 0 0 0 0 0 0 0 0 0 0 0 149 86 147 139 19 117 128 88 92 188 18 91 216 110 140 81 108 176 20 90 173 40 44 101 168 238 21 75 222 3 20 206 122 179 147 231 198 193 251 246 167 154 250 19 237 1 205 174 6 101 191 139 105 17 47 244 52 57 234 126 213 90 67 245 112 130 41 37 44 84 161 0 0 0 0 0 0 0 0 0 0 0 0 0 0 0 0 0 0 0 0 0 0 0 0 0 0 0 0
0 0 0 0 0 0 0 0 0 0 0 0 0 0 0 0 0 0 0 0 0 0 0 0 0 0 0 164 233 161 142 199 21 10 29 121 164 43 15 194 96 153 228 166 239 38 172 80 5 32 73 198 6 131 208 163 224 88 228 58 148 210 120 53 36 142 120 61 103 221 176 58 132 209 145 84 204 136 253 146 104 115 78 168 138 59 241 148 155 3 58 25 149 92 254 42 37 7 241 56 11 42 0 0 0 0 0 0 0 0 0 0 0 0 0 0 0 0 0 0 0 0 0 0 0 0 0 0
0 0 0 0 0 0 0 0 0 0 0 0 0 0 0 0 0 0 0 0 0 0 0 0 0 0 35 128 139 192 147 108 122 29 113 67 46 165 168 255 96 62 59 73 226 34 222 191 124 38 183 125 106 209 68 241 126 101 15 194 42 216 107 131 168 170 5 1 98 123 71 142 191 112 67 40 91 88 241 222 27 129 116 239 203 132 242 225 26 193 232 254 149 222 170 218 142 201 191 175 67 185 14 0 0 0 0 0 0 0 0 0 0 0 0 0 0 0 0 0 0 0 0 0 0 0 0 0
0 0 0 0 0 0 0 0 0 0 0 0 0 0 0 0 0 0 0 0 0 0 0 0 0 16 182 211 77 134 208 43 31 9 153 205 29 122 24 249 16 52 154 119 209 105 127 67 83 230 140 245 120 26 77 93 210 236 157 190 28 192 79 31 209 252 0 254 114 157 23 74 138 174 131 231 74 181 236 130 50 7 29 174 148 121 24 124 233 213 65 104 191 255 159 96 158 92 198 147 111 41 192 230 0 0 0 0 0 0 0 0 0 0 0 0 0 0 0 0 0 0 0 0 0 0 0 0
0 0 0 0 0 0 0 0 0 0 0 0 0 0 0 0 0 0 0 0 0 0 0 224 181 166 24 164 105 205 4 70 113 12 137 170 43 82 239 164 62 44 46 110 185 141 32 31 29 174 97 76 21 221 136 207 196 150 159 76 189 187 128 158 167 126 90 162 223 186 186 231 140 42 73 107 236 74 211 25 14 246 57 48 152 98 12 67 181 237 163 54 20 233 254 105 230 144 207 123 148 120 246 79 4 18 0 0 0 0 0 0 0 0 0 0 0 0 0 0 0 0 0 0 0 0 0 0
0 0 0 0 0 0 0 0 0 0 0 0 0 0 0 0 0 0 0 0 0 0 0 14 89 83 68 109 16 51 147 182 225 85 137 204 51 236 35 120 166 14 81 141 181 66 84 192 191 191 2 44 185 47 145 76 177 87 230 54 195 230 31 78 99 117 196 249 207 178 197 38 178 254 131 25 170 12 22 98 92 28 127 195 8 153 109 18 216 231 251 244 61 160 11 94 223 24 158 99 52 170 45 16 255 202 77 0 0 0 0 0 0 0 0 0 0 0 0 0 0 0 0 0 0 0 0 0
0 0 0 0 0 0 0 0 0 0 0 0 0 0 0 0 0 0 0 0 0 60 240 106 62 113 72 115 167 93 151 44 91 195 7 12 36 226 133 86 208 109 178 187 212 201 58 190 210 121 66 245 173 91 198 168 241 216 90 29 106 65 7 118 186 178 157 32 32 20 11 147 187 100 50 211 12 55 250 154 15 27 86 248 38 6 49 135 164 209 77 28 85 175 221 25 89 186 131 33 100 8 141 223 220 48 159 172 0 0 0 0 0 0 0 0 0 0 0 0 0 0 0 0 0 0 0 0
0 0 0 0 0 0 0 0 0 0 0 0 0 0 0 0 0 0 0 0 87 126 132 185 225 180 10 87 155 130 215 84 132 215 228 205 148 74 236 200 136 101 16 101 249 160 115 57 65 52 152 218 87 178 15 81 152 210 38 205 207 98 73 240 246 35 67 159 120 254 128 56 178 161 78 187 66 191 10 180 224 54 111 248 143 160 37 39 218 4 138 157 37 151 189 54 65 229 85 181 9 18 189 239 187 45 24 23 3 0 0 0 0 0 0 0 0 0 0 0 0 0 0 0 0 0 0 0
0 0 0 0 0 0 0 0 0 0 0 0 0 0 0 0 0 0 0 197 138 106 19 107 244 165 38 66 32 70 68 152 58 106 119 233 203 21 127 232 249 34 98 69 214 87 227 165 223 156 133 46 135 159 97 174 254 249 66 76 128 21 86 243 43 19 134 156 203 207 8 74 35 207 181 137 239 226 154 44 209 49 213 239 159 43 9 64 229 124 113 19 201 35 164 118 126 116 82 176 126 41 118 12 242 197 191 222 239 57 0 0 0 0 0 0 0 0 0 0 0 0 0 0 0 0 0 0
0 0 0 0 0 0 0 0 0 0 0 0 0 0 0 0 0 0 213 19 126 255 205 118 160 122 175 90 36 32 189 195 120 84 184 243 126 238 249 115 138 151 166 197 164 60 186 123 252 162 127 207 114 223 79 245 123 76 177 214 176 116 17 170 111 151 134 73 136 204 121 73 105 26 12 182 45 213 87 207 201 69 249 97 128 42 255 52 248 3 37 52 147 37 173 111 36 192 183 76 39 195 151 87 199 63 58 29 19 63 58 0 0 0 0 0 0 0 0 0 0 0 0 0 0 0 0 0
0 0 0 0 0 0 0 0 0 0 0 0 0 0 0 0 0 148 19 18 60 240 117 22 164 208 241 171 216 125 0 72 139 115 181 151 81 50 250 228 124 208 242 92 64 82 240 119 110 13 109 115 58 60 39 110 12 60 237 162 112 33 90 159 75 55 128 108 29 240 181 139 221 233 106 195 44 237 254 98 232 238 184 164 193 222 6 9 251 60 184 129 81 205 58 246 72 135 90 125 59 190 101 125 175 101 246 222 245 141 13 232 0 0 0 0 0 0 0 0 0 0 0 0 0 0 0 0
0 0 0 0 0 0 0 0 0 0 0 0 0 0 0 0 134 156 86 8 20 102 55 105 210 154 179 158 203 107 243 111 213 85 6 247 136 143 6 59 198 13 6 246 193 214 3 32 221 38 220 9 111 183 125 52 175 215 227 73 227 48 77 142 42 160 243 79 232 8 194 237 1 118 109 254 12 44 109 204 76 58 172 216 78 95 104 45 196 8 133 24 222 78 7 62 100 130 83 53 149 120 30 45 70 60 92 99 105 128 180 59 0 0 0 0 0 0 0 0 0 0 0 0 0 0 0 0
0 0 0 0 0 0 0 0 0 0 0 0 0 0 0 163 148 251 65 81 123 122 109 101 95 218 227 187 173 126 28 79 108 102 141 232 216 184 6 187 2 169 153 205 2 159 164 231 145 244 16 54 150 156 104 238 196 149 60 68 129 94 190 222 114 57 72 161 181 251 56 64 206 7 126 206 53 247 185 201 153 210 74 23 223 152 88 68 126 171 138 112 166 201 188 147 133 82 82 14 74 101 44 146 69 102 137 147 249 87 185 92 179 12 0 0 0 0 0 0 0 0 0 0 0 0 0 0
0 0 0 0 0 0 0 0 0 0 0 0 0 0 0 58 166 141 28 77 86 55 93 136 184 223 189 141 100 235 191 203 203 5 53 46 47 93 217 185 37 227 92 185 13 157 6 85 86 122 222 6 241 58 184 51 165 242 229 34 175 191 9 166 45 239 189 245 8 32 190 32 179 174 47 191 193 211 212 196 151 50 38 226 225 194 238 92 146 0 97 179 41 236 112 194 117 170 154 53 93 136 64 28 225 179 242 104 132 209 72 18 141 214 0 0 0 0 0 0 0 0 0 0 0 0 0 0
0 0 0 0 0 0 0 0 0 0 0 0 0 0 156 113 44 63 234 145 158 16 33 88 14 137 231 18 187 157 217 99 135 159 203 16 239 54 100 11 141 83 40 108 122 11 242 15 110 116 172 125 238 29 59 42 196 5 88 168 234 232 3 149 180 192 32 76 221 14 206 141 143 34 17 63 32 40 79 210 33 144 100 135 111 228 191 94 217 156 17 218 99 48 158 198 231 137 235 26 157 3 43 140 5 172 193 135 151 153 240 35 61 214 215 0 0 0 0 0 0 0 0 0 0 0 0 0
0 0 0 0 0 0 0 0 0 0 0 0 0 102 249 97 10 64 157 80 230 220 243 95 235 134 179 99 75 173 50 61 11 103 170 219 252 51 54 226 48 22 88 158 155 111 122 197 2 75 242 30 30 226 107 63 140 11 182 27 36 88 16 124 207 79 62 36 43 140 183 209 231 51 99 76 247 29 120 28 253 134 21 169 57 80 128 207 151 106 37 11 185 32 94 106 173 210 142 218 136 242 99 148 180 205 101 89 196 252 129 169 36 16 224 139 0 0 0 0 0 0 0 0 0 0 0 0
0 0 0 0 0 0 0 0 0 0 0 0 137 40 77 59 107 61 166 238 195 96 131 5 214 171 155 106 156 160 241 177 66 7 4 104 25 52 31 210 165 173 78 229 17 169 130 24 254 160 202 62 148 196 2 25 72 60 129 230 176 171 82 165 36 225 246 231 10 125 216 80 66 253 61 176 67 118 179 85 128 65 136 139 105 239 15 177 218 195 129 0 187 100 139 23 255 132 157 243 189 53 204 89 74 253 51 132 250 16 44 176 41 132 69 55 2 0 0 0 0 0 0 0 0 0 0 0
0 0 0 0 0 0 0 0 0 0 0 0 5 151 229 120 71 130 2 4 86 225 216 17 109 210 194 164 166 242 71 176 76 144 127 254 136 34 180 22 47 254 182 120 207 78 158 104 17 111 16 110 117 10 222 97 127 19 65 242 108 163 228 59 95 206 123 13 114 215 244 28 146 174 155 114 207 39 123 86 158 247 177 9 190 179 57 92 55 75 1 212 64 15 65 143 161 178 72 159 191 16 72 52 146 61 188 152 72 65 185 134 7 88 86 227 51 0 0 0 0 0 0 0 0 0 0 0
0 0 0 0 0 0 0 0 0 0 0 148 33 113 56 217 62 200 141 115 248 206 114 161 183 93 237 217 197 97 133 114 155 129 40 120 220 132 75 31 51 54 139 242 34 208 144 195 179 150 59 72 158 48 146 213 178 73 145 248 75 153 32 199 97 156 123 149 46 14 109 3 14 132 88 173 122 244 124 205 191 136 11 62 29 138 123 83 74 161 117 105 179 65 159 114 167 59 97 79 188 227 21 20 234 126 196 12 108 225 232 235 1 80 151 200 74 166 0 0 0 0 0 0 0 0 0 0
0 0 0 0 0 0 0 0 0 0 144 14 1 127 250 178 143 9 219 150 37 52 43 187 35 130 130 78 139 175 61 116 220 148 231 98 148 207 77 157 70 3 197 209 195 43 111 185 148 123 66 16 210 63 11 73 98 104 84 131 83 162 111 102 124 176 251 43 37 70 64 84 41 204 202 83 24 148 211 94 113 102 205 143 131 46 239 72 63 139 177 168 188 50 90 219 25 188 69 22 168 41 41 118 104 74 64 171 151 46 72 124 242 125 158 53 147 48 219 0 0 0 0 0 0 0 0 0
0 0 0 0 0 0 0 0 0 0 68 173 20 57 206 226 131 224 221 111 193 57 101 40 128 188 180 138 128 213 5 109 69 126 36 130 162 115 211 251 251 173 51 154 225 196 18 62 216 108 31 248 106 179 160 26 89 216 24 146 77 179 125 160 99 26 89 157 190 195 222 202 196 49 6 252 35 0 50 52 139 1 130 145 96 125 248 27 207 143 28 102 112 162 113 243 75 2 84 204 158 68 213 8 35 185 164 253 201 173 90 219 28 209 193 43 51 239 214 0 0 0 0 0 0 0 0 0
0 0 0 0 0 0 0 0 0 232 78 193 203 134 232 151 16 188 94 101 165 11 71 84 136 221 43 178 85 204 12 75 66 10 220 16 175 75 55 116 163 250 58 2 218 189 136 165 152 130 118 9 29 48 106 202 15 109 128 66 149 158 216 49 164 99 118 8 247 74 250 97 198 18 189 173 83 59 197 173 53 134 195 236 147 31 189 241 246 200 128 23 180 175 68 141 206 96 245 190 142 46 167 192 179 11 223 161 63 74 217 49 18 141 8 237 24 185 57 122 0 0 0 0 0 0 0 0
0 0 0 0 0 0 0 0 0 38 103 47 181 160 34 3 122 98 93 11 107 29 156 56 150 180 228 235 14 45 74 235 109 14 201 45 77 17 255 146 26 239 228 137 160 121 2 250 122 62 183 230 177 202 181 80 219 112 123 254 198 219 14 153 157 10 61 195 222 138 108 135 4 118 197 198 80 33 170 231 144 171 204 219 252 45 63 145 179 175 62 62 199 203 105 87 189 225 54 215 206 212 217 57 53 161 208 171 131 215 212 180 69 255 187 1 165 40 199 195 0 0 0 0 0 0 0 0
0 0 0 0 0 0 0 0 25 223 251 86 174 104 55 73 125 144 28 149 172 244 31 239 209 40 166 73 157 232 177 241 128 138 68 6 109 21 141 120 255 253 90 165 211 225 211 147 233 244 180 80 125 158 180 1 108 158 9 229 14 94 111 30 245 155 131 181 99 227 78 159 69 199 162 67 60 211 246 15 141 105 178 200 223 194 229 31 156 86 225 126 179 222 245 24 171 58 58 220 35 20 48 64 169 178 19 2 108 198 234 16 183 40 59 5 107 91 148 135 243 0 0 0 0 0 0 0
0 0 0 0 0 0 0 159 115 194 154 36 55 10 11 253 39 82 164 137 188 13 141 78 131 66 23 92 23 39 11 251 251 92 145 204 55 240 130 43 84 37 77 15 98 250 220 194 66 33 150 59 237 132 199 24 239 70 99 247 239 38 92 167 222 88 201 94 182 89 136 100 7 11 187 95 206 36 244 139 129 22 26 105 36 188 230 119 219 95 29 137 80 57 2 176 181 33 210 84 60 5 37 102 173 17 59 39 36 66 147 202 16 70 220 128 4 216 239 220 101 40 0 0 0 0 0 0
0 0 0 0 0 0 0 209 157 77 104 230 97 96 16 21 141 40 69 215 225 22 223 178 254 38 74 125 198 180 180 109 191 60 191 76 248 172 115 123 172 106 241 186 3 169 91 241 215 175 46 133 213 220 100 145 50 163 164 199 166 154 245 196 234 190 254 111 5 62 132 115 159 73 137 216 249 65 2 250 139 12 154 178 192 7 247 215 43 102 90 14 225 119 245 5 70 187 46 144 9 150 63 45 63 115 109 26 218 252 225 232 45 118 125 189 145 151 237 179 217 11 0 0 0 0 0 0
0 0 0 0 0 0 180 116 14 148 33 133 150 84 49 237 253 77 7 237 26 217 49 114 77 81 64 97 213 69 7 60 36 60 104 36 17 49 240 114 40 58 248 236 213 85 121 17 15 237 221 35 19 148 32 81 179 117 106 138 93 26 185 142 107 164 109 98 125 173 35 254 117 64 96 98 140 254 197 134 141 138 132 25 36 203 118 34 20 36 106 87 66 132 79 130 121 19 102 85 147 98 222 116 161 147 40 94 20 217 143 180 128 189 210 186 35 190 186 178 90 47 33 0 0 0 0 0
0 0 0 0 0 0 190 71 77 243 76 128 138 198 254 16 58 24 235 190 195 207 206 96 187 29 105 14 73 209 211 134 99 153 179 116 110 136 38 192 40 96 45 33 146 206 80 175 247 146 194 129 20 246 127 40 156 164 245 226 134 25 224 39 203 26 134 200 152 76 153 145 51 255 122 161 239 190 176 98 120 114 29 180 149 37 226 212 190 4 167 166 112 111 180 8 232 101 215 177 162 179 132 2 45 164 84 134 146 138 48 173 114 247 210 97 164 195 103 142 157 160 5 0 0 0 0 0
0 0 0 0 0 0 198 155 172 233 247 204 4 24 87 49 245 28 209 200 80 245 156 230 188 194 58 113 210 152 116 241 129 21 148 62 69 144 219 54 198 138 217 84 128 166 3 58 168 224 203 87 186 140 38 14 126 16 57 110 0 125 205 213 245 61 154 86 187 54 188 6 129 44 47 246 177 154 171 43 211 232 166 146 70 4 130 192 240 49 58 154 80 128 209 112 47 181 228 84 201 164 90 42 102 194 219 205 248 199 191 246 10 99 118 30 220 24 216 167 34 224 153 0 0 0 0 0
0 0 0 0 0 187 228 54 246 96 209 165 14 154 39 207 154 133 30 197 241 10 255 160 44 34 130 164 0 157 134 79 71 232 33 91 236 2 246 118 233 237 96 142 77 168 217 11 64 176 108 11 60 233 15 150 3 123 40 154 190 4 174 95 32 176 121 14 9 184 1 7 4 103 161 196 45 167 109 107 238 96 39 43 140 69 196 161 119 146 130 212 75 44 20 56 11 254 99 167 236 0 73 156 5 81 80 89 41 131 197 202 60 124 90 121 26 122 135 3 92 234 208 14 0 0 0 0
0 0 0 0 0 119 76 95 111 176 118 224 114 200 153 39 91 235 253 116 160 34 231 113 77 85 221 19 66 223 148 218 135 183 10 162 181 14 220 80 199 193 95 101 195 60 81 49 185 16 226 96 3 92 162 103 43 169 137 65 180 225 1 142 212 173 179 169 174 20 208 171 121 66 125 171 31 230 198 26 186 249 51 81 219 147 224 155 39 13 188 189 77 227 52 100 225 5 143 26 51 111 151 117 222 110 226 95 77 175 203 173 202 124 221 126 166 63 95 34 178 47 218 121 0 0 0 0
0 0 0 0 182 24 87 205 148 47 107 35 126 24 173 205 170 22 34 44 115 209 10 253 40 153 166 155 40 74 3 236 222 166 122 136 51 236 18 248 175 249 98 1 119 171 157 198 227 120 227 154 157 67 148 29 171 186 120 250 222 14 74 177 245 25 223 10 165 42 202 20 152 52 14 170 174 92 218 51 165 193 239 102 69 64 90 5 203 212 138 78 151 5 182 142 20 125 103 47 252 56 154 49 93 235 200 128 120 35 128 229 234 3 215 198 77 235 111 34 215 250 78 144 130 0 0 0
0 0 0 0 125 174 27 231 250 102 237 110 189 10 15 158 223 203 95 119 15 251 145 148 5 108 163 149 188 181 4 111 168 129 219 45 168 240 123 121 151 64 17 133 135 243 129 59 110 175 15 132 37 177 125 185 118 253 225 211 175 152 93 6 14 210 32 190 51 212 225 20 55 7 177 138 91 40 107 32 198 227 24 99 24 23 103 174 14 93 89 190 110 38 146 8 137 242 189 104 73 48 209 146 254 134 59 193 59 153 235 199 32 208 248 124 253 157 73 64 20 91 150 101 109 0 0 0
0 0 0 0 12 121 61 153 122 39 36 170 197 206 45 119 235 121 14 0 110 86 29 216 169 105 110 120 207 200 34 25 72 219 14 5 125 31 245 165 137 253 140 48 135 193 181 76 205 9 82 198 245 254 102 70 247 26 215 15 217 40 196 151 249 5 178 201 118 50 119 106 138 244 147 89 36 113 53 151 169 66 46 73 229 36 162 141 142 182 10 231 251 119 85 102 23 210 121 85 110 157 147 94 93 119 50 59 198 186 184 125 165 205 171 92 213 74 253 132 229 47 158 57 250 0 0 0
0 0 0 16 155 89 200 170 230 79 199 139 135 59 76 44 185 244 90 227 6 200 188 144 1 164 157 171 214 240 57 65 118 176 136 168 111 46 170 141 217 89 10 87 248 68 152 153 254 180 168 111 145 6 215 250 235 23 81 81 174 134 246 103 143 226 139 100 116 153 12 122 168 108 3 220 127 242 207 215 2 4 235 39 41 143 67 96 87 112 116 37 106 80 69 5 162 222 79 165 86 133 21 219 16 80 48 158 129 225 143 48 217 17 211 33 245 121 216 196 35 202 140 116 95 81 0 0
0 0 0 23 104 113 115 85 107 210 70 26 247 166 242 219 35 130 110 0 172 150 95 213 17 126 204 194 145 229 48 46 58 70 198 26 107 242 202 174 64 33 177 215 3 81 29 126 211 92 193 221 198 233 130 203 67 244 221 65 248 0 148 141 80 139 124 215 227 138 168 34 42 97 30 70 254 141 220 134 167 231 97 198 1 209 49 3 156 142 59 22 180 244 162 237 201 18 35 54 135 177 209 32 120 51 127 168 188 63 245 17 184 9 81 237 254 106 103 123 115 213 204 46 91 25 0 0
0 0 0 103 7 244 83 130 121 69 177 86 248 160 132 25 117 31 183 37 2 144 50 43 202 176 196 59 147 123 161 105 224 92 33 199 66 76 35 145 217 231 174 196 25 209 119 180 59 217 116 6 61 122 182 53 47 225 58 207 14 194 235 112 113 207 70 240 49 86 93 226 74 169 5 251 88 112 189 77 65 167 145 79 153 61 60 151 27 63 117 187 216 53 203 235 152 187 54 248 139 105 202 109 176 3 230 184 52 115 227 19 199 27 243 159 170 80 62 114 59 192 204 81 170 133 0 0
0 0 0 247 120 47 93 95 81 14 153 99 95 170 247 141 214 85 129 220 27 20 172 44 80 206 4 224 155 183 194 67 237 158 245 250 50 225 171 86 20 37 99 43 41 216 253 161 53 248 81 171 163 242 145 52 174 246 55 128 71 190 124 175 100 103 128 173 122 233 0 67 1 128 196 230 46 67 206 68 36 28 91 91 223 250 106 143 10 133 96 91 147 164 3 131 17 176 117 100 136 80 164 65 76 252 228 37 176 117 120 76 224 177 11 247 251 28 202 212 246 137 109 201 41 39 0 0
0 0 75 45 91 184 193 149 121 221 59 171 236 67 81 70 185 193 149 91 162 16 73 235 51 101 18 63 187 236 173 241 235 188 43 240 58 139 211 231 8 177 20 62 216 187 50 57 136 125 8 127 171 110 153 25 99 129 132 91 254 77 210 25 6 155 232 45 121 215 194 192 194 131 19 199 90 232 151 206 59 148 115 43 144 249 89 125 244 14 189 96 2 63 110 149 145 199 123 91 165 106 90 189 221 221 57 135 161 57 43 55 228 18 183 13 199 103 200 192 177 36 201 236 46 226 44 0
0 0 192 225 123 222 176 143 232 31 155 36 112 156 52 208 137 194 206 101 68 119 167 1 61 26 79 87 41 242 147 46 117 141 40 221 99 154 140 43 15 82 184 86 214 66 55 137 106 14 88 146 67 169 191 20 132 159 60 233 207 66 34 4 37 32 158 12 238 238 204 58 71 147 222 92 59 207 91 27 113 123 246 42 142 63 175 173 254 99 100 218 248 23 143 89 190 151 111 33 14 167 114 145 106 16 142 146 231 54 78 181 13 95 215 254 151 191 192 72 26 46 147 184 38 178 200 0
0 0 193 133 162 198 194 21 251 224 178 207 243 248 209 110 54 74 54 162 114 231 50 41 248 140 159 246 239 0 73 66 90 81 89 76 169 222 26 164 93 53 252 148 243 174 81 34 137 195 107 226 189 114 29 55 152 176 233 201 237 248 138 247 255 13 199 39 242 133 122 153 242 72 224 107 231 233 75 0 44 66 146 236 1 66 7 35 25 204 175 7 131 38 109 35 67 238 218 93 101 153 6 171 41 72 69 103 163 243 0 0 203 130 254 141 217 78 185 124 137 206 45 113 189 206 79 0
0 0 73 70 39 74 150 23 150 124 12 237 61 108 236 103 190 31 250 168 56 174 67 55 127 232 7 224 51 38 176 179 136 63 175 153 5 217 168 154 117 100 82 9 8 118 139 81 139 41 17 190 150 145 21 93 1 123 232 93 73 138 228 80 54 22 86 109 136 227 58 105 13 26 122 3 138 10 160 231 216 180 57 200 130 94 26 254 220 227 162 49 232 74 126 178 243 84 171 220 30 170 253 50 11 237 242 57 59 234 202 13 178 23 139 17 32 66 206 167 234 50 166 182 88 0 144 0
0 40 196 17 94 44 9 94 89 59 220 125 121 120 60 49 247 62 50 37 175 82 141 195 34 98 14 135 132 182 142 155 69 212 53 142 82 173 147 49 251 78 239 8 70 213 65 63 204 166 237 24 251 35 243 86 97 38 58 184 218 161 62 182 122 55 51 59 99 2 60 97 223 204 97 4 134 180 9 114 208 148 166 60 243 207 186 44 70 241 32 200 33 123 78 66 134 119 224 29 217 85 230 244 249 56 242 89 102 134 231 52 13 165 75 122 115 104 15 107 10 253 245 201 147 133 87 225
0 228 11 243 200 3 182 234 159 53 202 179 102 102 236 73 158 31 137 71 97 75 68 10 145 130 4 184 184 163 90 4 128 72 3 51 180 41 111 32 49 11 204 224 70 10 185 122 159 24 135 245 69 33 122 184 105 33 40 78 214 136 55 109 93 205 253 168 93 218 183 195 195 64 237 64 254 130 4 207 7 191 101 118 104 158 126 50 141 145 239 194 205 89 230 93 255 221 102 106 22 124 124 84 25 26 114 45 41 167 33 69 193 103 218 100 163 71 163 181 203 28 188 208 252 171 71 36
0 172 242 62 20 17 182 212 79 3 248 76 9 172 248 250 172 178 232 190 114 152 174 126 72 189 253 148 220 108 9 74 146 236 240 2 65 42 197 243 122 41 236 20 102 253 183 19 213 153 186 152 21 84 252 150 247 139 32 166 146 23 58 123 36 151 251 88 37 89 186 39 201 239 226 122 137 2 108 106 26 72 219 175 106 206 168 224 40 168 248 42 179 93 67 25 58 21 22 239 56 166 152 177 178 247 69 59 92 30 22 103 237 46 42 87 177 174 8 30 63 177 42 47 20 253 86 119
0 25 49 240 204 175 136 218 171 217 44 232 241 0 245 51 134 1 46 144 98 63 235 103 254 169 132 86 60 166 210 97 12 223 134 200 16 25 57 17 232 75 228 159 180 50 187 7 62 189 161 244 72 125 12 213 186 83 175 160 8 78 158 10 116 55 221 147 29 183 96 197 60 240 155 205 128 216 32 92 121 243 64 16 231 110 36 24 70 149 62 19 248 34 148 251 220 228 62 156 255 105 52 41 136 204 103 210 148 194 71 140 214 40 126 118 71 74 246 172 44 120 198 210 36 135 75 148
0 197 82 18 153 65 179 142 29 93 242 62 22 119 163 161 241 30 217 178 134 202 171 156 188 8 46 176 136 82 7 51 67 110 25 166 92 240 67 44 194 228 157 244 198 112 185 123 8 248 136 78 68 87 123 246 7 130 234 229 76 8 251 244 79 89 57 240 90 56 157 112 21 215 123 150 239 255 178 167 142 18 95 168 54 175 221 39 96 10 131 21 236 24 196 181 225 136 41 251 150 56 87 143 143 55 175 93 23 42 248 106 96 229 10 248 82 130 204 202 11 184 191 227 128 240 230 148
0 150 36 64 217 110 147 188 90 175 215 92 83 149 126 239 219 54 244 110 91 60 122 212 7 164 163 103 112 105 113 138 125 229 25 171 4 120 133 228 234 87 188 210 34 20 218 22 84 88 126 120 12 82 121 50 192 140 170 32 185 108 221 160 106 176 0 78 159 178 181 216 86 149 30 201 190 168 48 39 247 179 56 224 108 138 7 244 232 162 68 119 226 248 226 117 226 232 121 12 32 243 51 123 71 108 9 6 164 231 42 244 23 168 242 133 86 185 184 133 89 185 210 50 186 99 103 104
0 113 225 31 21 0 242 64 50 77 175 157 36 16 162 66 159 104 86 5 243 9 238 177 225 145 151 75 246 213 183 177 76 20 85 161 247 238 171 255 242 92 71 159 57 124 96 168 89 97 92 189 215 215 213 206 173 184 112 235 111 11 28 155 59 149 81 100 102 178 33 23 82 192 157 26 221 137 189 164 26 255 236 128 203 115 203 97 148 241 79 167 210 117 176 156 117 136 178 24 91 94 238 163 30 102 240 143 179 130 0 207 109 68 127 59 112 74 113 83 199 212 29 247 47 45 172 233
0 216 173 87 164 63 18 237 60 55 9 67 209 51 250 3 122 133 201 185 208 12 142 48 169 62 61 162 189 158 242 248 61 194 245 254 184 75 238 219 13 25 111 153 237 48 82 98 119 246 102 7 41 121 41 97 230 223 36 22 176 47 82 91 50 56 58 183 200 56 253 12 174 143 151 147 229 147 174 26 18 133 26 164 240 85 106 255 222 47 30 29 204 138 78 133 10 229 144 213 11 157 214 100 14 240 95 111 117 108 187 67 38 232 100 206 77 38 209 209 29 173 134 194 224 235 103 186
0 208 96 43 134 239 225 55 113 77 90 69 17 52 230 201 246 203 16 242 108 173 39 234 78 122 61 81 204 216 182 51 247 2 212 205 223 13 190 96 19 57 172 43 208 159 71 123 220 118 13 218 162 198 230 46 42 134 38 217 120 153 241 112 161 18 15 219 251 83 92 153 116 123 56 130 117 24 170 139 238 32 78 73 244 173 41 187 96 28 167 119 52 89 202 206 3 64 78 69 62 115 144 147 146 183 14 136 35 54 21 144 27 245 12 175 255 68 13 254 65 81 56 201 241 124 178 44
0 130 219 35 137 74 177 8 152 220 154 217 60 110 212 185 239 233 85 244 140 16 106 31 149 101 150 6 153 190 189 96 19 224 27 136 23 213 214 96 112 123 198 103 140 225 1 55 42 41 153 144 7 121 31 79 196 194 239 112 217 160 108 224 197 27 34 242 190 97 206 157 17 56 251 223 49 188 253 195 210 22 164 199 170 55 202 69 128 166 164 212 58 235 92 247 196 183 253 90 154 221 2 159 87 151 220 186 144 99 163 222 54 156 236 168 74 90 218 19 214 194 68 215 49 255 239 222
0 86 12 59 246 167 186 223 211 123 147 253 62 94 172 208 34 202 80 155 82 35 195 49 106 252 145 167 62 252 24 24 89 213 56 101 225 220 89 46 59 31 152 119 46 90 60 103 175 177 158 36 127 182 0 32 187 233 146 248 175 114 124 227 75 77 200 126 109 33 67 225 42 62 255 36 41 39 166 132 30 4 77 58 5 135 244 193 249 254 214 108 47 4 166 135 83 140 38 112 252 4 33 14 108 49 241 132 113 235 42 11 145 100 75 231 68 132 194 252 211 40 96 44 131 38 167 32
28 65 60 220 11 24 171 184 156 132 191 47 208 215 132 46 55 168 231 122 168 140 242 95 204 117 208 43 133 11 0 20 68 248 219 47 220 157 59 184 144 170 128 140 73 237 36 80 130 83 30 83 36 236 36 225 30 135 213 172 92 99 201 142 14 165 235 128 179 81 26 84 13 65 218 183 42 147 162 226 203 253 206 100 251 12 185 156 243 184 188 6 69 132 15 254 240 142 25 160 241 122 186 176 85 114 184 183 5 149 254 6 189 151 148 168 48 90 249 188 167 146 65 53 242 139 176 248
0 45 50 57 168 197 144 208 7 150 67 218 149 248 165 191 130 46 149 233 10 49 231 37 247 34 247 227 34 210 61 44 23 152 252 162 24 25 139 167 153 200 166 34 252 12 175 208 227 21 215 155 209 35 191 95 248 113 141 127 150 212 186 61 6 186 146 193 28 2 173 166 94 167 7 244 67 234 246 174 212 176 177 163 200 162 102 29 53 39 171 154 40 189 234 222 122 151 111 85 34 35 45 62 189 163 38 82 24 71 92 198 225 189 92 193 236 142 208 248 61 14 10 125 79 40 180 16
0 42 121 219 148 101 122 55 209 240 198 205 252 202 60 139 176 233 219 246 10 65 97 118 135 125 61 143 77 14 119 250 104 100 56 35 80 52 111 148 89 245 13 208 38 222 130 115 23 50 39 72 223 1 150 6 169 202 200 147 143 188 42 70 222 194 63 134 230 35 28 199 237 13 222 197 84 51 205 177 69 10 246 140 16 247 204 11 138 151 10 27 46 147 60 47 199 100 104 156 146 177 179 154 153 218 135 200 214 185 166 34 185 37 103 66 93 240 250 49 44 248 234 211 241 113 134 40
0 44 182 169 194 102 140 12 173 230 153 144 1 193 129 48 59 128 201 193 138 96 16 139 1 98 251 117 67 70 200 1 108 147 26 188 95 175 94 54 97 3 18 147 216 222 142 28 145 104 74 11 83 22 100 75 212 22 21 255 252 45 161 98 182 132 37 202 220 89 108 210 175 139 126 106 215 95 135 235 61 157 170 171 147 216 252 116 174 29 220 237 237 172 208 243 20 183 191 158 146 120 195 186 90 160 234 135 246 177 170 44 89 64 73 8 16 223 185 140 127 125 152 253 9 206 17 19
0 97 85 32 168 46 25 211 36 151 236 19 85 30 111 211 123 141 145 23 192 22 48 89 130 160 145 176 111 15 5 90 25 211 100 32 24 74 240 166 162 128 48 130 110 158 66 240 35 245 30 203 225 120 2 199 127 82 245 117 245 251 27 133 241 0 246 231 10 254 70 0 247 108 92 107 193 79 200 17 54 132 208 168 250 8 142 15 77 207 166 70 240 36 174 8 111 43 125 146 243 233 176 114 42 148 55 207 215 182 211 88 51 41 185 185 27 116 78 189 23 123 18 0 69 83 10 122
0 224 236 166 123 240 58 148 60 0 208 40 14 149 53 219 248 79 232 239 180 72 53 14 17 245 95 69 68 129 233 125 132 188 248 201 232 151 15 84 139 97 7 122 147 112 42 77 217 23 33 71 79 102 127 120 45 138 225 112 180 127 95 234 247 211 177 149 152 48 104 136 114 6 53 249 157 103 149 33 99 214 141 224 98 185 1 153 40 244 184 223 24 86 55 178 172 6 163 37 171 169 90 136 118 2 16 155 33 192 119 124 205 91 56 213 249 135 237 238 41 248 45 138 28 24 206 215
0 240 23 220 40 136 138 7 253 249 127 86 36 225 103 115 84 33 240 223 21 47 68 129 59 4 150 135 41 127 4 152 100 115 242 81 214 215 48 171 127 253 194 182 173 125 0 12 117 208 208 179 55 98 58 179 97 16 183 120 168 148 162 192 225 42 102 124 19 56 198 185 192 19 201 235 145 155 100 255 7 145 169 168 93 231 85 162 18 215 222 66 158 89 250 158 234 16 88 224 155 90 232 95 231 64 200 216 115 65 236 186 175 10 97 180 232 15 164 136 170 226 107 234 71 217 41 93
0 183 231 161 26 94 79 190 51 183 131 87 164 197 255 95 223 230 35 154 10 145 174 237 175 217 69 61 198 81 253 174 23 203 63 67 114 51 201 207 44 143 18 239 145 110 122 106 82 89 94 191 195 154 57 49 40 108 182 148 37 85 91 129 133 43 52 158 254 234 253 244 215 123 221 86 57 245 181 186 90 6 204 93 23 162 71 71 99 133 207 172 213 183 144 222 72 101 136 4 58 10 253 146 97 116 143 98 201 147 35 166 103 185 223 161 94 23 14 175 44 67 253 52 100 132 209 49
0 220 216 179 211 240 235 180 23 163 139 201 20 230 235 92 54 112 63 52 158 151 146 248 236 57 120 67 197 102 177 222 90 240 170 175 147 211 217 149 229 130 50 123 150 169 152 18 140 195 130 98 50 236 82 165 132 20 243 22 249 97 0 53 36 65 102 143 139 59 200 164 156 30 115 255 104 94 25 116 210 4 74 95 184 16 81 18 123 108 152 83 79 175 196 80 85 205 211 40 61 66 128 192 92 219 43 61 175 34 111 251 165 218 123 47 10 110 106 15 153 72 37 47 56 43 60 248
0 150 212 161 253 67 147 96 110 15 229 106 86 72 93 6 255 155 233 12 110 86 231 77 193 58 56 92 140 200 101 173 88 131 216 148 241 88 6 216 220 37 111 25 78 25 129 207 83 238 166 168 255 233 32 238 145 119 162 56 7 121 158 250 11 217 168 2 242 239 39 45 17 251 98 183 224 254 119 143 188 116 31 24 213 109 176 102 189 94 170 92 146 197 106 81 23 188 99 36 65 46 124 140 140 222 178 101 101 71 104 195 107 215 63 225 76 184 134 167 72 159 72 34 168 57 9 43
0 12 188 227 124 69 162 25 40 243 174 155 73 31 217 175 117 147 15 167 3 231 135 26 190 120 154 209 130 152 143 171 215 243 59 230 69 99 187 94 66 132 246 163 101 69 86 227 199 30 245 138 113 54 227 210 42 4 191 17 186 78 254 199 129 117 171 99 203 79 221 117 138 224 47 217 21 91 245 245 33 28 145 12 116 28 184 143 145 189 184 169 144 87 88 249 193 6 76 221 62 231 117 65 110 50 129 201 71 230 168 140 50 245 201 64 73 127 114 136 126 54 130 202 161 36 74 138
0 45 255 213 64 147 89 107 152 12 34 128 77 238 147 224 252 45 39 208 120 16 126 185 50 230 90 191 74 183 158 148 25 8 161 89 239 237 18 239 65 120 163 147 43 40 66 122 145 211 214 22 230 224 204 202 241 148 25 166 119 116 118 140 26 6 113 127 79 61 134 82 77 77 95 142 224 200 98 222 24 252 125 118 65 141 206 102 155 54 29 234 230 75 86 8 123 97 254 202 186 1 128 11 182 49 5 238 121 181 112 176 146 6 26 23 6 159 73 60 242 129 123 251 75 117 179 106
0 0 5 92 245 221 104 84 25 44 222 60 38 23 68 111 33 200 111 48 96 40 99 211 145 42 183 47 160 214 183 4 221 159 247 65 253 17 178 120 49 108 219 91 82 42 88 182 169 153 150 89 140 39 226 246 203 126 237 201 251 216 70 93 104 23 230 119 155 70 176 251 52 75 112 99 49 192 48 112 9 113 163 46 201 252 46 21 153 103 44 75 50 29 177 47 54 204 31 199 159 161 208 153 162 55 161 104 0 85 250 152 104 134 107 195 105 195 164 243 102 179 8 29 9 73 0 0
0 0 149 86 71 233 219 139 204 46 216 127 63 117 101 189 52 194 190 14 240 168 182 85 175 65 97 68 18 208 63 119 134 183 176 208 211 147 52 142 6 160 40 195 204 122 64 107 139 101 110 153 47 161 234 73 42 155 238 95 106 107 154 113 125 34 44 245 211 20 103 102 42 216 210 211 42 106 221 110 99 231 156 215 26 221 87 169 148 52 249 184 219 64 97 187 50 55 8 13 142 209 138 242 140 112 121 158 71 252 165 74 142 62 84 147 146 113 47 71 252 126 159 238 234 65 42 0
0 0 95 135 211 203 158 17 243 53 207 126 230 38 98 215 49 157 178 252 207 254 70 65 228 73 127 210 143 117 220 151 11 133 47 144 196 131 86 235 232 22 127 246 134 251 35 193 78 88 167 231 64 218 173 157 121 212 55 104 190 247 66 34 188 249 239 100 67 150 234 104 92 103 229 161 156 238 192 149 136 19 102 209 67 42 71 37 192 176 151 4 148 73 95 44 54 106 36 146 249 13 122 148 67 147 73 80 127 147 145 244 204 95 206 88 40 201 67 133 149 191 132 177 44 174 203 0
0 0 109 87 28 47 35 133 160 128 87 121 2 141 73 70 179 152 152 148 208 208 212 6 93 40 244 208 79 32 177 218 71 119 234 134 139 110 175 3 22 149 106 240 184 29 68 131 243 131 144 99 28 232 175 81 172 126 146 51 80 54 164 108 139 200 63 221 152 249 8 227 248 10 53 107 151 232 78 255 55 86 120 138 69 233 81 199 209 190 151 80 233 174 62 205 125 149 232 166 84 53 63 22 70 23 192 66 11 191 122 229 161 201 116 120 65 171 223 97 79 219 244 186 99 103 154 0
0 0 0 192 223 182 94 14 229 195 147 19 75 241 121 100 42 142 209 120 87 218 67 172 136 87 89 145 105 59 157 157 17 47 15 94 220 79 120 21 12 191 101 129 92 234 228 60 156 94 243 115 143 201 79 18 123 102 48 83 84 14 240 81 61 1 84 250 2 140 24 56 250 132 86 205 94 244 191 158 71 180 196 106 67 68 109 105 76 93 107 165 112 60 166 236 235 205 185 252 100 56 97 129 218 115 204 97 177 46 89 101 217 70 171 142 172 177 42 30 177 72 173 72 140 92 0 0
0 0 0 89 164 12 26 17 252 5 113 45 133 48 142 93 147 154 66 125 34 69 65 172 219 80 20 208 76 171 84 3 30 196 183 222 227 8 127 98 65 100 119 182 162 139 83 180 32 89 208 71 138 63 6 182 48 201 240 118 63 84 60 213 93 94 165 147 154 58 125 28 173 170 219 135 125 237 1 29 132 234 182 70 179 92 137 175 104 125 221 28 200 169 235 242 166 20 202 236 204 141 28 117 233 37 113 69 105 10 32 21 231 55 162 81 57 62 5 192 117 167 223 191 122 32 0 0
0 0 0 50 145 139 28 234 152 123 18 253 49 69 19 125 15 25 212 181 21 251 242 101 101 140 254 120 134 234 58 173 35 39 156 249 203 100 105 15 61 93 12 97 148 20 228 50 56 53 224 1 253 253 175 117 181 121 28 146 233 19 157 13 207 192 133 151 234 109 242 68 38 189 10 255 1 11 230 96 137 121 10 142 86 223 94 26 33 250 93 191 171 12 135 220 132 4 175 120 230 220 92 240 43 181 165 239 218 203 141 222 32 169 130 162 212 113 155 119 35 252 22 87 170 131 0 0
0 0 0 85 0 210 90 209 83 124 109 218 121 12 111 20 224 113 139 150 84 112 157 92 149 2 188 66 27 217 33 148 100 124 90 235 102 215 173 110 13 223 106 35 14 10 225 227 104 208 152 236 199 250 176 64 44 170 94 64 191 112 57 254 201 142 125 54 86 186 252 83 242 234 125 81 195 220 152 21 238 185 186 233 120 251 238 123 63 131 155 95 25 197 115 253 83 108 127 98 149 45 19 143 176 5 94 118 84 92 106 4 54 173 144 116 73 108 220 17 109 255 14 53 229 164 0 0
0 0 0 0 192 68 33 207 184 182 146 205 77 58 141 215 1 126 37 101 210 13 153 99 189 147 213 105 170 8 85 112 168 66 80 188 192 33 147 208 0 62 253 163 146 113 119 44 235 94 48 48 183 155 74 46 211 191 13 55 143 70 69 227 102 210 220 22 186 4 107 227 177 194 205 187 1 68 205 123 81 130 225 206 47 237 166 237 26 207 147 86 235 8 245 82 31 95 198 55 191 234 24 204 72 122 146 33 2 46 123 41 29 233 190 152 134 157 111 222 81 65 41 198 222 0 0 0
0 0 0 0 236 80 214 188 41 3 178 64 68 79 34 241 168 139 130 77 215 120 186 82 102 220 182 227 86 99 124 248 227 221 189 114 53 220 6 74 133 191 113 72 233 19 234 170 102 82 130 179 44 20 66 171 57 230 65 69 135 163 213 28 106 189 75 16 70 224 211 250 61 53 28 142 160 75 153 86 238 186 33 55 39 121 129 214 254 106 16 5 226 150 31 218 91 50 147 63 17 252 64 159 108 31 21 22 215 21 110 169 235 179 244 32 33 94 45 151 77 50 20 48 78 0 0 0
0 0 0 0 148 125 245 31 82 230 176 83 178 30 250 71 254 29 55 103 165 49 157 190 45 137 180 113 70 51 3 26 200 165 47 161 183 112 165 180 109 188 127 168 230 143 199 10 203 231 189 77 82 164 102 23 165 87 49 32 55 40 16 250 169 70 12 59 13 200 229 154 26 62 218 34 146 56 159 193 236 170 52 52 253 96 55 0 135 171 81 151 63 132 224 178 110 130 95 240 81 16 109 168 154 215 104 167 106 180 113 60 170 47 91 81 97 77 231 82 103 61 220 205 103 0 0 0
0 0 0 0 0 131 205 245 157 237 50 26 94 237 172 1 196 210 83 123 131 9 195 235 106 89 209 162 228 90 34 229 24 251 76 108 188 229 255 17 227 62 208 212 193 48 107 224 165 59 208 144 85 129 23 219 250 108 28 237 90 235 168 170 92 2 212 100 126 49 223 16 237 234 130 230 171 93 192 150 169 182 16 145 25 205 5 149 120 151 152 185 37 11 253 228 76 158 218 166 124 127 103 48 164 212 81 27 224 82 34 16 228 125 143 61 196 44 173 47 35 219 230 209 0 0 0 0
0 0 0 0 0 132 251 67 165 85 4 102 54 55 14 28 54 163 242 68 16 3 199 180 226 105 58 57 217 202 204 14 37 190 46 100 198 222 204 151 124 149 192 85 228 83 20 57 152 54 97 235 133 195 76 202 88 31 169 123 137 194 14 168 27 234 12 180 245 159 245 121 253 128 92 246 115 107 50 255 84 115 71 42 56 24 118 173 97 201 225 241 144 176 193 101 199 2 106 97 42 251 41 33 92 161 186 141 26 60 80 54 75 45 227 195 27 178 68 29 46 239 50 201 0 0 0 0
0 0 0 0 0 0 216 225 242 205 59 17 186 133 252 195 94 10 132 76 89 222 150 15 163 206 59 140 24 229 118 87 252 138 19 249 4 96 92 133 117 111 38 186 28 34 162 55 192 146 102 90 255 236 130 83 112 42 221 7 32 93 112 115 68 111 73 248 42 98 146 71 6 166 231 88 17 177 192 252 243 189 118 23 167 129 92 218 232 235 96 9 58 3 25 89 254 138 246 194 216 111 67 211 132 212 56 255 164 14 163 234 209 213 4 141 73 6 105 58 243 240 165 0 0 0 0 0
0 0 0 0 0 0 67 97 225 67 193 244 29 200 8 68 65 221 73 65 2 20 227 21 156 82 13 245 24 102 161 64 168 216 152 49 209 163 223 98 50 156 112 186 176 224 245 180 244 92 27 82 62 41 14 165 10 89 16 97 212 182 213 4 210 225 116 142 178 26 224 129 151 48 52 224 128 189 156 193 75 63 29 116 108 130 50 254 224 92 55 231 57 81 217 99 58 214 213 197 30 70 105 176 141 175 203 173 248 231 236 212 60 94 185 225 79 47 244 7 205 83 116 0 0 0 0 0
0 0 0 0 0 0 242 247 221 140 90 28 98 44 21 213 113 194 103 59 233 194 175 31 172 201 149 49 231 4 78 225 241 4 228 219 198 167 146 100 155 199 87 68 21 240 56 30 53 222 243 24 174 118 168 46 112 224 129 139 107 120 214 89 115 203 201 122 163 66 11 247 95 111 162 192 249 177 117 110 1 155 52 138 174 163 194 111 21 105 237 196 60 51 249 152 2 205 218 195 124 35 120 92 58 60 248 178 36 28 243 117 8 231 254 23 13 18 190 160 173 104 38 0 0 0 0 0
0 0 0 0 0 0 0 100 140 58 195 173 198 185 57 168 55 68 83 181 42 114 109 248 156 214 204 38 203 116 61 17 134 190 140 140 31 48 177 105 110 55 199 116 195 97 245 12 25 29 145 214 130 39 134 81 149 70 140 246 175 210 6 9 116 234 77 19 229 46 205 240 230 15 112 155 164 215 200 36 1 224 35 13 93 57 85 252 25 38 210 32 42 30 129 224 183 171 137 16 182 255 187 227 27 195 168 74 36 163 23 192 187 24 250 29 235 145 207 184 144 65 0 0 0 0 0 0
0 0 0 0 0 0 0 41 14 147 128 113 145 89 101 15 180 234 244 59 67 102 33 115 125 47 96 218 204 176 91 139 130 207 127 151 225 227 71 235 25 36 29 89 84 171 4 207 38 209 188 122 109 70 169 171 79 79 48 29 231 132 235 48 17 252 101 192 170 183 70 34 198 32 45 31 126 201 35 31 82 75 106 36 155 17 133 126 237 172 225 244 140 122 86 205 184 108 7 122 186 13 47 106 202 168 76 18 44 75 121 61 229 140 200 12 107 100 178 20 212 237 0 0 0 0 0 0
0 0 0 0 0 0 0 0 145 149 177 254 221 14 101 143 69 131 229 181 50 200 33 11 24 133 196 113 0 106 188 232 81 73 130 164 206 158 152 69 71 146 195 219 195 70 92 94 143 134 148 73 3 60 179 95 225 88 100 200 241 209 150 153 175 161 21 248 169 177 130 233 105 107 36 226 128 215 68 46 198 156 234 140 234 4 111 115 49 101 54 195 68 112 239 238 143 4 71 21 168 43 108 137 96 241 2 147 5 179 239 178 154 155 40 180 54 97 89 12 33 0 0 0 0 0 0 0
0 0 0 0 0 0 0 0 0 225 160 67 162 80 118 131 250 120 8 106 131 220 221 201 204 43 117 10 180 127 216 46 116 47 221 238 238 195 251 234 27 63 201 140 125 21 102 78 171 121 30 37 155 42 244 73 194 37 115 169 127 16 1 177 93 207 225 177 231 194 218 196 154 127 174 53 235 229 217 244 177 173 108 61 41 75 128 49 181 237 89 229 1 249 163 35 127 141 196 130 63 254 199 235 151 92 166 195 64 5 86 139 150 52 244 50 141 223 231 113 0 0 0 0 0 0 0 0
0 0 0 0 0 0 0 0 0 22 253 90 144 229 200 171 215 204 147 134 71 27 183 25 109 9 246 134 147 71 141 64 210 67 168 167 201 69 148 75 246 131 245 122 39 60 209 40 126 22 225 135 77 121 69 120 233 138 167 197 203 141 208 253 184 238 154 12 248 77 226 210 13 36 79 90 77 224 251 21 134 203 169 96 173 164 83 12 30 179 34 166 103 206 121 135 6 207 97 131 56 222 141 33 118 13 123 143 109 181 107 119 102 87 78 171 159 253 91 95 0 0 0 0 0 0 0 0
0 0 0 0 0 0 0 0 0 0 77 61 5 76 188 191 150 36 253 213 212 147 48 181 218 109 216 169 112 84 213 247 234 147 81 77 104 208 142 183 150 146 10 220 61 186 198 0 231 27 64 193 148 3 49 224 90 112 78 0 246 36 177 84 142 219 104 98 208 76 170 54 97 40 178 136 162 6 16 241 133 208 22 215 240 107 133 132 186 231 81 120 56 236 128 191 202 197 203 198 177 161 127 122 4 153 236 27 237 61 142 175 29 136 255 159 251 124 173 0 0 0 0 0 0 0 0 0
0 0 0 0 0 0 0 0 0 0 28 104 118 132 238 218 59 170 29 104 6 200 216 170 237 197 130 169 101 132 60 36 13 73 86 88 143 122 15 173 112 42 14 113 29 194 86 108 161 160 250 127 44 243 230 241 228 79 79 204 235 123 8 64 35 28 215 29 22 160 80 97 105 236 29 244 186 88 59 250 60 188 142 136 209 28 217 246 137 40 181 167 50 239 151 70 134 58 249 53 149 23 150 148 66 252 26 203 62 90 62 63 112 141 68 189 95 243 228 0 0 0 0 0 0 0 0 0
0 0 0 0 0 0 0 0 0 0 0 130 130 228 122 221 245 5 103 251 162 212 172 112 178 232 64 124 5 79 48 19 197 84 104 247 179 194 144 107 45 4 41 62 96 159 191 79 122 22 95 123 146 78 88 116 57 189 58 236 7 122 45 49 167 188 112 7 158 44 201 167 57 146 63 26 242 56 114 65 97 107 117 178 58 142 34 156 77 1 208 254 81 235 171 243 222 241 203 229 111 136 154 25 68 56 104 109 10 123 250 198 141 145 162 42 43 1 0 0 0 0 0 0 0 0 0 0
0 0 0 0 0 0 0 0 0 0 0 0 221 4 186 171 224 228 228 15 203 248 140 217 214 213 163 48 250 197 74 174 205 227 221 133 92 189 133 72 19 169 245 65 22 252 64 120 3 129 204 177 25 120 3 163 153 135 87 175 223 40 164 108 223 100 178 165 225 205 80 225 127 79 148 198 213 93 89 44 182 55 3 212 4 234 81 180 245 233 75 15 64 129 110 32 141 190 91 170 106 53 235 90 142 143 18 240 113 145 252 119 53 82 209 167 123 0 0 0 0 0 0 0 0 0 0 0
0 0 0 0 0 0 0 0 0 0 0 0 247 156 109 165 197 183 42 129 92 66 2 85 88 231 248 27 169 73 200 230 241 133 119 102 164 108 132 73 241 218 183 107 1 164 90 156 52 195 206 70 19 165 69 179 225 169 74 54 226 236 211 96 72 49 43 247 52 12 142 115 59 250 49 91 164 23 46 251 238 72 155 70 80 37 64 131 55 93 15 29 87 32 5 235 21 47 87 245 108 40 39 202 247 109 106 147 77 241 239 189 104 222 225 242 64 0 0 0 0 0 0 0 0 0 0 0
0 0 0 0 0 0 0 0 0 0 0 0 0 223 253 179 163 247 67 96 102 216 54 68 106 171 45 134 60 31 217 110 175 63 207 9 100 155 244 205 27 66 45 54 141 240 85 177 105 156 165 153 196 172 71 108 150 134 83 142 53 94 41 166 13 207 123 120 44 210 141 195 73 151 252 89 211 96 222 17 109 24 179 30 103 57 142 131 28 145 152 155 25 186 255 241 12 37 230 238 31 78 129 149 98 68 5 197 143 41 121 223 167 153 241 38 0 0 0 0 0 0 0 0 0 0 0 0
0 0 0 0 0 0 0 0 0 0 0 0 0 0 103 203 47 35 219 59 119 68 203 43 223 13 166 78 195 124 83 205 206 58 4 107 147 248 232 41 95 14 83 14 113 33 14 47 124 249 37 144 31 163 248 73 13 217 63 84 52 240 125 34 151 100 124 162 148 9 42 112 112 7 155 235 117 14 203 135 71 47 71 70 152 52 38 3 129 187 89 69 170 113 49 121 220 220 31 2 9 214 46 208 51 239 114 215 187 217 0 46 94 62 219 0 0 0 0 0 0 0 0 0 0 0 0 0
0 0 0 0 0 0 0 0 0 0 0 0 0 0 0 218 21 116 217 21 67 238 9 232 229 170 111 150 84 92 141 22 234 129 32 142 100 7 46 64 92 165 118 177 71 198 239 174 98 71 87 18 3 43 12 94 212 219 14 16 138 213 210 90 220 49 138 208 22 25 239 141 185 221 192 207 132 154 168 218 227 229 106 52 82 74 58 71 122 254 102 180 90 130 99 21 72 33 207 61 3 47 255 155 110 39 4 27 18 205 52 194 67 53 0 0 0 0 0 0 0 0 0 0 0 0 0 0
0 0 0 0 0 0 0 0 0 0 0 0 0 0 0 149 112 36 51 246 160 212 169 162 9 81 75 64 99 235 16 226 219 209 254 241 39 24 2 142 177 0 99 254 105 213 170 29 205 144 110 97 235 226 161 213 214 245 8 174 171 178 33 223 68 182 110 210 33 96 39 60 149 73 0 73 27 57 135 175 39 255 91 25 251 136 186 35 158 188 38 199 190 198 2 244 251 167 210 33 81 125 59 238 125 23 165 15 144 91 53 176 82 74 0 0 0 0 0 0 0 0 0 0 0 0 0 0
0 0 0 0 0 0 0 0 0 0 0 0 0 0 0 0 16 39 179 147 235 156 47 221 94 116 33 159 23 182 151 185 27 81 193 95 246 160 149 144 72 243 131 218 4 210 24 157 100 177 234 225 208 22 125 86 1 228 148 212 251 235 5 231 230 33 121 142 74 155 83 42 226 125 43 72 33 180 122 207 2 11 113 57 9 229 190 41 95 255 204 172 214 153 211 177 44 79 84 81 228 239 223 173 252 86 211 94 10 240 190 231 203 0 0 0 0 0 0 0 0 0 0 0 0 0 0 0
0 0 0 0 0 0 0 0 0 0 0 0 0 0 0 0 0 37 179 167 168 52 38 246 119 187 63 50 99 60 205 170 147 125 160 165 192 186 80 108 71 15 46 104 50 61 156 151 160 35 122 115 203 19 174 104 62 216 2 53 38 75 109 145 161 179 94 37 25 37 134 184 10 62 167 239 118 226 223 59 215 91 196 15 147 58 34 74 226 254 213 111 73 35 222 87 192 254 245 177 170 100 137 183 203 99 34 23 64 57 4 133 0 0 0 0 0 0 0 0 0 0 0 0 0 0 0 0
0 0 0 0 0 0 0 0 0 0 0 0 0 0 0 0 0 0 242 140 30 4 173 246 9 153 208 62 10 149 171 42 141 89 174 234 65 114 172 219 46 111 212 185 134 231 213 67 217 176 247 119 55 99 252 113 109 190 67 212 225 90 35 186 150 51 40 86 108 118 117 247 222 186 32 66 164 112 136 145 223 15 127 37 36 1 112 228 164 169 222 185 9 182 43 129 249 66 206 47 87 190 121 150 239 84 254 72 155 236 137 0 0 0 0 0 0 0 0 0 0 0 0 0 0 0 0 0
0 0 0 0 0 0 0 0 0 0 0 0 0 0 0 0 0 0 0 198 217 91 146 60 70 187 106 161 71 209 38 4 216 96 222 236 153 183 109 109 103 138 150 7 26 214 164 6 55 186 41 19 120 254 121 171 125 212 114 212 171 247 26 219 30 217 214 77 35 99 216 49 0 32 31 133 71 13 193 233 200 159 95 47 64 63 224 28 116 175 41 208 35 2 117 202 213 98 147 74 11 84 122 173 243 69 58 84 86 192 0 0 0 0 0 0 0 0 0 0 0 0 0 0 0 0 0 0
0 0 0 0 0 0 0 0 0 0 0 0 0 0 0 0 0 0 0 0 53 39 54 136 108 145 39 74 53 109 43 1 240 154 52 206 152 78 88 97 150 165 104 43 204 228 59 238 99 122 241 188 75 32 190 70 225 40 73 113 120 106 75 49 88 70 33 28 113 239 188 117 63 135 214 158 220 180 216 50 137 136 5 9 117 211 20 110 197 154 105 27 176 237 242 22 184 108 153 49 211 91 187 80 111 123 129 59 46 0 0 0 0 0 0 0 0 0 0 0 0 0 0 0 0 0 0 0
0 0 0 0 0 0 0 0 0 0 0 0 0 0 0 0 0 0 0 0 0 240 182 212 230 42 160 168 235 207 246 195 103 110 13 235 55 220 30 31 100 254 152 42 94 231 98 19 41 28 28 233 67 56 168 107 91 213 108 154 103 137 172 36 239 28 151 158 130 196 175 220 192 62 30 152 74 213 233 148 112 60 50 235 25 22 62 103 129 57 161 127 169 168 12 243 6 173 146 84 172 223 23 182 227 26 211 15 0 0 0 0 0 0 0 0 0 0 0 0 0 0 0 0 0 0 0 0
0 0 0 0 0 0 0 0 0 0 0 0 0 0 0 0 0 0 0 0 0 0 226 161 223 180 46 241 243 145 229 44 173 153 200 44 27 86 126 208 196 70 17 191 130 102 92 197 55 136 101 0 45 213 9 187 233 100 2 41 130 119 72 241 220 135 94 39 129 120 117 168 231 23 208 24 192 152 233 30 188 114 76 92 248 145 217 68 230 210 133 225 173 34 42 251 144 82 109 24 38 180 251 147 4 107 35 0 0 0 0 0 0 0 0 0 0 0 0 0 0 0 0 0 0 0 0 0
0 0 0 0 0 0 0 0 0 0 0 0 0 0 0 0 0 0 0 0 0 0 0 175 195 197 73 182 83 143 28 235 217 209 200 179 206 86 134 116 162 171 239 183 140 76 70 217 171 83 206 27 203 137 11 34 219 115 46 139 221 245 222 126 203 0 38 34 172 9 4 160 74 141 164 232 116 126 162 173 185 103 205 127 239 204 168 176 40 179 124 33 132 27 107 254 200 10 197 147 146 141 189 141 52 147 0 0 0 0 0 0 0 0 0 0 0 0 0 0 0 0 0 0 0 0 0 0
0 0 0 0 0 0 0 0 0 0 0 0 0 0 0 0 0 0 0 0 0 0 0 0 0 39 39 6 160 59 103 3 121 80 128 72 57 156 62 159 108 17 212 235 141 239 161 72 168 177 188 143 176 232 166 222 69 119 61 110 173 4 248 38 56 36 204 175 112 133 145 245 243 5 185 53 96 79 182 168 134 73 102 156 189 88 232 156 70 230 92 115 97 117 102 222 209 242 164 100 244 245 252 175 0 0 0 0 0 0 0 0 0 0 0 0 0 0 0 0 0 0 0 0 0 0 0 0
0 0 0 0 0 0 0 0 0 0 0 0 0 0 0 0 0 0 0 0 0 0 0 0 0 0 54 126 121 35 207 225 35 50 106 151 34 188 199 210 218 221 158 118 102 75 181 135 77 14 3 108 54 216 1 110 234 216 33 212 229 105 172 128 95 216 252 215 224 125 97 29 243 61 62 152 200 42 209 51 175 102 252 37 198 50 177 33 219 73 203 114 143 251 142 146 144 18 139 110 57 37 165 0 0 0 0 0 0 0 0 0 0 0 0 0 0 0 0 0 0 0 0 0 0 0 0 0
0 0 0 0 0 0 0 0 0 0 0 0 0 0 0 0 0 0 0 0 0 0 0 0 0 0 0 199 192 237 221 88 97 217 230 217 130 190 170 3 182 220 106 190 227 94 85 96 211 241 141 172 150 57 99 29 7 19 1 75 234 107 113 44 44 103 151 108 12 233 158 93 82 78 18 133 46 30 33 145 142 89 117 229 137 115 201 219 16 165 65 96 170 214 18 174 28 159 99 10 164 97 0 0 0 0 0 0 0 0 0 0 0 0 0 0 0 0 0 0 0 0 0 0 0 0 0 0
0 0 0 0 0 0 0 0 0 0 0 0 0 0 0 0 0 0 0 0 0 0 0 0 0 0 0 0 0 63 55 180 215 186 88 192 75 38 7 18 19 124 221 163 16 23 209 140 66 31 0 157 193 252 195 102 160 189 83 228 70 66 41 136 66 128 181 151 79 26 88 16 114 174 167 191 186 244 62 139 213 212 108 227 125 9 218 215 10 84 224 218 15 73 125 145 83 214 147 89 0 0 0 0 0 0 0 0 0 0 0 0 0 0 0 0 0 0 0 0 0 0 0 0 0 0 0 0
0 0 0 0 0 0 0 0 0 0 0 0 0 0 0 0 0 0 0 0 0 0 0 0 0 0 0 0 0 0 178 250 166 108 240 180 240 57 188 96 206 235 53 68 222 250 87 240 144 21 169 124 148 91 174 39 202 205 83 199 153 93 211 235 216 106 110 225 112 162 234 12 49 156 254 180 19 92 208 249 27 123 153 231 10 254 7 166 58 134 218 63 196 131 212 126 103 212 137 0 0 0 0 0 0 0 0 0 0 0 0 0 0 0 0 0 0 0 0 0 0 0 0 0 0 0 0 0
0 0 0 0 0 0 0 0 0 0 0 0 0 0 0 0 0 0 0 0 0 0 0 0 0 0 0 0 0 0 0 0 107 163 185 253 109 168 234 56 17 98 184 3 19 44 18 183 109 212 38 45 213 200 231 110 196 222 66 98 178 168 40 30 158 103 143 41 145 102 122 226 112 65 5 31 202 146 252 165 16 235 81 112 235 185 188 62 79 8 196 53 25 5 183 46 58 0 0 0 0 0 0 0 0 0 0 0 0 0 0 0 0 0 0 0 0 0 0 0 0 0 0 0 0 0 0 0
0 0 0 0 0 0 0 0 0 0 0 0 0 0 0 0 0 0 0 0 0 0 0 0 0 0 0 0 0 0 0 0 0 0 99 10 46 173 182 250 247 222 224 68 227 215 104 83 28 186 102 72 245 166 218 223 184 41 171 243 202 45 65 70 195 232 147 228 10 118 140 162 46 199 146 166 24 34 60 66 159 194 82 224 45 94 169 170 171 128 199 117 169 12 15 0 0 0 0 0 0 0 0 0 0 0 0 0 0 0 0 0 0 0 0 0 0 0 0 0 0 0 0 0 0 0 0 0
0 0 0 0 0 0 0 0 0 0 0 0 0 0 0 0 0 0 0 0 0 0 0 0 0 0 0 0 0 0 0 0 0 0 0 222 116 110 34 166 1 53 64 207 104 189 61 217 96 252 142 220 17 67 254 74 244 105 96 199 70 159 183 13 191 192 218 112 217 156 130 141 4 107 87 227 151 132 100 169 231 255 210 176 186 203 9 85 117 240 205 188 160 13 0 0 0 0 0 0 0 0 0 0 0 0 0 0 0 0 0 0 0 0 0 0 0 0 0 0 0 0 0 0 0 0 0 0
0 0 0 0 0 0 0 0 0 0 0 0 0 0 0 0 0 0 0 0 0 0 0 0 0 0 0 0 0 0 0 0 0 0 0 0 0 134 22 163 157 163 230 142 1 25 97 142 6 186 53 220 1 117 58 8 148 206 182 45 17 129 79 136 237 29 160 168 8 72 168 22 183 151 254 127 250 4 157 148 127 35 47 19 194 109 85 47 33 16 112 51 0 0 0 0 0 0 0 0 0 0 0 0 0 0 0 0 0 0 0 0 0 0 0 0 0 0 0 0 0 0 0 0 0 0 0 0
0 0 0 0 0 0 0 0 0 0 0 0 0 0 0 0 0 0 0 0 0 0 0 0 0 0 0 0 0 0 0 0 0 0 0 0 0 0 0 0 238 212 99 210 98 101 238 242 247 77 205 182 36 231 49 232 136 31 90 212 174 85 153 29 125 140 219 36 49 33 63 186 113 187 217 49 73 107 254 171 28 174 185 109 247 207 157 33 246 0 0 0 0 0 0 0 0 0 0 0 0 0 0 0 0 0 0 0 0 0 0 0 0 0 0 0 0 0 0 0 0 0 0 0 0 0 0 0
0 0 0 0 0 0 0 0 0 0 0 0 0 0 0 0 0 0 0 0 0 0 0 0 0 0 0 0 0 0 0 0 0 0 0 0 0 0 0 0 0 0 88 153 87 18 63 111 119 184 160 90 27 224 202 14 78 231 92 124 169 49 14 60 242 191 50 37 2 60 195 215 15 60 84 125 59 154 249 106 98 50 200 205 128 173 15 0 0 0 0 0 0 0 0 0 0 0 0 0 0 0 0 0 0 0 0 0 0 0 0 0 0 0 0 0 0 0 0 0 0 0 0 0 0 0 0 0
0 0 0 0 0 0 0 0 0 0 0 0 0 0 0 0 0 0 0 0 0 0 0 0 0 0 0 0 0 0 0 0 0 0 0 0 0 0 0 0 0 0 0 0 0 26 236 65 138 107 124 233 114 14 114 151 191 235 187 251 243 115 49 18 29 41 112 231 169 135 226 232 40 6 172 143 255 142 68 142 225 96 169 128 0 0 0 0 0 0 0 0 0 0 0 0 0 0 0 0 0 0 0 0 0 0 0 0 0 0 0 0 0 0 0 0 0 0 0 0 0 0 0 0 0 0 0 0
0 0 0 0 0 0 0 0 0 0 0 0 0 0 0 0 0 0 0 0 0 0 0 0 0 0 0 0 0 0 0 0 0 0 0 0 0 0 0 0 0 0 0 0 0 0 0 0 0 153 77 149 167 38 78 239 89 90 208 26 239 53 24 122 122 18 43 105 11 166 67 247 42 64 121 18 155 0 252 96 0 0 0 0 0 0 0 0 0 0 0 0 0 0 0 0 0 0 0 0 0 0 0 0 0 0 0 0 0 0 0 0 0 0 0 0 0 0 0 0 0 0 0 0 0 0 0 0
0 0 0 0 0 0 0 0 0 0 0 0 0 0 0 0 0 0 0 0 0 0 0 0 0 0 0 0 0 0 0 0 0 0 0 0 0 0 0 0 0 0 0 0 0 0 0 0 0 0 0 0 0 81 99 230 110 91 167 155 229 77 89 187 2 87 234 51 35 28 101 3 157 104 0 216 0 0 0 0 0 0 0 0 0 0 0 0 0 0 0 0 0 0 0 0 0 0 0 0 0 0 0 0 0 0 0 0 0 0 0 0 0 0 0 0 0 0 0 0 0 0 0 0 0 0 0 0
