128
0 0 0 0 0 0 0 0 0 0 0 0 0 0 0 0 0 0 0 0 0 0 0 0 0 0 0 0 0 0 0 0 0 0 0 0 0 0 0 0 0 0 0 0 0 0 0 0 0 0 0 0 0 0 0 0 0 0 0 0 0 0 0 0 152 0 0 0 0 0 0 0 0 0 0 0 0 0 0 0 0 0 0 0 0 0 0 0 0 0 0 0 0 0 0 0 0 0 0 0 0 0 0 0 0 0 0 0 0 0 0 0 0 0 0 0 0 0 0 0 0 0 0 0 0 0 0 0
0 0 0 0 0 0 0 0 0 0 0 0 0 0 0 0 0 0 0 0 0 0 0 0 0 0 0 0 0 0 0 0 0 0 0 0 0 0 0 0 0 0 0 0 0 0 0 0 0 0 0 0 0 71 40 3 70 236 61 141 213 179 145 34 7 208 247 2 241 164 172 78 9 70 26 37 0 0 0 0 0 0 0 0 0 0 0 0 0 0 0 0 0 0 0 0 0 0 0 0 0 0 0 0 0 0 0 0 0 0 0 0 0 0 0 0 0 0 0 0 0 0 0 0 0 0 0 0
0 0 0 0 0 0 0 0 0 0 0 0 0 0 0 0 0 0 0 0 0 0 0 0 0 0 0 0 0 0 0 0 0 0 0 0 0 0 0 0 0 0 0 0 0 0 0 0 0 87 132 37 234 184 6 43 164 141 193 139 169 218 10 114 126 19 221 143 201 28 154 102 41 88 127 215 129 223 161 78 0 0 0 0 0 0 0 0 0 0 0 0 0 0 0 0 0 0 0 0 0 0 0 0 0 0 0 0 0 0 0 0 0 0 0 0 0 0 0 0 0 0 0 0 0 0 0 0
0 0 0 0 0 0 0 0 0 0 0 0 0 0 0 0 0 0 0 0 0 0 0 0 0 0 0 0 0 0 0 0 0 0 0 0 0 0 0 0 0 0 0 0 0 164 62 39 150 128 78 14 163 117 71 207 160 189 241 202 184 113 115 188 211 108 189 185 127 228 188 157 43 248 215 208 14 231 207 152 113 126 181 235 0 0 0 0 0 0 0 0 0 0 0 0 0 0 0 0 0 0 0 0 0 0 0 0 0 0 0 0 0 0 0 0 0 0 0 0 0 0 0 0 0 0 0 0
0 0 0 0 0 0 0 0 0 0 0 0 0 0 0 0 0 0 0 0 0 0 0 0 0 0 0 0 0 0 0 0 0 0 0 0 0 0 0 0 0 0 72 245 137 11 245 235 95 112 129 44 183 153 88 181 120 195 184 106 147 22 180 235 12 216 141 238 33 168 188 45 124 234 227 74 187 168 106 234 87 11 209 73 57 215 72 0 0 0 0 0 0 0 0 0 0 0 0 0 0 0 0 0 0 0 0 0 0 0 0 0 0 0 0 0 0 0 0 0 0 0 0 0 0 0 0 0
0 0 0 0 0 0 0 0 0 0 0 0 0 0 0 0 0 0 0 0 0 0 0 0 0 0 0 0 0 0 0 0 0 0 0 0 0 0 0 0 39 85 105 95 101 35 177 130 97 250 117 241 76 167 197 183 187 219 61 195 53 160 176 172 100 192 34 148 44 207 34 250 208 29 221 23 136 30 247 168 40 88 8 69 138 218 107 250 8 0 0 0 0 0 0 0 0 0 0 0 0 0 0 0 0 0 0 0 0 0 0 0 0 0 0 0 0 0 0 0 0 0 0 0 0 0 0 0
0 0 0 0 0 0 0 0 0 0 0 0 0 0 0 0 0 0 0 0 0 0 0 0 0 0 0 0 0 0 0 0 0 0 0 0 0 232 168 210 229 71 255 84 21 160 206 179 193 207 94 172 30 189 189 163 233 91 14 27 216 146 147 26 242 238 161 227 68 16 10 69 154 36 137 239 112 74 126 191 208 5 143 224 247 93 240 39 244 86 70 81 0 0 0 0 0 0 0 0 0 0 0 0 0 0 0 0 0 0 0 0 0 0 0 0 0 0 0 0 0 0 0 0 0 0 0 0
0 0 0 0 0 0 0 0 0 0 0 0 0 0 0 0 0 0 0 0 0 0 0 0 0 0 0 0 0 0 0 0 0 0 0 30 88 190 101 17 159 157 98 134 52 250 62 211 25 11 241 230 235 6 161 216 15 100 77 73 105 36 240 168 167 68 39 121 177 174 16 204 14 135 201 162 48 245 24 180 87 211 6 214 250 151 151 50 35 3 52 45 108 39 0 0 0 0 0 0 0 0 0 0 0 0 0 0 0 0 0 0 0 0 0 0 0 0 0 0 0 0 0 0 0 0 0 0
0 0 0 0 0 0 0 0 0 0 0 0 0 0 0 0 0 0 0 0 0 0 0 0 0 0 0 0 0 0 0 0 0 0 121 245 51 26 197 81 67 46 231 158 173 215 207 176 29 152 76 42 125 205 189 96 251 166 36 44 0 254 9 157 13 159 85 154 105 222 225 25 205 185 59 114 32 9 133 88 11 194 174 0 220 42 77 106 160 45 49 174 249 72 202 0 0 0 0 0 0 0 0 0 0 0 0 0 0 0 0 0 0 0 0 0 0 0 0 0 0 0 0 0 0 0 0 0
0 0 0 0 0 0 0 0 0 0 0 0 0 0 0 0 0 0 0 0 0 0 0 0 0 0 0 0 0 0 0 0 88 217 8 13 158 110 42 34 192 218 61 232 110 121 114 112 166 179 129 167 39 248 223 213 56 205 102 227 249 166 195 247 207 193 28 48 80 71 32 92 61 115 214 216 27 211 56 190 248 2 105 192 75 170 218 6 252 81 249 145 179 14 45 249 213 0 0 0 0 0 0 0 0 0 0 0 0 0 0 0 0 0 0 0 0 0 0 0 0 0 0 0 0 0 0 0
0 0 0 0 0 0 0 0 0 0 0 0 0 0 0 0 0 0 0 0 0 0 0 0 0 0 0 0 0 0 192 205 205 107 99 250 253 119 68 196 41 16 217 205 13 224 215 120 171 25 172 175 230 186 188 125 160 194 57 76 2 61 28 227 70 208 153 78 144 109 208 28 195 69 187 39 82 131 205 216 31 88 190 214 111 182 92 194 84 173 144 16 200 101 55 180 121 76 0 0 0 0 0 0 0 0 0 0 0 0 0 0 0 0 0 0 0 0 0 0 0 0 0 0 0 0 0 0
0 0 0 0 0 0 0 0 0 0 0 0 0 0 0 0 0 0 0 0 0 0 0 0 0 0 0 0 0 156 201 197 10 159 140 199 52 0 72 157 97 127 80 40 68 74 119 243 10 223 89 47 27 35 7 77 241 29 245 253 56 60 176 98 76 23 145 19 189 120 119 165 177 240 45 195 129 157 251 235 25 65 115 18 92 61 242 251 240 20 254 201 132 234 126 47 71 67 27 202 0 0 0 0 0 0 0 0 0 0 0 0 0 0 0 0 0 0 0 0 0 0 0 0 0 0 0 0
0 0 0 0 0 0 0 0 0 0 0 0 0 0 0 0 0 0 0 0 0 0 0 0 0 0 0 186 210 116 60 244 141 213 84 39 7 244 54 206 77 15 189 215 25 205 20 241 26 222 132 101 55 72 215 245 115 95 50 169 130 39 142 46 185 48 211 45 22 108 176 212 1 194 169 122 230 42 202 83 50 205 45 2 231 127 103 54 101 235 247 28 16 155 221 48 238 194 38 115 149 170 0 0 0 0 0 0 0 0 0 0 0 0 0 0 0 0 0 0 0 0 0 0 0 0 0 0
0 0 0 0 0 0 0 0 0 0 0 0 0 0 0 0 0 0 0 0 0 0 0 0 0 0 102 59 50 213 205 75 87 246 186 176 49 254 63 8 174 186 250 236 30 17 11 156 95 177 151 163 193 101 34 77 247 220 168 136 236 104 225 90 73 45 120 84 90 165 23 70 81 112 225 116 186 250 209 153 214 76 39 74 58 91 189 237 160 30 170 16 173 120 44 135 164 218 80 201 51 132 41 0 0 0 0 0 0 0 0 0 0 0 0 0 0 0 0 0 0 0 0 0 0 0 0 0
0 0 0 0 0 0 0 0 0 0 0 0 0 0 0 0 0 0 0 0 0 0 0 0 0 154 207 130 159 76 155 15 212 164 181 10 162 239 227 52 83 158 99 212 72 153 2 68 118 234 67 63 54 235 174 27 64 159 203 221 47 2 48 158 222 105 22 226 159 102 167 208 60 63 200 46 133 12 163 71 233 0 185 78 32 114 205 81 185 157 207 180 97 18 196 243 200 72 133 79 47 130 128 243 0 0 0 0 0 0 0 0 0 0 0 0 0 0 0 0 0 0 0 0 0 0 0 0
0 0 0 0 0 0 0 0 0 0 0 0 0 0 0 0 0 0 0 0 0 0 0 113 134 72 230 48 160 204 239 84 119 163 231 30 71 65 197 135 105 241 57 112 8 208 180 14 124 73 100 239 198 39 101 156 49 80 188 138 221 132 138 63 94 196 249 14 245 6 28 210 193 238 178 30 181 182 120 67 178 21 90 248 126 162 36 49 142 216 119 247 231 43 151 69 156 165 71 249 51 197 44 57 81 65 0 0 0 0 0 0 0 0 0 0 0 0 0 0 0 0 0 0 0 0 0 0
0 0 0 0 0 0 0 0 0 0 0 0 0 0 0 0 0 0 0 0 0 0 174 154 133 201 164 169 85 194 201 53 118 255 194 246 221 57 98 215 207 104 73 153 68 236 100 12 6 255 84 92 37 211 175 132 234 181 149 156 78 146 9 56 17 241 223 103 107 69 133 226 27 139 118 15 107 40 187 110 222 45 107 185 52 116 202 130 144 132 10 236 228 135 34 104 13 241 230 99 235 84 74 66 44 113 56 0 0 0 0 0 0 0 0 0 0 0 0 0 0 0 0 0 0 0 0 0
0 0 0 0 0 0 0 0 0 0 0 0 0 0 0 0 0 0 0 0 0 241 204 38 155 79 106 16 230 64 150 137 103 203 212 129 136 214 57 150 93 126 18 138 176 190 115 115 11 41 243 13 232 131 228 42 164 168 174 34 122 188 178 193 225 97 142 233 122 66 221 255 61 13 6 67 36 28 248 64 105 243 208 53 193 125 172 218 210 220 198 188 156 112 31 165 177 127 11 169 152 129 47 34 17 116 198 197 0 0 0 0 0 0 0 0 0 0 0 0 0 0 0 0 0 0 0 0
0 0 0 0 0 0 0 0 0 0 0 0 0 0 0 0 0 0 0 0 254 171 135 18 29 141 153 199 38 66 11 0 246 164 206 250 72 177 160 232 197 110 110 226 158 152 100 203 79 225 97 121 204 187 155 135 40 98 65 36 176 150 236 118 203 69 190 33 23 244 27 96 150 18 207 66 9 74 144 81 49 65 251 140 21 232 150 46 221 207 164 118 28 250 217 110 8 31 247 147 103 128 225 35 237 104 107 39 207 0 0 0 0 0 0 0 0 0 0 0 0 0 0 0 0 0 0 0
0 0 0 0 0 0 0 0 0 0 0 0 0 0 0 0 0 0 0 119 51 147 136 157 26 243 42 243 106 114 63 251 202 95 145 0 1 182 140 20 3 173 94 140 153 154 175 84 96 185 125 89 208 100 126 190 127 138 0 191 23 107 75 245 41 129 138 62 5 83 150 250 191 121 226 107 43 47 147 221 238 190 157 173 66 225 125 238 112 203 129 102 246 149 84 81 98 133 87 157 249 127 171 73 243 218 39 73 246 196 0 0 0 0 0 0 0 0 0 0 0 0 0 0 0 0 0 0
0 0 0 0 0 0 0 0 0 0 0 0 0 0 0 0 0 0 228 246 26 136 235 64 245 40 60 30 178 118 131 50 48 194 106 105 153 41 95 181 3 218 29 7 61 82 130 79 42 240 151 20 165 106 253 230 175 22 58 217 57 67 22 156 69 223 105 146 140 194 208 200 81 100 199 172 151 106 206 14 205 215 111 241 196 25 175 7 145 235 60 192 171 245 11 228 29 100 11 76 43 205 122 55 110 163 94 19 181 12 22 0 0 0 0 0 0 0 0 0 0 0 0 0 0 0 0 0
0 0 0 0 0 0 0 0 0 0 0 0 0 0 0 0 0 132 255 224 197 72 139 38 155 148 213 126 169 192 132 16 189 175 57 215 157 19 43 124 69 139 12 44 3 248 52 19 75 88 252 233 167 26 186 214 155 148 77 210 31 125 169 202 239 186 240 156 150 96 29 102 212 244 253 50 209 175 94 81 199 236 183 6 81 29 153 181 213 182 17 78 109 212 140 45 102 114 199 244 133 202 202 21 102 197 96 88 172 16 155 91 0 0 0 0 0 0 0 0 0 0 0 0 0 0 0 0
0 0 0 0 0 0 0 0 0 0 0 0 0 0 0 0 20 202 95 171 44 10 201 209 171 170 168 234 83 8 164 233 186 222 17 226 117 35 203 203 233 249 128 1 64 254 115 99 173 89 173 3 21 201 245 112 167 155 63 82 228 122 129 33 182 101 88 128 126 103 235 219 199 245 243 91 171 109 234 149 135 247 234 214 114 229 77 181 198 170 76 216 63 243 229 93 160 4 13 201 82 113 169 100 222 17 163 211 227 21 93 3 146 0 0 0 0 0 0 0 0 0 0 0 0 0 0 0
0 0 0 0 0 0 0 0 0 0 0 0 0 0 0 87 142 8 86 68 153 74 250 137 74 5 243 121 90 157 162 87 195 89 46 73 192 252 229 203 223 22 211 212 198 252 201 137 36 55 20 154 239 152 234 239 159 137 80 198 193 115 181 47 129 199 223 46 55 252 193 53 216 244 104 254 170 158 80 244 45 232 23 148 75 98 91 93 204 228 90 138 159 131 56 115 18 50 187 91 174 168 250 243 204 226 172 104 48 69 220 178 143 121 0 0 0 0 0 0 0 0 0 0 0 0 0 0
0 0 0 0 0 0 0 0 0 0 0 0 0 0 0 248 100 236 164 196 163 238 251 62 202 249 15 222 143 239 53 177 188 190 64 66 95 150 108 196 230 166 192 7 59 241 202 25 11 145 81 42 8 127 235 93 129 18 170 197 92 101 168 69 224 60 42 175 27 124 32 38 12 223 49 67 189 253 16 201 49 242 17 16 54 24 223 32 13 228 5 197 54 228 27 217 223 126 206 87 188 81 168 168 47 29 59 146 205 53 0 36 126 40 0 0 0 0 0 0 0 0 0 0 0 0 0 0
0 0 0 0 0 0 0 0 0 0 0 0 0 0 228 224 160 119 255 185 114 110 52 169 235 23 180 233 192 62 69 239 104 227 45 13 54 176 107 108 99 129 227 24 125 112 228 186 7 188 69 117 159 102 201 254 32 228 64 250 224 160 221 43 215 175 150 89 207 67 164 63 39 15 108 62 81 242 36 149 113 145 131 154 144 80 174 163 7 170 222 113 6 110 12 3 197 175 102 145 238 168 184 150 49 218 44 98 82 150 183 2 131 88 61 0 0 0 0 0 0 0 0 0 0 0 0 0
0 0 0 0 0 0 0 0 0 0 0 0 0 255 116 141 151 227 63 126 236 208 180 11 89 243 178 160 44 207 133 188 248 204 80 232 236 184 238 140 83 230 47 150 145 155 42 188 104 106 37 84 101 252 237 165 59 191 197 160 180 85 218 178 173 212 124 96 1 155 76 79 175 74 180 29 240 144 108 245 182 118 231 61 184 161 216 80 50 171 225 65 249 178 26 33 149 130 142 71 192 183 84 87 55 21 187 145 100 30 137 16 168 41 77 242 0 0 0 0 0 0 0 0 0 0 0 0
0 0 0 0 0 0 0 0 0 0 0 0 82 172 135 139 2 212 243 157 132 230 43 109 244 79 216 61 4 22 231 10 19 217 192 113 45 60 227 217 66 62 119 167 60 190 1 95 236 98 198 114 200 133 218 25 153 68 195 160 49 206 146 76 173 100 217 120 112 238 194 43 92 206 62 233 97 161 80 78 161 213 207 77 238 98 74 43 41 50 86 36 126 144 7 49 218 167 113 15 167 173 55 23 94 22 243 144 93 123 50 174 43 134 203 48 15 0 0 0 0 0 0 0 0 0 0 0
0 0 0 0 0 0 0 0 0 0 0 0 71 194 93 44 209 139 147 235 251 79 116 4 105 130 109 52 55 4 53 213 40 71 137 112 33 41 151 125 191 133 5 149 65 128 70 191 225 160 173 17 216 87 207 130 237 197 201 186 5 106 118 124 138 140 241 99 36 164 129 57 41 85 138 79 221 138 182 236 193 18 42 191 136 28 5 135 15 132 32 63 116 89 179 172 191 223 251 112 55 33 75 207 196 198 241 32 83 150 53 87 232 7 106 30 235 0 0 0 0 0 0 0 0 0 0 0
0 0 0 0 0 0 0 0 0 0 0 44 105 147 206 226 239 49 149 230 76 61 157 199 116 168 180 117 38 198 205 161 220 161 218 89 172 194 74 149 185 139 222 66 201 224 106 169 168 36 126 127 146 111 81 100 101 23 35 110 22 160 133 176 227 3 12 102 207 120 175 84 165 163 82 66 129 121 60 11 92 219 99 229 85 11 246 139 49 141 209 9 196 197 120 54 22 229 169 94 28 0 100 72 183 33 178 44 111 26 122 255 238 217 168 64 208 1 0 0 0 0 0 0 0 0 0 0
0 0 0 0 0 0 0 0 0 0 208 98 37 119 1 137 18 83 242 100 73 219 178 209 245 210 50 161 239 173 6 74 223 117 242 149 13 33 208 209 116 173 192 156 194 26 89 146 60 217 14 222 125 42 2 177 65 221 233 107 126 35 35 16 186 155 246 136 104 2 186 81 109 15 121 237 85 220 241 33 45 36 31 176 143 158 115 83 65 217 247 79 201 213 198 249 91 43 112 226 47 85 206 116 200 44 226 186 26 225 71 175 187 185 48 26 233 19 228 0 0 0 0 0 0 0 0 0
0 0 0 0 0 0 0 0 0 0 159 227 65 15 189 201 97 127 183 68 243 115 60 172 61 214 113 59 144 130 139 156 227 169 170 117 150 91 206 219 93 206 36 143 24 43 19 166 8 230 200 135 222 92 141 44 164 34 98 221 1 169 248 39 84 157 62 116 118 125 82 179 244 191 102 22 102 159 112 173 132 46 156 198 148 192 147 46 250 144 200 43 166 203 237 45 148 64 116 112 66 133 139 144 190 63 220 151 171 231 158 119 74 7 140 5 21 174 190 0 0 0 0 0 0 0 0 0
0 0 0 0 0 0 0 0 0 172 216 205 10 82 167 76 57 211 198 87 42 125 48 79 140 242 102 226 181 193 69 3 246 138 135 51 186 226 151 51 53 166 137 97 165 233 222 125 241 37 4 72 243 194 161 18 103 12 124 34 196 1 229 106 176 222 221 105 170 243 159 75 64 252 31 185 52 246 37 204 55 159 40 85 147 115 162 86 225 9 156 39 100 170 196 222 104 224 224 23 214 81 138 251 215 61 146 189 201 198 87 119 62 245 52 125 243 242 54 68 0 0 0 0 0 0 0 0
0 0 0 0 0 0 0 0 0 170 118 100 91 93 124 162 99 84 188 235 139 134 53 36 216 87 146 207 62 66 252 93 234 150 19 22 177 156 46 10 28 63 193 234 61 6 224 93 223 104 225 34 164 62 124 45 146 236 44 66 57 177 197 128 147 155 134 50 62 118 12 124 56 101 170 15 73 226 19 193 41 54 57 52 254 181 11 112 143 5 67 132 147 0 225 193 168 48 86 232 187 175 131 220 178 245 156 222 212 210 6 199 43 149 42 50 136 43 27 22 0 0 0 0 0 0 0 0
0 0 0 0 0 0 0 0 76 21 230 239 73 61 253 102 168 147 120 173 62 227 59 76 104 203 224 175 219 214 183 8 199 62 132 63 57 144 189 156 19 219 63 40 25 14 103 157 18 2 110 177 46 211 45 61 254 67 247 62 224 91 132 171 80 31 59 179 125 193 193 158 31 133 152 240 103 248 133 2 97 103 157 167 173 65 59 38 77 148 113 120 134 20 67 102 88 211 128 143 202 237 55 184 100 83 173 172 116 41 209 71 210 2 187 98 184 74 16 231 243 0 0 0 0 0 0 0
0 0 0 0 0 0 0 73 142 222 54 216 51 52 17 105 63 219 33 23 38 204 119 69 245 119 12 35 1 15 60 220 83 43 176 243 115 93 41 0 35 199 215 226 234 13 31 149 85 100 177 224 233 81 216 119 77 32 150 40 218 55 81 98 25 114 185 163 238 149 162 7 61 72 216 7 229 155 107 91 231 144 42 79 167 186 165 166 231 17 239 106 43 116 193 166 238 83 240 5 44 140 149 226 79 239 79 72 63 227 131 240 208 100 65 117 224 92 0 47 204 208 0 0 0 0 0 0
0 0 0 0 0 0 0 77 102 152 136 122 2 39 150 57 215 242 249 164 13 32 107 94 163 239 146 139 179 177 144 174 119 118 0 162 200 161 157 18 195 53 79 239 48 251 9 248 77 61 125 9 82 179 129 186 157 244 74 236 53 80 88 8 74 130 133 101 45 32 225 7 221 174 51 19 183 13 5 77 146 119 4 225 234 226 167 47 38 47 195 51 161 74 134 136 98 235 37 16 68 13 3 149 246 59 202 14 102 192 91 47 220 238 242 52 170 94 198 197 29 30 0 0 0 0 0 0
0 0 0 0 0 0 168 241 211 22 101 83 236 194 55 131 69 82 209 161 129 153 166 239 22 129 217 217 208 57 47 140 243 232 216 182 155 218 224 172 61 151 3 250 201 152 94 128 73 210 54 71 255 87 152 254 133 245 21 51 42 196 110 161 125 184 117 89 112 83 218 192 106 145 89 121 155 32 225 0 35 94 96 25 139 26 110 1 207 131 171 114 232 16 115 144 164 155 139 97 35 133 48 188 133 247 62 242 34 90 21 16 67 159 140 182 225 254 36 232 55 140 73 0 0 0 0 0
0 0 0 0 0 0 161 171 212 159 230 130 100 91 254 135 31 195 88 131 9 140 128 28 83 20 138 128 125 230 33 222 34 26 139 38 148 120 195 163 29 121 144 141 0 28 175 92 105 133 219 83 224 122 183 158 191 148 0 85 175 176 207 211 68 123 205 241 9 12 109 245 224 98 188 8 170 101 209 226 101 97 206 17 100 115 76 5 130 2 3 86 16 77 150 21 9 172 137 2 26 249 2 172 114 44 11 201 183 116 179 202 81 122 128 145 231 235 198 136 120 153 53 0 0 0 0 0
0 0 0 0 0 0 12 43 66 228 190 76 0 229 237 14 62 55 164 9 255 239 116 167 128 21 30 229 102 103 148 172 142 127 1 168 214 9 173 16 78 222 56 210 147 190 201 159 230 111 32 120 193 98 51 252 221 193 146 176 22 75 87 210 178 186 162 172 231 92 13 84 235 45 43 85 162 56 78 51 84 170 79 99 216 190 233 104 133 158 58 186 205 178 212 60 113 127 18 24 111 177 40 35 232 25 17 20 149 59 61 15 51 79 236 164 105 245 238 18 78 3 22 0 0 0 0 0
0 0 0 0 0 46 252 8 187 177 132 140 104 66 124 22 78 109 255 246 198 219 141 73 65 154 157 203 134 159 27 160 26 246 27 25 235 164 232 169 5 96 242 43 251 2 41 10 25 49 171 219 182 62 107 38 32 111 93 230 26 181 173 0 177 82 213 95 57 102 144 136 181 83 111 152 171 137 74 224 182 110 160 38 70 4 87 205 182 248 54 54 161 8 46 99 92 13 36 136 156 246 108 163 239 10 139 255 144 9 118 22 51 235 42 1 164 213 176 144 242 158 102 214 0 0 0 0
0 0 0 0 0 79 69 77 168 135 175 75 48 28 201 205 126 58 139 238 188 223 48 82 181 212 239 49 42 199 217 13 195 99 240 58 132 155 57 57 135 33 75 13 19 151 52 114 90 54 199 17 186 146 20 231 9 84 72 100 232 31 91 42 166 0 103 175 185 241 174 142 203 186 222 221 206 22 171 140 227 70 66 243 46 23 72 0 87 168 254 117 148 150 166 44 98 1 101 90 39 50 58 82 140 223 34 98 134 100 11 19 19 217 81 4 212 61 232 60 127 107 124 32 0 0 0 0
0 0 0 0 249 82 243 137 247 116 176 251 130 134 166 73 146 141 92 19 99 226 51 22 172 17 23 220 161 27 42 254 88 57 100 218 147 148 108 50 51 41 193 250 250 141 37 233 225 242 170 20 47 197 61 141 207 178 139 28 78 54 250 14 165 194 60 39 21 76 29 22 213 41 68 28 143 136 208 1 116 182 90 87 219 52 34 116 162 176 134 183 120 130 211 34 48 92 201 91 214 145 162 88 12 184 198 117 91 218 9 130 123 89 203 120 127 76 191 74 220 241 37 29 35 0 0 0
0 0 0 0 12 154 32 66 110 21 232 247 194 221 86 34 19 111 132 73 25 199 255 108 217 105 67 74 254 7 132 52 182 247 210 126 228 91 120 124 166 94 56 24 12 223 115 228 185 101 149 110 37 157 173 187 107 207 133 190 77 53 143 142 114 97 216 120 61 116 56 242 227 63 221 72 134 68 186 241 244 61 204 230 25 225 158 76 151 192 233 135 128 22 188 176 95 53 83 208 196 183 190 253 69 5 125 198 16 30 193 20 11 86 247 94 86 139 143 109 9 202 8 227 96 0 0 0
0 0 0 0 18 96 253 184 92 251 113 0 65 221 146 24 69 43 140 119 183 79 81 138 235 237 147 84 155 201 228 2 105 216 6 38 110 98 29 192 6 44 162 132 221 189 140 159 95 87 44 122 218 55 114 104 200 205 152 125 218 123 113 232 70 152 133 70 93 137 93 24 183 222 72 194 96 191 176 22 97 118 68 194 57 127 247 101 150 53 198 200 21 96 214 144 253 158 248 156 218 110 241 62 186 0 162 229 120 9 40 98 195 40 229 28 20 178 7 230 140 74 180 170 254 0 0 0
0 0 0 116 29 150 173 143 255 201 242 255 60 77 95 21 98 157 215 40 94 1 112 41 188 148 118 205 143 180 24 105 88 177 252 151 217 245 247 249 73 160 199 58 248 253 164 133 139 175 82 154 214 3 137 56 53 246 202 116 210 117 200 37 208 109 135 35 66 55 249 96 181 58 239 178 237 197 12 238 9 161 164 165 191 161 237 106 236 142 103 133 31 30 215 155 186 238 150 133 103 110 133 243 13 200 244 104 86 149 155 143 142 17 205 202 250 202 185 86 212 212 188 102 90 254 0 0
0 0 0 177 220 37 62 108 85 211 34 157 158 10 132 123 52 50 125 209 8 178 44 194 41 56 68 254 224 58 79 21 230 216 191 239 115 214 142 246 218 188 231 157 117 24 186 147 160 14 85 241 218 197 169 69 242 90 173 67 195 153 158 47 129 79 175 76 99 61 198 45 117 237 73 181 36 54 146 175 158 50 207 58 135 204 117 149 14 129 72 176 12 189 139 48 93 194 177 80 161 31 146 4 247 150 54 171 20 213 60 65 114 238 198 36 105 77 233 196 78 3 213 43 82 19 0 0
0 0 0 42 37 103 177 250 229 136 24 63 72 52 213 163 1 196 149 172 138 9 138 56 49 102 107 140 87 56 192 160 20 31 25 151 59 201 225 186 236 212 21 254 247 10 18 78 73 90 234 210 3 141 168 205 159 61 40 119 165 248 236 55 122 119 7 249 111 217 236 223 145 126 134 26 187 147 116 71 223 80 97 28 80 14 235 169 11 0 199 43 86 44 241 180 104 94 111 78 199 32 2 146 193 51 114 235 147 126 97 160 205 124 225 104 247 172 92 84 55 209 15 160 35 173 0 0
0 0 0 28 3 211 184 142 8 143 23 226 13 151 113 13 143 49 16 56 159 92 245 89 164 95 67 4 163 172 98 115 249 109 50 23 108 41 230 57 142 248 70 207 184 165 163 158 42 186 127 22 105 56 114 56 127 207 108 116 31 122 228 153 74 136 44 205 118 203 137 71 146 70 240 133 220 133 80 220 172 2 207 163 55 41 139 164 28 131 233 97 109 182 50 126 248 7 57 89 224 137 227 109 88 239 130 128 3 143 229 35 173 48 163 192 223 23 141 178 107 0 121 119 211 46 0 0
0 0 127 101 28 209 91 70 200 242 252 182 42 234 174 212 63 29 45 185 47 169 29 236 111 76 217 89 36 2 141 228 43 29 85 144 97 241 96 67 156 49 127 219 137 115 210 64 151 250 211 99 248 70 122 78 74 239 159 94 94 1 131 135 131 63 38 25 50 156 171 49 91 254 223 221 101 124 116 89 226 186 219 56 216 43 96 102 35 137 249 189 145 85 22 250 139 126 242 29 79 103 201 28 210 118 31 247 239 99 137 51 193 23 229 94 116 190 42 143 120 54 145 124 47 3 182 0
0 0 106 232 0 154 250 58 4 108 215 220 226 86 195 135 42 80 178 32 37 77 108 137 85 52 14 251 204 37 15 236 202 199 85 72 88 218 131 53 25 218 178 197 215 241 194 156 247 146 110 38 182 188 66 232 100 49 228 170 60 56 71 178 183 17 139 102 51 50 167 171 104 35 193 69 88 171 106 188 183 225 151 208 204 197 102 49 154 243 225 165 172 177 132 146 195 135 116 151 128 111 45 96 125 166 81 186 46 177 249 195 138 113 183 130 250 235 143 15 108 71 222 122 78 196 121 0
0 0 7 192 249 197 204 158 65 222 249 66 154 171 148 59 105 104 8 125 231 155 45 178 49 145 132 203 36 50 235 80 48 217 214 147 121 235 231 193 107 18 139 221 24 145 198 225 1 49 90 227 253 154 13 159 235 10 234 185 132 4 54 142 25 75 64 251 72 102 211 189 66 216 254 41 254 123 234 232 43 172 60 106 84 7 62 166 36 111 160 225 153 124 142 62 84 30 45 74 223 73 156 201 14 204 51 246 185 95 1 121 144 44 253 116 169 44 133 17 67 189 219 192 56 197 119 0
0 0 248 125 171 247 136 252 199 147 221 127 165 168 168 124 67 153 37 230 8 54 60 236 118 168 105 188 80 69 225 218 100 153 231 154 40 255 53 78 91 126 65 2 8 221 188 94 22 229 149 28 58 218 39 18 229 161 82 78 191 236 2 59 67 185 98 90 160 42 163 64 118 216 130 61 10 124 53 118 227 142 88 201 194 196 112 161 148 104 240 54 143 110 96 52 144 215 107 37 223 249 171 108 33 16 49 238 63 194 232 189 183 25 194 111 70 22 243 51 239 58 196 241 180 162 213 0
0 56 79 67 143 100 229 240 136 180 100 99 202 149 207 102 135 101 202 129 10 193 137 92 0 64 46 217 63 208 117 65 248 143 130 142 157 66 208 39 82 94 191 92 68 184 155 215 156 56 65 12 49 202 174 181 243 128 9 140 222 61 117 190 255 81 150 45 65 217 142 66 56 244 90 111 222 65 35 221 19 198 83 74 44 209 64 172 61 109 216 77 99 209 51 101 97 118 160 247 126 162 77 235 187 231 33 95 197 51 148 222 144 122 111 160 20 100 30 74 219 181 98 231 119 125 145 142
0 154 254 220 214 216 224 10 16 118 8 219 54 68 128 228 64 43 110 207 175 156 52 82 124 21 150 83 137 233 225 148 125 57 206 147 114 53 152 80 85 240 199 147 203 95 95 59 239 116 189 224 58 231 109 40 12 58 149 121 161 121 48 67 81 15 93 5 222 118 190 183 63 56 176 127 53 243 147 228 226 92 123 37 188 21 232 72 231 13 35 191 101 234 173 253 213 218 164 97 210 230 202 152 201 181 45 48 213 197 146 81 109 225 20 134 51 122 16 234 149 161 39 233 112 133 27 139
0 74 204 66 121 207 26 30 46 58 132 230 147 196 100 3 119 119 9 208 44 61 167 137 139 185 221 92 84 30 221 44 45 117 75 94 234 128 132 130 46 146 52 216 90 225 232 223 95 52 60 24 54 35 66 118 23 85 55 198 19 170 208 138 69 208 203 196 239 141 238 174 79 169 173 108 197 215 94 164 233 138 84 170 214 14 196 149 184 177 224 235 38 89 38 234 37 8 161 68 117 19 105 213 113 159 239 250 85 16 108 56 58 251 99 147 5 169 156 244 4 30 173 165 8 81 218 80
0 66 90 123 55 83 98 0 216 90 89 75 194 206 242 100 230 20 124 6 133 127 83 140 172 161 96 144 29 59 202 63 152 139 248 242 60 254 21 41 237 70 234 37 228 115 163 24 26 99 90 147 205 159 211 252 32 78 80 27 44 39 49 24 231 70 166 221 205 104 17 92 0 92 62 37 74 205 249 164 55 180 195 3 100 168 145 168 241 67 104 158 132 216 218 243 164 123 93 18 236 204 255 5 48 171 8 254 89 33 56 104 57 21 239 189 90 19 248 62 1 78 118 16 170 175 207 208
0 237 16 34 172 148 45 74 233 106 91 236 200 239 29 167 224 88 13 152 236 34 254 76 95 57 41 161 99 94 32 25 183 52 147 23 204 43 171 240 164 113 189 65 197 68 110 34 113 44 72 108 144 189 62 164 175 107 102 92 8 196 204 195 88 223 36 196 105 102 197 199 205 182 37 183 81 34 53 109 70 101 245 77 213 77 186 111 126 56 57 102 113 160 4 112 183 40 23 119 108 164 42 202 3 42 122 93 97 154 84 227 206 197 161 2 23 182 80 97 98 67 39 142 209 227 214 89
0 97 244 233 200 130 79 111 83 91 236 112 72 9 245 53 28 5 74 108 14 74 106 2 118 145 111 235 222 89 79 13 12 211 201 85 64 196 29 25 244 180 254 74 22 70 92 85 201 20 225 199 191 154 205 161 78 123 48 237 13 179 125 240 139 124 76 29 177 150 231 18 75 36 169 181 82 196 133 223 228 75 209 41 8 38 210 64 69 60 29 33 175 125 223 251 63 72 157 155 128 242 128 111 39 68 114 106 198 1 223 84 6 110 179 4 109 70 223 102 6 19 175 115 197 185 215 44
0 11 249 214 12 119 199 226 164 70 85 197 123 37 233 136 147 83 58 33 47 243 129 90 87 145 130 122 37 239 117 255 205 191 238 70 146 77 4 179 180 90 57 192 17 82 92 184 105 254 213 233 184 224 10 225 81 142 34 4 64 9 120 180 1 221 68 143 80 253 169 0 71 246 170 82 173 213 200 153 48 159 144 131 231 201 183 38 191 104 114 82 223 5 174 203 21 20 97 191 75 63 176 0 238 95 77 234 212 103 206 106 202 67 191 39 235 243 142 52 224 66 53 116 201 106 16 199
0 33 27 254 90 69 155 118 14 226 4 146 211 235 108 171 78 104 170 40 211 63 224 50 170 79 61 109 10 231 26 146 212 193 236 12 165 35 166 124 57 19 50 160 171 233 82 220 135 200 179 9 51 241 39 14 231 213 226 188 147 118 177 53 11 212 84 68 191 176 149 120 255 189 31 253 217 82 134 238 213 228 223 90 54 155 137 4 139 54 28 80 245 224 211 130 158 189 173 251 197 214 198 79 41 51 216 120 108 144 190 125 248 58 183 37 218 47 220 177 153 136 2 137 243 197 20 93
0 32 219 116 67 222 189 119 150 95 195 180 65 134 49 228 136 182 109 188 24 195 173 240 48 25 181 42 148 23 218 215 29 230 246 222 112 17 204 8 189 89 89 255 67 204 191 180 249 183 221 3 153 193 108 21 150 239 247 42 245 210 122 208 152 242 105 213 148 2 31 195 121 78 181 133 182 28 136 251 11 128 26 191 81 247 244 171 119 110 141 117 216 215 233 242 186 211 131 68 180 49 244 25 182 41 152 15 132 33 117 75 229 217 71 201 159 255 18 33 114 44 112 199 186 241 221 12
0 31 16 227 86 170 176 155 9 228 163 84 207 126 235 241 183 37 190 134 86 61 36 26 188 46 209 121 146 29 58 190 75 200 249 135 162 178 142 212 12 161 91 121 26 156 237 214 169 245 252 160 76 165 56 81 40 160 171 228 181 197 64 204 81 184 76 187 78 227 56 153 165 0 47 23 173 228 235 181 198 10 165 13 9 45 241 202 175 157 210 169 24 172 230 79 155 49 71 86 168 85 70 69 175 178 14 129 152 143 0 176 139 175 44 173 121 110 193 20 74 41 80 213 107 161 226 66
0 4 154 53 90 106 151 142 96 115 138 115 241 7 185 55 253 70 171 198 100 213 131 123 219 65 0 43 137 84 197 68 97 106 111 32 217 73 82 75 67 138 208 64 85 182 248 83 232 197 131 86 201 59 237 152 129 101 16 122 244 33 216 59 188 96 102 29 83 55 220 162 112 62 121 9 244 46 208 238 103 23 172 8 84 219 172 223 243 231 140 173 131 215 135 3 118 229 90 57 187 118 30 81 237 214 252 45 186 154 35 221 190 152 209 105 91 222 224 232 13 174 218 219 155 56 85 3
204 140 61 67 27 25 47 172 160 43 233 69 61 110 140 15 40 99 115 227 139 168 31 60 130 210 170 230 168 130 32 60 38 192 137 136 196 252 137 12 123 23 217 13 237 1 15 7 229 8 63 125 121 139 103 96 160 215 75 167 3 149 224 132 94 75 145 221 228 16 89 254 171 89 233 62 217 40 45 243 51 61 131 40 126 201 75 182 224 209 91 149 160 195 249 193 117 78 64 83 21 59 190 236 161 137 6 28 241 54 44 210 197 160 102 225 78 144 167 67 47 136 210 189 32 9 230 120
0 215 81 57 113 70 201 103 104 247 145 53 82 99 148 184 215 25 160 42 212 2 0 164 222 243 9 121 207 236 67 80 147 183 237 124 32 239 40 116 18 138 143 81 78 33 11 117 19 138 34 100 105 15 119 194 75 19 93 129 22 114 163 44 30 19 42 140 101 164 94 14 163 27 196 126 134 93 24 88 52 133 36 178 95 227 182 150 131 247 149 146 76 215 150 118 45 149 164 161 85 182 152 66 166 19 155 74 248 198 127 71 122 206 144 163 226 111 69 205 29 55 71 136 108 140 57 118
0 244 248 108 235 95 22 18 112 155 85 90 155 178 126 65 217 36 63 212 135 206 56 206 35 210 220 142 29 9 31 69 192 101 164 54 127 75 32 126 79 219 227 51 112 191 141 51 252 56 234 180 66 24 228 156 223 90 104 41 33 185 40 223 100 212 60 213 184 240 240 36 63 108 220 169 123 194 102 165 131 9 224 8 82 159 36 86 113 48 37 91 129 184 51 81 55 20 238 147 45 34 156 1 32 62 235 204 154 131 154 253 58 44 170 153 187 161 169 94 182 30 174 97 44 245 238 23
0 200 94 247 100 226 27 207 198 23 53 224 116 42 219 255 1 132 36 100 155 215 93 3 38 16 185 182 237 173 67 241 231 211 217 84 4 114 53 131 254 213 40 169 112 41 129 235 164 228 251 93 144 116 206 196 189 245 193 48 177 208 77 88 177 124 130 153 66 237 120 154 126 138 245 212 6 115 165 143 80 183 4 48 8 249 31 12 210 168 245 208 125 209 33 251 101 210 146 19 8 146 54 79 186 211 254 224 50 89 6 252 66 231 217 120 65 203 144 116 242 14 48 85 88 221 146 218
0 180 219 142 58 1 50 209 66 111 239 172 83 137 87 208 23 33 211 71 59 79 5 208 55 236 7 86 33 241 252 180 87 68 136 15 81 105 97 129 151 41 146 96 2 73 150 207 181 109 223 57 232 206 254 243 156 87 165 78 137 25 41 14 104 12 15 141 216 175 15 208 150 110 147 178 82 25 227 36 84 223 137 158 124 80 219 206 100 178 33 127 92 142 254 180 142 169 11 209 220 93 5 164 102 119 27 40 148 221 124 85 198 62 192 83 232 0 188 167 204 219 112 218 165 200 108 185
0 151 121 221 90 61 204 190 157 253 63 100 67 52 177 44 178 31 193 54 135 104 113 108 48 193 130 23 99 17 121 1 101 166 81 212 166 175 223 2 65 19 17 151 99 158 31 234 63 228 51 58 156 141 52 5 150 248 202 198 87 192 110 2 218 184 247 100 167 193 184 151 184 13 147 188 9 63 225 28 62 113 79 55 21 130 191 133 62 198 241 97 95 171 100 77 229 177 148 86 224 243 197 127 185 3 183 243 140 214 71 238 117 144 109 216 83 63 102 192 153 113 179 250 187 146 144 225
0 200 131 155 9 6 25 46 82 142 84 92 226 103 65 23 95 135 34 240 117 37 247 242 90 233 211 37 78 96 117 205 102 232 142 48 24 52 109 131 100 79 39 174 105 31 241 66 237 36 89 205 162 226 34 86 65 72 76 232 235 249 88 253 185 147 91 31 43 245 204 187 147 37 214 159 46 197 227 37 54 39 77 197 133 114 210 69 167 32 60 76 26 105 67 191 151 253 150 210 68 73 8 208 123 143 68 89 37 124 72 230 210 164 99 158 45 54 207 219 89 58 170 253 20 51 191 38
0 108 237 185 93 214 169 123 136 162 157 85 67 99 131 91 238 48 196 195 231 16 117 191 97 171 152 66 26 223 250 208 240 23 18 230 213 141 45 9 12 77 63 211 91 227 90 100 155 26 132 3 92 243 155 34 98 107 237 138 49 178 143 118 88 228 146 112 195 252 178 243 40 65 138 153 10 237 34 1 1 41 168 20 171 7 157 255 22 204 109 126 79 221 203 111 95 43 8 168 7 63 99 119 11 218 21 223 213 62 55 1 100 24 90 223 110 176 145 210 2 92 55 143 52 17 159 226
0 110 143 64 106 233 61 229 223 126 199 97 76 113 170 248 35 139 74 166 121 190 43 137 63 196 196 217 213 123 80 138 253 233 210 194 0 145 211 11 153 153 94 205 180 127 184 244 199 220 151 192 40 155 156 17 105 52 207 89 211 169 216 149 248 217 81 150 71 165 3 155 53 104 34 204 73 24 100 234 74 158 114 173 52 186 153 32 66 155 157 212 157 83 105 210 162 237 233 210 163 32 159 44 22 0 75 219 16 177 109 104 34 215 40 145 67 165 134 175 35 245 194 32 33 158 48 113
0 121 30 130 94 222 55 58 83 100 4 90 24 242 34 155 68 229 4 85 206 113 231 92 136 7 217 40 74 176 159 205 157 215 51 235 202 200 155 117 165 205 254 48 37 155 128 203 38 191 241 232 66 87 138 101 203 172 173 219 180 62 254 126 200 17 139 105 144 136 119 27 39 39 208 238 26 57 78 57 221 132 174 129 78 41 222 29 118 0 39 184 123 12 216 172 12 164 183 51 75 2 134 12 191 180 118 242 245 232 246 149 133 46 43 45 127 44 53 234 162 98 11 49 249 96 208 72
0 180 168 247 101 110 119 154 115 119 111 1 12 173 69 187 17 219 47 28 216 189 36 21 153 175 168 214 137 160 193 222 170 75 182 251 118 156 120 45 211 65 170 156 241 54 114 236 119 98 228 138 124 114 4 232 172 223 140 232 60 62 137 238 190 210 178 26 17 22 234 14 145 147 81 20 20 112 41 96 241 53 254 32 133 73 105 156 176 173 159 82 175 36 213 20 246 115 101 24 215 96 143 79 81 122 69 47 47 45 10 118 65 152 198 71 224 82 232 179 82 56 126 170 83 202 206 84
0 124 125 187 125 158 189 221 201 59 119 100 253 120 184 113 178 0 240 124 123 243 33 2 176 157 233 60 242 161 150 199 237 10 98 120 112 84 150 113 135 107 45 228 202 241 103 196 231 72 58 192 210 200 44 233 94 3 46 85 49 136 78 190 74 3 232 26 117 184 146 143 185 243 195 171 249 233 245 20 191 228 245 28 194 23 139 175 5 191 84 78 56 23 21 104 116 234 148 164 22 186 89 37 158 77 84 195 190 235 38 207 38 132 207 20 147 182 13 116 15 223 21 74 114 119 174 11
0 0 150 19 9 16 86 92 108 216 162 200 130 179 89 89 239 40 153 197 210 191 123 19 185 250 29 69 226 250 85 9 50 253 66 43 133 239 32 96 126 9 173 46 86 54 118 46 193 164 8 38 180 27 165 41 173 243 12 82 40 116 184 42 178 227 65 230 53 4 80 104 81 135 64 58 236 244 22 9 183 234 19 129 81 144 60 221 60 56 144 201 93 62 195 27 235 184 46 41 79 70 229 104 40 158 54 62 31 98 150 48 240 233 180 227 56 195 240 103 123 188 6 139 93 80 124 0
0 0 86 193 121 43 187 223 213 70 135 77 145 164 191 171 44 107 125 28 55 82 67 68 46 242 44 127 141 11 187 180 6 201 230 164 85 227 191 50 132 96 170 108 66 197 235 145 156 45 134 226 214 146 42 142 50 188 215 118 161 166 3 98 209 156 219 19 24 133 183 167 68 118 118 236 71 240 225 55 91 2 185 241 218 76 213 180 146 186 28 85 0 137 232 127 50 167 98 180 120 106 116 219 194 112 74 18 68 149 166 176 30 247 207 254 190 3 222 255 37 138 173 215 0 118 242 0
0 0 143 55 168 218 218 181 124 18 200 8 232 207 150 46 147 100 106 72 71 57 195 218 254 80 169 200 247 1 109 193 205 15 26 234 129 99 82 168 169 80 82 43 46 145 127 18 191 62 4 90 55 104 249 15 135 61 110 170 180 122 242 217 204 135 68 50 105 47 99 156 207 1 35 27 93 189 208 218 141 160 88 155 154 9 89 215 97 236 23 120 36 12 232 194 227 13 240 153 210 93 134 7 45 78 197 45 226 85 116 175 84 42 50 37 80 0 22 211 123 202 244 124 11 142 109 0
0 0 146 99 146 108 234 20 103 48 20 198 185 194 239 167 75 90 165 59 140 51 99 133 42 178 142 178 218 20 246 163 34 39 103 191 65 206 24 27 192 159 175 201 200 74 101 89 138 7 238 201 143 40 22 231 49 87 210 224 146 70 80 125 15 93 90 12 219 43 77 44 185 236 223 239 226 121 222 151 28 1 246 53 47 49 25 145 126 35 127 140 170 132 123 135 198 223 16 140 22 207 220 41 12 14 212 137 42 61 196 63 232 151 53 110 72 48 204 45 49 33 7 19 232 246 240 0
0 0 0 250 158 120 66 249 113 68 39 5 7 89 114 75 73 32 106 120 79 23 179 8 252 58 100 90 53 9 1 145 83 26 129 55 169 229 156 111 151 167 13 7 68 237 174 71 71 110 67 119 90 235 180 101 14 178 110 4 29 238 160 175 44 43 38 50 224 245 185 157 108 152 74 123 6 86 163 139 184 246 112 130 190 228 101 89 72 229 172 186 218 148 49 45 250 56 29 11 65 236 122 212 48 76 204 82 140 19 55 101 149 121 110 94 200 78 56 84 49 163 232 145 76 247 0 0
0 0 0 76 104 41 209 47 172 33 157 111 184 180 240 234 162 101 237 189 196 51 175 11 17 147 44 137 10 198 142 108 168 177 2 2 98 80 231 233 218 167 253 195 110 61 123 224 254 3 10 183 193 141 29 61 178 231 177 50 68 186 114 94 77 0 154 7 177 161 62 83 80 94 180 31 234 140 48 173 253 46 140 67 163 47 50 40 252 119 18 223 250 134 113 21 231 95 190 225 103 197 246 50 152 16 22 222 100 26 53 229 226 70 96 138 255 212 132 250 120 38 166 26 200 181 0 0
0 0 0 199 212 32 174 201 148 189 117 145 124 152 110 202 18 223 139 31 138 33 112 134 142 85 69 16 147 74 72 218 112 128 149 211 144 143 40 154 141 242 104 202 244 253 155 169 28 11 231 37 121 177 145 142 34 37 14 227 90 114 58 12 198 45 250 0 118 193 58 25 8 75 186 197 85 17 17 140 219 110 100 177 232 63 215 23 183 56 113 112 225 67 9 162 85 108 216 214 132 15 106 129 198 174 248 66 71 96 1 236 152 229 164 70 148 137 121 232 150 82 225 124 83 56 0 0
0 0 0 247 41 81 144 188 125 27 148 76 121 0 90 82 164 170 224 208 193 111 122 197 152 81 190 52 105 211 174 73 245 247 160 102 240 45 174 163 19 68 9 49 37 237 8 246 74 239 127 162 150 25 153 163 179 92 96 58 103 123 138 78 83 113 2 93 40 128 28 40 11 186 111 209 33 101 84 35 41 61 9 139 161 33 40 114 55 195 233 71 191 243 243 184 20 234 56 1 113 116 141 42 150 254 88 75 203 125 7 199 163 137 64 72 28 80 167 53 153 145 15 17 222 117 0 0
0 0 0 0 198 27 120 53 8 79 41 94 130 50 85 47 116 193 174 91 175 237 216 96 169 197 11 48 78 83 234 25 125 168 56 248 206 251 130 102 231 131 171 69 27 50 226 86 233 110 175 80 124 25 196 41 194 234 197 158 245 55 220 192 141 187 80 143 3 234 204 108 145 101 25 242 173 118 102 63 151 147 104 220 251 165 16 65 248 117 27 227 106 139 28 41 35 81 87 220 198 250 158 94 26 208 61 243 199 175 34 91 178 33 164 38 37 87 140 80 230 74 222 29 46 0 0 0
0 0 0 0 77 163 51 97 154 132 94 199 4 73 114 53 46 63 115 188 161 205 146 96 205 119 78 245 116 217 105 227 165 200 72 26 169 174 237 29 145 122 71 95 136 1 34 152 143 82 140 62 15 122 237 132 131 162 148 137 29 132 65 214 174 242 247 35 79 89 146 63 15 32 6 145 81 111 176 59 3 184 18 154 153 187 21 37 103 118 108 12 151 141 69 8 5 222 91 63 49 41 199 249 23 13 150 129 63 0 228 43 221 167 83 143 78 88 130 167 92 143 68 18 138 0 0 0
0 0 0 0 13 137 225 28 75 233 175 130 109 159 251 53 111 143 211 254 238 249 111 216 143 25 230 118 161 155 22 240 207 239 111 117 31 127 159 135 104 252 230 115 254 38 182 213 184 206 0 161 253 85 239 51 156 154 65 193 112 224 190 249 35 123 103 194 247 180 115 148 58 16 39 104 176 246 103 25 140 71 202 34 127 44 239 169 43 155 231 143 214 35 106 141 134 168 105 71 2 70 153 139 47 249 96 156 208 240 115 233 48 13 3 213 59 59 237 219 239 167 255 198 208 0 0 0
0 0 0 0 0 171 142 81 163 82 107 163 165 15 208 133 25 255 54 149 124 151 98 74 38 195 115 255 155 159 118 173 40 171 167 189 124 67 197 139 54 32 79 246 191 49 232 213 101 136 246 130 97 155 186 146 67 82 17 112 243 153 200 231 29 119 87 14 18 11 199 219 224 130 101 4 123 61 35 217 108 37 172 137 92 107 6 207 225 30 84 60 244 91 171 213 14 245 16 196 197 208 214 123 31 102 248 193 191 146 246 167 121 109 193 185 29 193 22 38 23 124 144 73 0 0 0 0
0 0 0 0 0 51 124 99 255 48 98 218 238 185 250 55 3 107 197 164 199 187 135 76 115 179 59 167 174 52 47 31 118 219 59 47 80 255 9 130 145 95 154 210 230 131 61 122 140 31 71 183 135 237 250 29 14 20 147 232 252 87 242 58 156 202 140 169 232 112 13 113 29 50 127 96 194 177 55 48 179 134 108 89 131 226 157 41 2 174 32 255 246 58 255 187 119 173 252 138 26 26 86 101 52 179 188 157 72 133 68 94 110 44 63 181 189 191 129 101 26 94 187 124 0 0 0 0
0 0 0 0 0 0 145 111 175 31 164 117 153 55 108 4 35 217 56 174 176 18 128 59 10 130 105 150 77 83 109 123 252 57 158 200 17 19 82 88 3 187 204 79 251 212 68 202 52 225 6 244 96 91 74 65 133 53 75 229 106 232 114 240 68 193 250 232 41 97 107 109 163 164 112 48 180 182 33 149 37 55 200 15 130 145 16 113 145 205 29 62 248 152 190 61 189 162 84 190 32 222 155 224 235 70 84 74 117 18 81 76 159 64 22 137 67 153 192 196 184 108 120 0 0 0 0 0
0 0 0 0 0 0 174 78 255 194 127 53 131 222 150 142 49 24 133 242 42 254 113 123 96 192 91 250 167 232 141 118 41 178 178 221 78 141 205 109 177 183 103 181 219 253 44 16 245 60 14 199 148 212 51 19 181 65 161 238 153 249 100 141 80 12 72 239 234 115 147 3 231 22 199 49 174 170 100 66 180 145 197 148 12 204 74 227 162 6 163 146 116 248 7 162 68 111 186 135 6 57 17 188 6 167 199 27 109 135 141 26 231 148 238 9 54 59 130 69 90 117 96 0 0 0 0 0
0 0 0 0 0 0 133 13 234 92 100 110 82 242 189 24 28 223 53 173 167 84 80 187 71 188 63 221 146 183 165 248 128 85 185 154 176 128 218 142 126 198 150 75 240 145 125 250 110 139 36 41 140 8 201 69 220 122 50 4 93 108 168 113 190 55 39 140 113 103 83 77 253 230 30 131 141 10 3 232 95 73 171 66 97 194 72 41 223 118 196 199 133 186 21 130 192 104 40 171 87 78 248 12 198 74 227 117 145 158 137 217 221 185 162 196 123 20 216 85 210 88 72 0 0 0 0 0
0 0 0 0 0 0 0 143 157 19 52 207 162 188 242 133 202 223 215 47 75 36 136 16 146 179 16 8 105 210 245 238 109 190 202 15 171 83 192 93 146 245 48 101 171 24 220 9 44 148 221 155 53 227 249 62 18 195 236 67 224 151 195 164 140 172 41 22 99 233 150 114 254 135 59 21 43 127 159 204 113 97 213 135 80 129 210 142 93 73 230 54 9 155 228 121 160 76 217 148 180 140 197 48 13 176 211 135 221 163 95 215 167 154 106 95 184 54 203 202 244 179 0 0 0 0 0 0
0 0 0 0 0 0 0 36 177 181 52 192 132 193 96 80 103 102 154 155 155 101 14 59 56 142 29 219 109 209 121 125 170 16 238 72 250 38 212 65 150 255 95 53 107 251 81 95 63 109 134 56 28 76 66 66 236 15 241 94 196 185 150 221 6 241 10 148 245 182 118 164 43 19 192 145 58 173 214 234 112 174 23 195 111 209 205 130 27 78 214 200 10 75 45 81 14 20 110 201 143 40 239 185 147 171 213 224 53 42 37 234 247 84 231 255 148 185 45 17 4 33 0 0 0 0 0 0
0 0 0 0 0 0 0 0 251 105 252 125 244 62 32 153 192 31 232 182 247 79 115 153 122 218 159 244 39 28 7 105 80 72 25 206 215 156 100 17 145 232 239 208 99 234 70 226 16 88 84 99 13 170 47 60 81 39 110 129 77 182 116 164 97 243 91 18 249 219 144 3 132 214 60 251 205 136 97 232 236 56 158 48 149 80 176 90 225 18 113 35 160 52 71 219 1 241 18 185 167 35 231 120 193 162 51 228 120 127 98 71 228 211 64 46 159 83 17 216 194 0 0 0 0 0 0 0
0 0 0 0 0 0 0 0 0 99 156 148 56 86 135 244 129 144 44 191 211 84 72 12 47 54 128 246 44 130 230 201 113 253 69 191 196 2 68 19 163 19 6 100 228 44 182 219 120 40 126 118 106 239 60 125 140 144 96 216 251 135 218 136 166 39 129 181 131 115 97 56 229 188 108 185 226 239 108 13 125 66 62 201 104 95 190 183 156 122 128 232 117 121 59 190 1 237 175 196 193 81 99 155 172 70 82 7 48 232 95 36 225 120 173 151 117 49 237 11 0 0 0 0 0 0 0 0
0 0 0 0 0 0 0 0 0 13 199 236 128 120 116 212 71 11 25 173 103 132 215 32 224 187 186 229 102 83 140 48 223 153 45 3 62 98 1 141 68 54 62 179 23 87 180 72 223 172 190 252 155 233 126 113 34 225 87 86 95 199 201 164 92 27 244 38 123 208 63 8 29 129 255 102 250 23 49 169 33 56 48 246 120 80 221 12 35 10 59 91 213 111 0 170 24 186 171 237 123 72 85 157 156 101 237 3 101 180 174 128 20 136 36 204 24 220 175 54 0 0 0 0 0 0 0 0
0 0 0 0 0 0 0 0 0 0 139 20 157 198 141 146 12 7 43 245 58 203 227 169 58 166 176 165 54 200 53 6 2 166 162 182 100 110 59 188 93 159 48 98 222 188 52 93 254 110 49 52 2 63 42 25 46 184 229 178 182 189 252 182 231 227 111 147 3 234 23 206 135 98 15 0 44 0 236 246 11 162 26 28 118 192 244 240 175 217 30 174 239 185 134 17 31 178 182 125 119 216 38 85 114 116 248 210 57 179 122 13 65 226 62 45 238 210 137 0 0 0 0 0 0 0 0 0
0 0 0 0 0 0 0 0 0 0 141 191 205 164 189 203 237 26 105 112 126 153 120 120 87 55 137 217 195 92 193 241 97 7 223 153 13 32 254 89 141 179 229 119 202 124 135 50 146 10 167 55 41 19 76 196 205 99 134 131 83 28 179 115 153 148 66 208 212 142 165 206 200 167 141 59 247 132 155 92 9 189 114 26 26 200 162 249 243 34 49 38 133 163 211 124 36 149 38 176 36 62 174 23 27 122 224 136 212 50 249 82 11 116 90 66 108 113 15 0 0 0 0 0 0 0 0 0
0 0 0 0 0 0 0 0 0 0 0 233 38 143 113 152 247 236 91 37 42 42 209 58 130 42 25 49 168 50 202 13 152 104 135 21 144 46 154 223 82 252 177 1 120 142 126 254 213 220 84 227 86 213 228 216 106 66 83 76 63 102 151 196 123 147 236 110 81 109 254 215 28 104 34 175 223 21 83 179 108 94 168 62 124 155 245 243 223 128 121 49 221 102 126 125 17 232 236 5 203 139 216 250 41 9 191 45 66 45 117 245 160 65 24 205 37 96 0 0 0 0 0 0 0 0 0 0
0 0 0 0 0 0 0 0 0 0 0 0 247 201 161 231 95 162 76 37 176 225 135 125 30 18 160 61 122 237 228 6 218 197 213 225 121 95 133 60 127 206 242 13 66 99 226 121 165 89 61 80 198 67 153 126 130 116 100 6 58 217 96 167 159 218 4 45 102 150 70 81 52 50 227 145 144 150 143 78 2 252 140 175 179 214 160 66 61 109 116 208 12 20 115 149 219 30 238 96 175 238 253 84 34 163 197 50 210 224 64 126 200 170 67 17 177 0 0 0 0 0 0 0 0 0 0 0
0 0 0 0 0 0 0 0 0 0 0 0 142 112 128 56 35 18 198 186 61 107 247 19 124 170 147 39 46 56 130 8 231 27 1 218 210 172 253 69 160 208 135 33 190 63 249 203 159 176 14 95 27 222 193 153 71 89 121 251 79 149 193 31 242 0 128 177 143 166 118 119 143 174 197 159 194 30 57 156 142 89 157 254 17 165 70 84 194 119 109 120 57 217 212 54 29 153 176 229 33 167 116 130 42 14 251 136 155 99 175 222 117 217 19 153 75 0 0 0 0 0 0 0 0 0 0 0
0 0 0 0 0 0 0 0 0 0 0 0 0 207 144 254 1 95 47 255 182 225 99 11 101 14 153 111 93 242 230 184 188 106 240 5 202 112 86 241 61 168 138 225 8 151 98 175 172 230 24 65 63 169 180 46 34 116 157 198 89 165 174 55 119 253 96 37 155 43 111 198 77 168 107 178 134 10 154 185 150 168 90 88 227 223 151 145 87 155 242 131 247 86 202 106 143 70 158 241 118 26 190 79 69 197 246 123 60 61 226 232 245 50 85 113 0 0 0 0 0 0 0 0 0 0 0 0
0 0 0 0 0 0 0 0 0 0 0 0 0 0 173 113 88 251 67 136 136 227 127 40 44 164 134 25 219 124 15 60 79 196 72 206 60 21 44 89 224 254 141 145 242 167 203 0 211 105 112 144 67 173 71 201 91 98 43 8 143 252 224 234 191 197 242 105 225 216 141 161 192 76 251 148 156 27 100 169 134 149 84 112 113 147 25 100 70 37 207 142 157 157 111 10 0 239 85 211 108 121 108 223 225 232 23 136 139 26 77 126 110 116 69 0 0 0 0 0 0 0 0 0 0 0 0 0
0 0 0 0 0 0 0 0 0 0 0 0 0 0 0 119 154 147 201 81 124 158 53 224 104 21 44 79 14 220 17 20 197 99 250 247 171 113 88 106 50 116 161 101 230 39 24 96 17 120 190 234 69 187 222 158 219 185 107 202 154 111 245 102 149 251 243 203 47 203 103 171 209 225 165 36 198 147 172 178 132 139 254 35 101 51 227 49 82 163 150 4 97 128 211 14 58 66 71 228 32 196 231 12 190 105 105 154 136 157 202 103 6 93 0 0 0 0 0 0 0 0 0 0 0 0 0 0
0 0 0 0 0 0 0 0 0 0 0 0 0 0 0 70 230 249 199 251 166 178 154 240 218 247 254 4 38 12 222 186 208 152 236 214 203 126 219 253 213 240 239 77 69 33 159 12 62 228 136 162 148 151 196 1 88 150 111 224 104 30 82 50 184 128 4 245 8 36 36 99 84 160 100 76 237 132 224 219 176 102 247 198 139 35 130 230 255 222 198 201 228 185 146 129 223 66 101 241 237 230 226 78 106 63 19 190 7 239 243 42 160 250 0 0 0 0 0 0 0 0 0 0 0 0 0 0
0 0 0 0 0 0 0 0 0 0 0 0 0 0 0 0 230 233 189 16 83 253 229 156 216 32 186 41 22 57 101 182 26 52 144 141 172 223 148 113 249 101 73 117 190 252 22 255 116 245 18 1 80 177 224 31 165 42 199 26 19 23 247 148 134 85 167 44 216 167 247 85 162 33 206 146 14 80 169 23 189 36 3 162 146 136 26 163 189 3 7 25 113 190 107 179 13 31 26 193 141 203 188 154 192 176 33 144 101 180 149 79 254 0 0 0 0 0 0 0 0 0 0 0 0 0 0 0
0 0 0 0 0 0 0 0 0 0 0 0 0 0 0 0 0 234 200 161 128 135 231 9 133 73 196 114 227 44 164 245 149 166 193 128 246 71 2 236 202 74 95 190 17 230 28 18 144 251 144 106 144 249 229 170 133 175 6 226 187 198 124 195 17 185 63 108 71 168 211 178 37 28 145 215 181 217 33 74 80 235 170 68 250 145 199 218 37 195 73 87 136 123 200 26 127 28 149 107 109 126 244 3 205 222 169 122 2 213 69 68 0 0 0 0 0 0 0 0 0 0 0 0 0 0 0 0
0 0 0 0 0 0 0 0 0 0 0 0 0 0 0 0 0 0 71 76 224 39 139 248 170 42 3 68 196 39 212 217 212 96 30 167 85 85 244 194 98 209 204 194 208 69 153 4 228 107 228 211 218 84 217 119 52 82 180 212 51 189 25 29 69 7 157 146 75 203 106 53 194 74 118 12 13 64 178 216 87 126 135 42 229 83 103 220 94 6 46 44 201 84 135 83 143 159 195 0 103 215 89 141 128 223 180 122 229 90 189 0 0 0 0 0 0 0 0 0 0 0 0 0 0 0 0 0
0 0 0 0 0 0 0 0 0 0 0 0 0 0 0 0 0 0 0 12 1 16 59 232 128 23 153 135 174 45 16 104 223 36 16 19 220 112 11 218 21 150 24 97 184 65 240 38 186 141 115 227 45 238 84 214 182 234 40 177 124 99 223 159 6 176 156 220 206 157 144 219 38 90 108 198 101 250 149 21 100 84 127 51 49 216 1 71 251 248 42 28 191 190 106 117 243 170 231 12 55 55 127 64 36 199 194 203 237 164 0 0 0 0 0 0 0 0 0 0 0 0 0 0 0 0 0 0
0 0 0 0 0 0 0 0 0 0 0 0 0 0 0 0 0 0 0 0 186 3 53 47 228 199 65 87 97 191 118 8 55 133 102 202 206 76 19 230 206 204 159 151 107 11 48 88 111 240 91 109 59 227 138 71 230 180 239 238 30 122 24 155 241 114 193 164 163 91 5 178 167 159 34 10 13 60 73 4 63 60 254 101 68 126 251 44 122 123 249 120 159 230 179 15 153 51 75 163 167 54 2 151 212 54 14 40 43 0 0 0 0 0 0 0 0 0 0 0 0 0 0 0 0 0 0 0
0 0 0 0 0 0 0 0 0 0 0 0 0 0 0 0 0 0 0 0 0 79 189 122 86 65 24 26 85 187 67 163 7 177 128 108 104 142 179 58 31 102 236 137 28 118 215 87 156 14 2 118 229 171 226 180 77 141 7 78 34 194 240 245 127 226 160 55 151 31 177 39 127 202 115 130 186 165 195 92 153 242 68 133 87 203 141 96 128 136 112 204 106 222 119 69 218 242 239 115 112 43 46 149 79 53 125 26 0 0 0 0 0 0 0 0 0 0 0 0 0 0 0 0 0 0 0 0
0 0 0 0 0 0 0 0 0 0 0 0 0 0 0 0 0 0 0 0 0 0 181 105 228 117 62 90 252 250 97 9 11 70 59 54 45 248 18 6 169 105 88 1 99 51 176 75 157 155 218 131 130 162 40 213 101 226 188 48 46 117 173 56 45 214 144 41 120 63 210 254 236 40 67 164 52 53 7 193 107 94 52 236 100 69 218 247 47 253 168 160 27 10 236 35 28 118 189 206 234 135 210 202 255 90 195 0 0 0 0 0 0 0 0 0 0 0 0 0 0 0 0 0 0 0 0 0
0 0 0 0 0 0 0 0 0 0 0 0 0 0 0 0 0 0 0 0 0 0 0 209 220 155 102 63 9 59 129 106 221 15 129 20 45 108 236 123 213 220 210 185 184 24 39 47 182 232 55 189 172 97 253 87 2 44 216 19 55 118 132 128 152 173 251 136 134 78 234 144 217 138 244 8 61 163 91 199 228 164 180 200 34 101 15 66 0 161 165 157 84 62 255 241 223 41 158 97 203 252 194 109 212 25 0 0 0 0 0 0 0 0 0 0 0 0 0 0 0 0 0 0 0 0 0 0
0 0 0 0 0 0 0 0 0 0 0 0 0 0 0 0 0 0 0 0 0 0 0 0 0 47 192 91 63 163 140 180 42 171 250 86 78 10 75 68 155 215 209 233 84 185 10 97 7 204 30 108 160 14 247 149 22 132 169 75 183 96 66 125 249 99 240 247 96 212 235 250 236 172 180 147 57 87 99 149 241 63 169 13 180 92 237 239 240 171 36 16 107 184 6 74 133 200 82 243 42 208 38 56 0 0 0 0 0 0 0 0 0 0 0 0 0 0 0 0 0 0 0 0 0 0 0 0
0 0 0 0 0 0 0 0 0 0 0 0 0 0 0 0 0 0 0 0 0 0 0 0 0 0 12 161 39 253 58 102 7 95 124 29 43 100 88 143 176 119 126 70 206 91 17 201 200 3 50 223 97 16 33 31 234 223 37 13 25 252 52 187 14 60 94 73 22 161 242 101 38 128 224 13 89 225 73 17 253 59 130 93 135 30 180 50 186 92 56 12 239 59 94 211 13 145 137 78 62 210 170 0 0 0 0 0 0 0 0 0 0 0 0 0 0 0 0 0 0 0 0 0 0 0 0 0
0 0 0 0 0 0 0 0 0 0 0 0 0 0 0 0 0 0 0 0 0 0 0 0 0 0 0 203 62 230 253 143 218 30 215 4 68 26 16 133 253 181 151 78 151 212 100 115 88 132 117 229 253 6 235 187 8 22 2 17 87 129 13 132 15 89 161 13 72 144 12 212 214 202 146 190 61 78 250 76 12 131 76 217 233 214 1 60 151 154 68 50 194 154 230 185 186 89 254 22 32 85 0 0 0 0 0 0 0 0 0 0 0 0 0 0 0 0 0 0 0 0 0 0 0 0 0 0
0 0 0 0 0 0 0 0 0 0 0 0 0 0 0 0 0 0 0 0 0 0 0 0 0 0 0 0 0 38 241 200 152 221 42 25 3 18 114 63 255 54 65 111 12 166 146 162 141 218 20 77 207 94 250 231 230 17 105 252 250 145 157 52 42 144 169 10 194 21 105 167 28 29 188 254 213 91 132 212 95 172 87 21 15 221 138 217 29 237 133 228 211 87 249 181 135 245 171 126 0 0 0 0 0 0 0 0 0 0 0 0 0 0 0 0 0 0 0 0 0 0 0 0 0 0 0 0
0 0 0 0 0 0 0 0 0 0 0 0 0 0 0 0 0 0 0 0 0 0 0 0 0 0 0 0 0 0 233 182 235 6 181 124 100 69 222 245 148 143 21 193 200 197 188 90 40 154 3 221 105 135 21 148 18 185 3 5 100 161 76 218 146 69 171 117 248 39 87 66 68 23 221 59 222 103 74 55 116 173 19 130 249 7 150 194 124 138 174 3 163 86 87 187 233 106 91 0 0 0 0 0 0 0 0 0 0 0 0 0 0 0 0 0 0 0 0 0 0 0 0 0 0 0 0 0
0 0 0 0 0 0 0 0 0 0 0 0 0 0 0 0 0 0 0 0 0 0 0 0 0 0 0 0 0 0 0 0 133 123 13 135 187 236 70 16 149 162 38 209 254 6 121 172 229 122 188 158 246 111 240 16 104 84 30 173 221 45 142 141 244 46 95 10 185 127 144 67 204 184 73 83 49 247 35 192 223 205 180 106 147 87 211 54 163 23 51 0 8 156 19 142 102 0 0 0 0 0 0 0 0 0 0 0 0 0 0 0 0 0 0 0 0 0 0 0 0 0 0 0 0 0 0 0
0 0 0 0 0 0 0 0 0 0 0 0 0 0 0 0 0 0 0 0 0 0 0 0 0 0 0 0 0 0 0 0 0 0 253 175 206 225 133 73 33 51 164 52 196 101 223 184 154 238 83 79 204 123 6 101 164 101 67 3 12 162 56 121 103 48 5 42 89 231 87 148 51 16 125 155 63 225 33 191 140 45 225 211 188 194 63 188 132 159 188 199 237 217 137 0 0 0 0 0 0 0 0 0 0 0 0 0 0 0 0 0 0 0 0 0 0 0 0 0 0 0 0 0 0 0 0 0
0 0 0 0 0 0 0 0 0 0 0 0 0 0 0 0 0 0 0 0 0 0 0 0 0 0 0 0 0 0 0 0 0 0 0 79 143 248 101 23 37 228 35 243 157 178 21 23 235 131 182 141 144 156 218 176 53 22 33 64 104 248 237 129 193 78 228 20 44 90 13 20 35 2 118 175 202 253 144 5 25 34 108 132 118 247 113 114 27 44 189 235 148 17 0 0 0 0 0 0 0 0 0 0 0 0 0 0 0 0 0 0 0 0 0 0 0 0 0 0 0 0 0 0 0 0 0 0
0 0 0 0 0 0 0 0 0 0 0 0 0 0 0 0 0 0 0 0 0 0 0 0 0 0 0 0 0 0 0 0 0 0 0 0 0 235 110 93 41 232 38 124 92 178 94 146 88 144 212 26 137 13 24 121 49 184 94 251 82 195 199 233 42 78 164 113 125 113 32 56 217 101 16 97 71 221 161 37 151 190 191 75 88 190 101 14 55 117 174 155 0 0 0 0 0 0 0 0 0 0 0 0 0 0 0 0 0 0 0 0 0 0 0 0 0 0 0 0 0 0 0 0 0 0 0 0
0 0 0 0 0 0 0 0 0 0 0 0 0 0 0 0 0 0 0 0 0 0 0 0 0 0 0 0 0 0 0 0 0 0 0 0 0 0 0 0 53 119 62 214 235 128 157 127 96 119 183 76 215 252 172 74 235 190 180 243 199 201 181 19 106 203 221 228 154 82 2 238 247 154 119 164 75 191 215 109 154 32 61 49 190 52 9 15 12 0 0 0 0 0 0 0 0 0 0 0 0 0 0 0 0 0 0 0 0 0 0 0 0 0 0 0 0 0 0 0 0 0 0 0 0 0 0 0
0 0 0 0 0 0 0 0 0 0 0 0 0 0 0 0 0 0 0 0 0 0 0 0 0 0 0 0 0 0 0 0 0 0 0 0 0 0 0 0 0 0 232 204 167 213 224 54 54 197 219 57 42 207 11 129 95 150 9 135 60 16 22 234 202 67 56 217 133 75 6 143 218 240 95 46 239 200 136 227 49 122 5 102 247 153 108 0 0 0 0 0 0 0 0 0 0 0 0 0 0 0 0 0 0 0 0 0 0 0 0 0 0 0 0 0 0 0 0 0 0 0 0 0 0 0 0 0
0 0 0 0 0 0 0 0 0 0 0 0 0 0 0 0 0 0 0 0 0 0 0 0 0 0 0 0 0 0 0 0 0 0 0 0 0 0 0 0 0 0 0 0 0 102 201 171 33 13 169 37 175 83 66 120 2 4 9 95 225 179 14 55 216 129 9 50 194 232 29 6 247 4 20 215 82 122 234 198 130 79 51 68 0 0 0 0 0 0 0 0 0 0 0 0 0 0 0 0 0 0 0 0 0 0 0 0 0 0 0 0 0 0 0 0 0 0 0 0 0 0 0 0 0 0 0 0
0 0 0 0 0 0 0 0 0 0 0 0 0 0 0 0 0 0 0 0 0 0 0 0 0 0 0 0 0 0 0 0 0 0 0 0 0 0 0 0 0 0 0 0 0 0 0 0 0 175 187 69 133 167 91 159 187 211 52 41 69 171 118 63 200 241 184 229 228 32 72 166 191 128 245 69 252 181 177 149 0 0 0 0 0 0 0 0 0 0 0 0 0 0 0 0 0 0 0 0 0 0 0 0 0 0 0 0 0 0 0 0 0 0 0 0 0 0 0 0 0 0 0 0 0 0 0 0
0 0 0 0 0 0 0 0 0 0 0 0 0 0 0 0 0 0 0 0 0 0 0 0 0 0 0 0 0 0 0 0 0 0 0 0 0 0 0 0 0 0 0 0 0 0 0 0 0 0 0 0 0 202 131 29 59 193 114 132 160 147 179 21 218 251 10 145 69 208 17 153 47 88 225 204 0 0 0 0 0 0 0 0 0 0 0 0 0 0 0 0 0 0 0 0 0 0 0 0 0 0 0 0 0 0 0 0 0 0 0 0 0 0 0 0 0 0 0 0 0 0 0 0 0 0 0 0
