100
150 96 107 192 167 56 61 129 109 186 108 106 81 174 151 85 60 165 200 30 252 42 63 246 165 244 219 108 185 70 105 24 116 150 204 116 200 226 180 233 177 158 15 119 216 92 244 231 219 210 161 230 226 226 177 130 9 14 168 186 166 204 219 229 241 220 47 148 229 219 145 138 245 16 195 78 43 31 73 53 28 123 166 76 17 233 5 162 118 233 198 83 249 74 196 116 170 173 141 189
20 77 156 192 64 15 201 58 197 57 197 11 36 87 208 110 49 103 148 0 28 177 46 79 112 80 141 134 224 94 195 179 127 58 150 210 231 189 26 93 121 190 142 64 136 68 105 58 156 193 60 123 179 49 74 165 55 210 53 134 31 27 85 194 204 250 76 36 72 105 0 205 161 203 153 134 34 26 186 227 71 57 225 210 14 111 114 198 61 9 66 91 188 33 50 245 239 144 236 190
76 90 195 163 240 191 203 106 240 88 17 222 40 182 13 184 15 148 51 162 192 164 181 198 31 225 57 29 89 11 30 73 230 73 129 234 239 123 99 200 249 97 3 75 140 122 44 122 142 121 115 78 49 157 93 72 206 210 140 136 190 225 6 53 158 120 35 128 193 43 52 34 23 31 86 200 227 94 65 178 89 83 72 58 163 175 19 57 98 225 15 138 80 50 141 58 150 31 44 19
127 197 117 195 16 134 178 174 28 81 208 32 154 81 92 40 175 81 248 248 65 215 134 171 193 67 203 128 123 122 212 57 216 86 202 87 225 0 151 27 191 173 243 131 115 132 239 189 81 223 42 102 127 235 181 21 233 25 22 215 8 82 150 242 156 56 93 145 229 30 55 22 237 20 173 197 170 53 199 189 6 81 167 100 1 3 185 207 212 7 161 32 36 58 69 96 143 40 183 223
241 171 224 86 252 166 239 211 214 123 27 237 217 185 255 98 249 151 235 217 178 88 20 33 92 126 125 16 159 246 228 171 108 247 30 117 141 160 222 27 254 23 157 214 154 195 238 173 11 40 57 64 19 57 228 137 104 27 77 197 3 226 234 144 193 24 120 132 51 50 14 113 187 96 102 117 38 108 136 200 45 86 197 113 66 35 181 92 244 96 164 16 129 225 223 144 231 125 181 249
75 212 9 182 58 45 53 75 58 39 156 141 48 169 187 112 24 222 182 17 181 225 107 55 186 63 106 47 235 138 185 75 139 167 245 179 68 236 130 88 233 43 92 144 72 216 184 250 195 207 191 155 35 146 240 113 116 56 209 231 107 182 183 223 240 31 20 194 86 152 157 200 110 109 226 236 17 154 37 172 127 195 221 215 254 40 85 148 255 121 15 99 177 182 234 137 118 78 198 134
52 144 82 212 158 191 31 231 212 228 51 237 80 100 91 41 246 244 36 245 240 247 11 246 19 87 134 217 246 166 156 56 60 11 241 164 166 58 231 152 64 128 159 207 105 39 93 124 235 91 215 189 78 132 254 254 32 120 3 100 2 204 139 23 142 126 188 52 117 41 177 26 107 215 64 56 170 150 249 152 58 77 106 181 195 156 106 211 28 135 42 146 38 7 237 229 111 58 34 110
58 80 166 160 142 193 139 193 85 157 22 193 149 173 80 46 216 92 87 108 120 43 160 254 171 184 206 227 18 157 163 174 82 61 47 107 138 246 60 104 234 85 2 246 100 97 76 233 74 98 184 74 24 43 227 253 243 160 136 186 244 235 50 229 4 123 42 121 144 56 231 139 70 167 75 244 105 197 56 1 15 35 23 148 59 242 113 198 178 140 254 132 24 172 145 220 66 154 150 213
9 113 66 66 8 65 243 28 132 227 20 72 220 251 142 195 101 32 24 141 141 200 236 47 39 128 9 247 26 156 215 59 16 228 114 160 212 126 221 199 162 5 51 6 57 150 221 219 40 153 226 140 50 247 235 32 209 155 233 149 203 87 195 204 102 71 72 134 57 44 173 135 88 99 35 40 224 48 159 214 53 225 253 173 229 254 70 46 32 200 7 77 100 7 58 6 121 227 127 97
36 2 229 141 36 119 155 174 146 34 49 162 163 241 174 239 203 114 65 201 182 166 121 4 105 252 138 235 77 163 115 41 243 253 191 24 193 218 12 80 82 15 122 242 146 210 183 118 31 200 226 208 70 26 184 214 44 158 118 84 204 108 85 74 177 197 61 62 149 136 75 156 32 97 129 77 224 35 207 159 114 179 78 244 29 179 71 169 163 2 110 46 254 147 134 235 84 183 176 18
160 108 211 75 175 225 23 121 174 202 217 27 138 148 189 26 199 99 139 239 0 131 132 120 251 255 225 152 81 137 234 108 15 247 57 36 177 43 87 110 211 211 82 248 34 220 76 10 113 109 99 55 203 27 38 118 88 52 207 48 153 128 217 11 20 120 245 235 159 69 19 79 13 31 77 78 92 217 152 37 147 226 140 39 178 0 164 5 56 118 159 153 250 108 20 128 207 246 14 237
8 102 236 128 41 14 43 85 239 233 82 138 222 23 177 117 154 3 112 8 246 77 58 13 179 19 49 125 145 24 75 215 158 246 131 86 15 141 86 44 245 58 85 81 63 100 169 227 137 17 251 3 148 83 107 243 18 248 240 163 114 100 51 33 150 252 27 247 100 101 122 79 223 235 37 139 93 226 134 175 166 74 85 146 127 40 59 147 185 255 26 41 240 177 71 99 123 0 58 163
65 233 126 197 158 192 34 164 211 173 92 226 146 54 192 116 74 219 255 208 219 231 142 181 252 218 125 240 175 87 60 201 237 220 152 192 40 214 123 210 19 145 105 151 154 66 209 159 175 143 2 72 1 15 78 36 217 191 219 250 14 26 99 22 16 141 186 240 144 243 241 162 45 219 230 8 213 76 135 202 231 15 163 51 225 35 120 243 24 126 47 132 248 146 55 146 126 253 200 29
31 59 173 116 188 126 102 184 252 102 182 168 214 93 19 158 154 25 251 221 61 201 22 7 3 104 221 207 140 33 41 27 196 198 130 202 213 57 133 210 228 174 162 85 106 254 212 180 231 255 104 85 115 35 141 129 58 119 252 183 16 78 49 89 66 235 234 83 60 122 89 188 54 233 225 0 220 137 86 10 152 191 64 77 67 226 216 13 210 79 198 220 175 236 19 230 161 19 75 176
48 161 61 119 143 234 90 253 190 220 116 82 145 50 136 103 124 143 48 13 93 189 16 216 0 25 210 221 215 26 111 144 84 60 92 94 239 51 245 29 21 32 207 102 122 71 69 94 95 20 54 187 0 80 80 227 126 27 233 109 112 248 72 228 146 133 107 72 103 101 123 20 39 219 12 178 76 173 83 99 145 193 185 90 48 31 151 59 83 49 142 15 200 220 71 62 92 172 175 163
226 207 32 215 138 17 210 226 20 126 149 183 57 25 170 23 179 243 69 203 93 226 115 250 37 254 27 229 172 123 185 163 15 150 151 207 146 113 230 82 211 238 188 29 233 37 209 139 23 180 157 131 22 66 185 218 186 157 126 183 70 32 196 63 141 123 46 75 117 233 9 249 204 111 8 226 138 90 109 226 0 158 149 5 48 103 218 221 151 192 240 154 112 182 212 86 230 78 6 147
109 0 61 126 229 4 14 156 197 43 219 39 151 141 23 33 33 98 62 125 238 211 18 97 157 22 159 13 28 60 85 222 135 18 47 214 169 192 135 41 52 28 107 192 30 84 211 203 213 67 232 199 133 123 204 12 74 87 0 10 213 187 255 234 148 177 150 106 135 77 140 124 33 46 135 224 135 126 50 67 201 70 133 103 196 116 103 155 47 64 157 104 13 120 15 14 151 175 53 7
101 246 125 126 220 74 122 134 40 82 86 223 158 243 30 83 49 193 223 177 130 212 152 21 6 128 11 47 11 84 144 231 100 129 154 151 210 253 229 198 27 5 79 196 131 136 6 49 96 188 8 145 60 188 117 134 239 14 146 142 39 212 45 91 181 118 142 187 95 143 127 89 186 163 94 6 71 22 129 44 141 82 119 159 147 232 74 155 164 49 128 230 29 143 48 151 216 183 169 251
74 126 122 95 243 236 229 61 208 39 94 252 224 25 124 182 199 208 21 98 77 242 182 33 166 78 89 47 202 146 196 23 118 227 77 46 39 205 207 179 42 88 186 40 102 57 116 204 213 117 239 211 160 94 137 136 203 56 7 76 91 57 20 223 186 84 57 199 151 113 216 116 138 160 197 145 171 247 192 198 7 44 150 66 137 45 148 162 210 192 65 35 170 73 227 174 204 102 228 190
49 104 69 85 44 156 89 84 24 17 148 194 53 33 175 83 181 1 245 226 4 188 35 200 70 226 129 186 118 169 247 11 253 127 10 105 26 99 93 153 245 50 41 106 96 51 181 213 206 207 240 178 58 189 217 212 237 15 232 237 233 135 238 170 151 103 11 85 112 208 142 103 184 57 42 29 31 85 168 25 90 22 15 173 153 190 11 169 36 109 240 87 79 237 34 213 184 187 180 239
84 84 126 142 41 58 12 188 91 82 52 37 199 167 148 76 48 69 213 104 226 156 225 120 100 108 211 173 237 80 155 82 33 88 10 8 254 122 140 170 175 134 169 44 65 76 198 7 165 189 229 122 25 209 12 243 10 220 66 117 81 16 125 53 129 190 40 4 30 239 156 0 142 237 227 205 2 8 146 134 197 72 38 112 239 225 103 141 84 214 186 87 3 55 231 210 191 110 176 172
26 137 82 191 50 58 230 146 128 50 107 32 59 114 231 58 232 185 137 35 180 67 30 181 6 138 71 120 130 230 6 213 144 193 215 252 186 164 94 78 111 19 106 179 69 185 99 125 36 20 121 236 45 250 251 41 4 105 42 181 168 139 255 77 227 162 44 84 104 43 41 204 100 91 178 48 187 90 56 85 115 175 67 0 255 71 207 253 244 86 154 209 186 221 200 81 201 78 71 89
154 147 231 2 140 130 35 115 179 39 54 65 124 162 95 84 136 114 160 18 101 111 67 6 21 204 26 255 16 120 24 26 69 96 105 44 239 255 176 77 121 248 89 246 131 56 143 247 147 59 221 82 21 23 51 37 59 56 138 166 138 112 229 227 23 218 93 72 58 132 224 182 198 254 18 221 115 249 79 17 210 97 20 131 21 184 98 127 65 107 239 225 206 152 68 104 105 192 30 255
32 202 208 71 200 247 204 127 116 26 35 85 86 132 25 211 61 5 92 5 117 187 224 71 20 48 106 163 0 109 20 155 13 49 154 178 114 163 81 180 129 13 135 251 229 64 89 123 49 240 41 215 48 103 97 67 1 242 130 144 178 35 246 42 151 103 234 11 115 149 108 147 224 213 157 21 85 139 16 143 86 139 198 214 19 139 166 138 227 84 85 66 95 185 71 151 206 28 65 187
7 121 58 107 249 2 182 250 194 160 207 253 212 197 16 153 231 20 105 167 173 136 66 23 85 236 100 78 75 247 174 247 170 192 113 87 242 89 253 52 159 134 185 151 13 133 141 49 50 156 247 80 72 206 107 188 238 179 19 254 9 122 221 101 133 83 14 24 95 120 186 139 138 41 188 136 193 200 99 203 88 233 236 156 29 181 196 194 188 10 88 197 36 25 171 77 107 136 184 241
54 164 150 151 50 113 193 224 66 227 5 209 144 164 255 2 190 94 28 22 232 250 90 3 51 55 126 3 73 195 220 210 94 197 39 49 21 240 177 217 15 174 4 115 236 13 185 218 56 78 178 138 254 245 147 113 77 11 78 134 250 13 231 157 242 146 118 48 78 76 189 48 127 122 22 168 189 79 126 192 66 41 82 209 254 134 239 112 253 0 182 29 178 5 33 209 73 202 167 162
167 197 129 76 4 176 192 179 46 151 69 0 217 138 184 103 232 202 22 143 181 56 95 84 22 164 44 200 112 81 214 16 115 61 84 3 81 192 67 150 97 173 252 189 103 4 159 161 24 70 196 242 228 67 0 45 19 8 108 84 153 24 68 218 70 162 240 192 184 19 163 84 31 73 157 32 204 236 253 170 116 153 1 82 86 153 59 206 120 36 61 180 226 232 224 230 229 164 220 135
154 120 2 202 142 230 178 162 133 70 83 59 7 169 80 120 84 148 3 239 201 162 74 137 72 154 183 2 187 76 213 153 208 64 152 247 3 110 18 50 227 167 13 121 245 84 179 165 159 194 112 242 69 150 5 157 224 10 218 172 143 180 225 84 174 178 199 198 185 129 8 113 244 120 31 186 47 246 56 164 181 211 45 148 37 60 247 45 193 84 165 136 123 130 96 47 135 27 19 241
12 237 138 86 23 91 21 209 39 84 65 22 180 196 252 35 219 53 155 196 141 24 179 148 155 227 98 228 128 36 20 16 116 218 129 62 232 194 217 24 133 44 176 45 129 74 60 120 73 227 164 230 174 191 33 22 56 165 111 174 51 225 103 222 141 59 244 134 122 1 43 131 140 226 88 198 12 223 150 247 108 125 3 234 234 149 18 94 157 76 84 231 61 128 84 124 185 138 16 152
78 206 94 166 142 9 58 170 173 71 24 190 35 44 208 167 160 67 195 254 97 226 193 33 252 237 122 201 54 230 215 39 106 108 2 60 202 37 224 239 250 22 71 50 233 31 209 84 182 178 229 250 165 198 168 157 28 79 145 141 116 237 181 143 164 32 150 27 107 245 14 14 9 81 204 203 13 72 173 180 234 37 189 67 98 167 222 197 205 37 210 126 65 48 187 254 75 96 223 55
154 125 226 4 156 212 111 66 7 56 175 15 247 51 232 137 215 170 17 67 241 234 51 161 248 182 154 83 29 202 75 130 99 199 84 55 208 201 63 130 246 108 73 91 107 168 235 74 36 192 191 63 184 29 165 25 208 197 96 217 87 185 184 7 135 142 218 139 126 188 204 80 190 33 130 114 124 189 193 105 64 182 89 82 27 113 50 68 107 14 238 192 98 65 69 231 85 139 239 221
201 57 236 254 139 185 50 124 244 40 41 163 114 24 44 163 4 97 103 19 155 210 72 62 160 140 192 166 193 209 169 21 246 62 140 58 199 160 146 11 96 67 43 95 103 31 167 37 210 61 63 85 210 0 81 152 137 181 194 50 175 205 6 171 114 241 21 32 37 10 178 229 132 180 47 67 160 106 4 140 6 206 109 242 59 51 73 131 73 127 15 175 150 22 237 65 130 248 172 94
143 184 40 196 195 40 99 254 225 188 225 148 229 94 59 16 51 255 115 154 190 148 40 151 121 155 91 221 229 158 175 82 55 36 216 127 140 134 46 18 245 56 196 206 96 129 36 41 197 238 33 30 178 52 47 226 194 233 21 203 89 190 51 185 247 253 202 206 56 116 16 227 172 6 217 251 187 19 96 50 114 128 104 72 1 77 37 15 40 17 22 15 38 239 56 80 130 221 134 142
244 91 239 180 42 157 57 71 216 50 58 112 40 189 175 129 161 226 96 37 95 79 16 29 166 209 107 132 11 50 138 87 11 163 49 59 249 182 249 22 233 10 36 232 237 89 69 60 133 157 132 7 31 198 233 12 12 109 210 192 218 55 214 106 200 71 70 81 52 10 56 18 132 118 64 34 69 15 35 241 229 146 85 8 95 64 73 27 11 12 180 117 217 125 244 79 36 252 16 125
6 214 180 126 4 40 62 97 182 19 221 79 142 56 115 59 192 121 255 170 207 24 215 191 196 186 62 227 112 244 207 122 221 16 13 67 20 204 220 140 9 44 246 13 143 196 125 142 214 8 65 236 247 203 76 239 173 188 10 11 109 225 226 128 116 106 120 205 85 118 51 43 202 34 249 254 166 46 124 169 138 2 255 106 64 102 217 58 70 119 184 161 170 225 96 126 7 254 200 238
83 46 242 151 152 4 38 141 82 123 204 29 119 67 65 235 106 8 43 84 85 102 159 14 113 196 220 218 149 255 151 165 4 164 5 11 18 196 80 205 50 101 134 145 197 70 242 1 20 185 57 111 70 18 217 232 83 33 67 113 37 63 239 156 81 87 187 146 212 173 226 183 175 26 76 238 180 209 106 47 205 186 169 92 171 22 205 180 216 51 114 177 10 176 151 128 165 109 185 234
79 97 105 105 205 89 113 27 182 180 4 37 229 112 63 23 126 237 24 50 14 69 203 106 171 253 163 178 23 212 64 239 20 6 143 70 132 153 224 206 33 30 11 99 205 11 194 31 84 189 96 217 198 14 210 7 34 164 209 149 32 93 178 112 69 142 125 255 19 250 110 205 225 105 3 97 131 191 241 199 198 220 131 196 165 113 227 59 187 254 252 79 97 11 199 30 98 173 14 17
31 11 230 175 200 96 199 22 237 108 39 231 21 3 255 93 251 254 227 1 92 78 194 106 101 80 57 205 115 181 15 40 251 240 30 235 134 148 210 90 41 125 78 247 119 4 21 164 217 57 27 208 8 73 125 151 24 114 254 117 193 225 244 39 242 34 49 178 4 222 190 86 158 85 131 56 224 180 36 191 105 22 73 23 62 127 120 66 1 254 47 77 61 85 104 97 107 211 66 170
153 172 206 255 194 177 9 51 9 44 90 249 166 196 167 192 161 124 227 130 175 8 154 42 182 197 22 226 191 182 63 94 37 228 253 42 129 127 243 54 98 144 217 156 226 181 85 81 57 22 255 184 195 58 152 201 19 169 157 190 109 47 212 114 27 91 137 204 246 204 129 217 13 215 182 12 166 155 166 183 206 65 253 12 156 40 94 68 222 230 192 175 31 110 214 6 27 9 28 25
82 136 126 72 174 83 217 70 49 222 106 123 93 47 184 2 56 143 22 59 64 94 25 46 5 178 166 170 180 161 13 231 102 107 88 230 148 24 99 47 11 75 138 62 247 199 132 98 219 253 247 139 199 161 29 57 99 222 176 236 47 68 137 137 183 65 13 208 165 179 109 143 10 7 101 8 24 29 171 188 92 181 69 8 38 154 20 95 195 81 221 126 215 228 33 0 118 163 184 15
207 32 135 225 217 93 54 114 97 156 56 221 142 162 210 2 19 174 122 56 57 243 131 158 217 141 117 219 44 239 177 190 81 232 111 165 89 71 70 224 5 80 195 116 209 134 23 151 30 91 184 130 26 128 81 56 204 114 223 84 229 251 157 175 56 51 171 163 45 5 92 242 105 154 99 75 162 76 1 21 32 92 33 225 248 50 221 90 78 166 91 186 111 207 255 183 240 132 255 87
210 191 113 19 129 30 8 61 129 48 66 247 111 166 0 142 39 65 64 150 16 73 124 234 203 147 71 66 45 145 112 111 237 194 212 169 218 127 15 97 138 126 11 230 27 127 133 255 210 12 248 229 217 59 251 202 34 228 17 251 186 101 155 24 12 200 120 152 122 32 246 225 145 200 31 221 178 136 1 201 121 183 51 224 10 1 240 119 199 158 104 108 210 47 16 239 166 48 20 232
179 63 121 232 164 137 180 92 134 171 78 178 162 39 178 51 116 44 124 42 126 239 42 228 116 127 6 71 180 217 146 110 58 58 34 214 101 197 192 160 203 227 250 249 31 96 107 64 228 32 114 62 200 124 80 162 66 46 57 193 247 22 153 241 64 107 182 87 65 239 71 111 0 136 160 105 94 53 124 220 73 228 79 8 238 148 114 9 20 162 23 241 68 77 230 48 99 253 17 110
152 152 252 125 60 54 57 203 5 219 156 127 40 30 203 0 168 99 168 171 253 35 249 244 231 75 107 112 93 96 9 35 250 185 135 216 181 69 141 48 85 252 126 247 53 97 29 194 76 229 61 126 234 1 254 11 241 158 154 172 50 147 86 32 62 196 68 160 211 208 175 27 203 128 218 143 23 204 67 45 52 217 184 203 55 107 1 229 212 28 49 27 106 197 85 250 246 32 235 78
9 31 193 194 240 179 182 51 185 41 8 218 8 171 194 205 208 5 76 165 92 139 189 6 24 246 113 93 150 20 250 45 181 223 240 190 186 224 155 80 89 142 51 31 206 186 32 105 212 119 16 146 92 248 135 227 168 41 190 249 20 80 165 116 74 182 11 133 223 202 20 233 105 107 216 219 32 47 100 23 26 180 113 20 231 254 162 64 69 90 235 248 34 14 72 91 1 50 14 168
154 61 207 43 114 52 146 49 169 44 252 248 197 198 76 194 232 217 116 231 140 87 202 94 214 181 7 144 58 69 44 131 152 168 158 22 131 72 108 154 102 108 210 231 144 149 86 233 160 240 26 125 50 255 191 193 201 151 62 211 28 245 19 186 8 23 80 124 110 68 222 1 142 46 63 246 167 157 210 29 198 26 179 174 245 45 167 85 151 153 63 102 178 161 123 94 135 216 241 113
104 70 47 99 53 255 17 65 219 51 36 83 101 183 37 204 168 158 175 79 204 178 44 44 201 34 132 79 167 50 26 4 137 177 155 95 232 107 135 92 80 128 24 169 82 39 154 192 146 220 107 142 171 205 58 155 89 102 58 31 239 201 55 37 5 41 133 1 221 157 238 242 195 40 82 190 13 59 164 210 183 182 52 151 228 8 211 189 232 81 61 205 197 12 190 226 168 208 36 250
5 40 66 235 72 111 125 92 165 123 6 100 56 228 254 154 128 200 75 137 76 118 4 246 241 38 109 80 72 37 153 190 15 155 187 232 155 192 105 47 138 194 34 187 132 237 75 225 10 84 207 125 135 16 79 187 252 212 189 42 98 73 196 254 64 71 0 233 110 242 145 9 241 46 219 193 234 30 98 203 204 37 133 244 131 114 116 216 219 227 160 58 49 119 151 54 125 205 123 113
216 0 157 205 79 196 70 123 213 176 254 80 120 112 71 96 208 157 42 135 2 168 6 76 89 189 37 146 68 152 211 159 244 4 223 203 57 23 69 84 162 170 138 99 113 56 128 35 216 233 192 109 219 82 39 107 213 100 28 18 59 40 49 240 224 179 236 219 162 4 52 186 81 68 130 172 24 35 19 102 118 113 191 93 182 109 87 117 197 108 115 30 144 237 30 23 185 107 39 28
108 54 24 185 63 171 249 4 157 240 225 6 155 218 18 45 72 67 16 253 182 63 234 230 136 229 165 41 70 102 133 89 218 191 178 71 94 18 198 246 223 18 110 59 161 153 227 28 88 98 212 236 94 159 162 62 92 169 11 145 78 66 100 177 85 193 44 1 123 13 30 216 52 72 114 112 11 42 1 191 106 78 92 78 79 84 126 174 48 56 200 172 58 186 219 252 115 187 147 71
112 82 232 39 235 185 232 37 208 238 34 174 48 32 155 127 214 192 167 157 76 219 62 180 16 77 163 239 248 102 61 34 28 2 209 219 97 128 46 223 19 157 39 114 84 62 165 114 112 44 63 74 71 38 33 168 117 206 155 24 46 45 204 198 254 119 29 127 252 67 156 98 31 130 4 41 63 149 11 212 131 63 220 160 123 209 197 75 124 148 114 175 110 53 178 191 187 188 105 216
171 209 50 1 123 104 230 44 4 119 145 255 244 140 74 60 107 210 50 166 113 161 66 170 183 251 24 175 237 149 115 118 36 180 30 67 51 127 109 0 54 73 15 196 195 85 25 72 213 108 20 98 137 146 140 226 66 253 129 5 38 50 138 48 192 172 134 119 42 227 52 175 50 241 199 243 151 108 173 121 78 218 160 71 249 241 86 202 96 56 243 72 36 105 187 78 175 201 134 104
219 129 134 180 110 43 35 121 119 11 99 183 3 89 250 105 251 14 233 89 222 79 166 108 37 179 4 249 134 154 246 40 41 38 80 236 9 198 20 188 75 141 169 156 33 40 13 112 92 15 221 52 3 101 183 15 253 163 23 248 97 253 157 161 63 186 200 184 122 95 167 228 65 49 193 235 38 74 177 197 100 11 227 167 14 84 142 215 158 123 62 228 200 182 234 102 183 6 82 186
30 10 88 128 15 21 128 172 93 60 76 82 151 149 146 82 75 89 248 57 157 121 125 28 99 216 99 212 102 4 244 20 141 197 12 203 114 106 251 205 33 63 194 73 27 252 239 12 217 31 212 44 201 45 12 4 0 245 146 171 0 252 50 27 191 153 124 33 8 184 183 54 232 3 193 83 25 101 254 88 68 231 237 89 44 223 114 180 178 177 163 246 119 193 240 65 55 176 136 46
208 65 242 206 58 197 13 78 55 33 203 231 247 153 5 57 91 249 91 45 113 102 178 109 203 56 74 60 12 5 204 221 82 72 52 0 50 229 33 153 221 58 217 190 41 93 27 254 125 198 7 199 145 218 70 163 154 197 103 241 164 223 14 140 201 216 122 176 217 27 10 73 37 7 195 10 136 3 183 83 2 40 104 102 43 71 193 128 228 106 18 84 154 83 199 197 65 185 227 149
32 230 238 15 163 247 25 160 12 3 87 79 90 155 96 160 100 245 150 200 88 76 235 159 176 126 183 190 90 142 231 136 226 100 177 43 255 192 80 113 183 140 150 57 157 165 43 146 219 47 202 74 111 210 29 211 99 144 131 235 104 219 110 219 49 153 101 33 244 156 43 98 243 112 24 146 133 180 1 93 151 170 41 193 69 109 192 57 160 201 120 239 150 171 90 190 166 180 102 24
79 58 160 228 206 68 77 71 104 149 226 71 131 95 54 120 193 170 227 127 95 58 253 106 126 215 252 32 210 147 123 159 162 89 76 103 106 189 120 134 135 5 63 76 190 242 59 3 164 150 230 230 253 36 192 109 185 9 115 122 110 161 122 191 150 76 17 66 45 237 116 174 183 154 200 93 70 125 105 234 196 12 15 102 196 117 179 102 183 155 119 74 122 254 216 226 54 210 201 237
173 170 200 36 3 98 45 17 113 190 68 112 233 138 75 113 141 43 127 241 0 78 83 216 93 230 98 210 232 198 14 101 207 160 211 103 217 127 136 183 226 35 171 153 33 92 69 67 169 130 154 21 63 83 78 111 193 22 64 103 162 54 149 180 81 169 166 215 17 251 44 105 166 211 219 218 153 30 159 18 188 11 8 22 8 179 198 26 224 195 201 84 156 58 77 203 162 99 78 137
144 96 196 152 0 39 178 16 109 14 176 19 254 98 237 64 29 16 246 50 54 81 51 223 194 162 35 165 113 191 19 102 91 53 201 84 79 133 199 211 57 17 96 186 205 237 96 32 239 94 144 127 37 103 8 53 22 156 42 231 43 204 229 46 137 0 242 233 214 253 223 121 7 227 131 49 103 91 214 228 55 155 188 30 5 218 242 181 132 148 240 52 26 118 164 93 131 216 238 199
62 6 96 79 40 243 178 120 225 143 180 120 30 131 185 44 211 247 19 203 185 52 119 33 244 84 193 225 65 19 174 191 128 203 241 8 116 79 34 235 167 217 172 7 115 229 209 21 52 21 85 161 23 184 20 242 53 186 4 66 32 63 53 212 21 4 8 194 231 188 141 208 216 241 31 209 12 128 136 58 5 34 165 204 20 160 35 183 144 150 245 17 157 149 131 126 44 76 212 196
50 240 22 144 39 203 227 139 170 91 40 105 33 117 152 71 143 49 26 78 229 89 149 102 0 132 79 100 139 195 23 205 213 98 61 9 230 144 234 154 29 151 203 25 0 36 8 150 80 131 63 105 167 211 116 216 229 252 172 135 171 159 160 166 144 56 187 41 192 233 53 255 50 119 192 92 56 84 228 61 220 218 7 144 14 43 228 132 132 207 159 60 179 47 143 153 73 90 206 63
205 146 87 216 79 202 204 102 45 16 171 33 168 180 39 99 6 151 159 60 42 37 209 203 126 109 2 94 74 12 15 186 107 141 92 212 82 12 91 113 46 82 130 102 28 167 243 171 86 118 43 86 167 133 117 30 1 213 186 237 40 119 217 222 191 136 106 193 27 39 110 78 152 210 90 2 201 102 20 204 240 66 25 16 248 219 113 14 23 59 123 105 196 160 172 77 30 24 114 173
251 93 48 173 210 77 217 125 29 27 186 153 252 102 7 103 218 215 239 203 192 159 129 231 14 70 112 68 14 210 42 11 1 130 144 33 3 139 33 6 33 27 118 171 115 116 134 99 123 62 163 95 17 27 49 126 97 135 108 49 226 140 208 40 229 130 207 133 142 166 177 33 89 212 103 98 137 81 171 48 41 24 40 248 71 159 35 74 155 221 76 69 183 122 79 193 76 39 17 126
19 189 165 87 52 15 177 67 43 91 97 233 211 126 140 150 126 18 50 25 31 137 69 206 88 135 249 93 189 100 13 195 128 245 5 48 238 182 28 126 20 103 40 95 42 30 179 67 93 6 34 118 138 98 56 79 208 242 189 171 98 5 247 101 25 239 221 77 211 116 146 35 238 88 137 231 136 14 45 166 208 59 115 241 249 220 215 129 55 158 55 169 60 84 212 12 153 21 234 173
117 122 143 218 202 121 208 44 130 7 255 230 169 14 117 110 110 230 101 206 135 151 9 53 21 171 9 230 251 188 235 248 161 170 63 49 226 229 144 239 42 58 249 226 9 122 66 182 49 9 101 66 91 202 203 52 122 134 169 127 53 105 53 205 12 46 22 5 154 143 133 47 237 51 236 102 28 81 210 78 187 222 173 244 78 95 30 87 213 164 5 108 133 243 7 189 31 171 95 161
105 96 182 210 232 161 43 130 140 246 32 93 120 148 85 170 110 65 38 4 183 195 124 142 51 128 43 122 182 21 217 233 46 202 32 83 221 95 90 186 67 67 80 43 5 202 32 204 29 158 89 160 3 151 172 21 149 71 144 68 218 208 23 48 215 95 80 147 101 123 170 58 109 49 247 71 243 67 162 109 134 191 189 119 193 97 102 48 91 103 82 199 99 66 99 93 68 239 204 196
157 54 74 75 187 121 61 40 61 76 96 211 204 159 2 85 250 75 223 223 88 230 42 197 45 144 49 6 9 197 106 181 75 44 62 62 31 197 208 254 33 81 60 170 228 72 238 105 30 165 198 125 167 169 104 217 140 126 129 125 2 5 135 15 25 158 242 190 57 100 98 95 18 22 42 226 238 211 140 217 100 206 221 7 79 117 143 29 68 98 116 155 121 231 240 80 248 231 126 32
57 114 22 165 79 233 194 253 50 76 35 36 43 244 249 182 27 124 143 175 3 215 29 14 58 238 28 137 119 218 223 230 106 215 126 232 75 211 50 197 2 32 20 194 39 44 90 249 150 214 74 254 196 169 53 232 91 22 190 141 0 212 231 4 238 119 166 190 215 116 221 86 241 21 129 214 117 176 172 96 224 49 177 214 98 27 70 168 232 125 154 94 236 134 22 90 71 73 168 86
60 105 240 14 185 163 138 175 190 252 237 39 40 167 88 251 110 133 102 250 165 245 222 24 11 252 215 182 38 208 90 97 33 190 52 186 24 209 178 220 195 122 9 178 183 9 20 81 15 125 41 143 207 32 120 136 212 161 78 35 127 35 47 184 131 214 110 35 43 10 192 145 186 126 65 18 178 87 158 122 184 68 185 183 210 88 181 139 76 170 137 20 229 238 11 22 131 105 132 14
27 7 52 249 178 57 183 79 163 165 106 66 238 147 190 17 171 81 219 177 10 36 9 197 23 167 146 109 110 207 141 247 25 44 27 238 85 112 160 147 215 76 107 182 213 240 245 146 32 93 178 7 1 178 239 39 100 132 233 95 173 66 19 47 255 85 50 190 78 7 43 253 86 245 124 158 30 61 110 220 74 93 51 0 1 9 63 226 235 196 84 255 111 82 241 240 154 194 223 252
128 1 182 61 88 246 173 183 164 145 114 225 64 34 18 56 47 177 106 94 147 245 213 255 118 200 249 162 5 57 27 87 46 43 194 157 134 131 198 45 128 155 168 46 2 13 95 20 22 87 120 232 94 194 55 12 124 11 215 251 228 63 150 70 250 114 33 173 80 177 32 242 79 255 208 213 98 204 39 160 83 98 6 164 76 225 22 195 46 191 162 112 169 60 194 63 92 1 189 56
114 69 214 177 130 217 153 137 2 57 61 93 159 33 169 84 212 204 206 62 243 19 240 29 63 121 105 214 55 55 88 1 187 141 54 190 18 18 53 50 109 67 100 153 140 14 26 144 214 224 64 60 101 145 111 232 73 36 217 150 5 135 127 18 198 54 27 85 181 2 27 249 221 148 93 53 96 245 13 109 21 106 240 124 92 67 56 6 35 250 6 23 130 41 37 144 4 189 52 130
239 20 31 182 161 119 244 155 109 128 185 140 106 39 239 121 232 143 164 142 36 31 49 252 114 118 91 173 90 248 102 122 73 211 88 83 4 243 116 56 29 101 72 228 210 7 184 221 118 224 80 172 160 78 235 94 6 14 231 38 144 190 32 38 139 207 78 144 122 200 110 238 164 63 73 98 201 49 94 65 27 66 172 249 167 104 8 79 94 74 139 172 199 243 216 249 116 110 218 101
137 20 242 145 6 156 64 145 166 204 135 190 13 41 6 144 242 82 81 31 71 233 189 144 205 16 105 255 171 167 120 84 0 136 166 51 60 152 166 131 133 78 18 200 16 38 32 68 25 243 155 97 42 21 92 87 19 230 18 133 245 195 200 70 134 140 59 119 67 117 103 189 249 238 90 221 35 85 211 49 146 109 138 124 58 177 150 108 231 71 254 251 144 102 132 99 125 203 198 220
170 141 113 90 133 169 124 199 234 226 14 46 168 107 213 155 91 120 54 223 142 52 18 229 60 16 137 62 222 245 162 92 102 113 128 57 241 135 218 16 250 114 29 151 81 220 147 35 139 17 228 69 69 48 72 122 221 172 72 221 111 41 188 34 84 240 187 144 18 133 93 102 118 68 227 73 249 128 92 190 84 90 252 154 156 81 104 255 103 100 188 153 89 136 44 193 56 241 72 61
71 127 114 248 161 109 84 153 190 78 178 144 171 72 206 209 128 139 22 210 254 61 93 24 149 24 93 213 213 170 84 172 129 53 169 56 85 197 155 245 48 217 1 152 67 76 106 228 202 13 3 215 7 216 154 128 118 228 213 95 193 245 163 108 203 115 251 153 23 172 132 39 19 70 84 155 250 166 26 186 127 22 99 229 206 128 121 154 154 209 228 234 91 240 86 120 54 173 210 67
199 180 186 101 95 93 239 127 119 62 175 246 104 127 59 137 233 69 207 201 235 222 96 220 255 43 148 217 217 168 139 142 52 247 139 65 128 79 195 242 229 193 155 34 172 125 17 120 59 86 25 231 236 228 137 52 36 226 122 240 43 146 225 110 105 76 165 243 92 216 95 113 143 9 96 55 216 10 69 15 125 81 69 26 160 176 118 109 86 93 102 26 113 56 154 22 242 68 75 19
180 174 94 12 148 114 247 27 38 39 238 34 94 150 15 141 158 12 87 66 77 65 103 14 91 3 131 242 255 176 62 62 144 212 104 213 154 44 44 86 78 127 138 67 63 16 125 79 103 70 116 82 19 186 244 11 66 201 110 153 237 50 104 191 156 168 214 236 3 213 137 237 212 95 214 164 188 178 14 4 208 206 59 236 168 120 41 239 202 140 24 116 148 6 255 120 9 231 65 200
36 34 254 50 36 62 46 53 169 150 159 48 28 58 98 63 47 176 137 78 127 236 86 192 50 89 237 41 7 70 190 156 40 155 5 152 235 84 95 32 45 17 0 141 58 51 74 235 254 174 54 242 17 108 15 229 225 49 201 128 44 87 249 188 161 117 192 161 196 17 84 38 66 63 226 176 18 241 43 229 13 239 30 44 114 228 108 207 4 222 202 78 105 137 237 69 193 30 106 111
5 175 128 132 212 67 1 182 93 77 223 167 154 255 173 32 70 110 122 12 151 16 219 230 230 241 240 245 71 45 144 44 34 98 147 118 240 244 187 6 159 45 86 182 23 251 13 199 138 213 46 146 242 54 56 61 235 75 75 169 238 43 229 197 221 151 138 187 25 173 85 66 243 95 70 55 185 163 115 192 167 171 180 140 247 61 228 84 43 31 132 91 147 210 244 98 111 198 16 244
86 31 250 60 191 251 19 88 182 19 240 40 124 120 209 118 216 97 210 63 242 161 132 36 206 177 242 45 79 140 193 71 185 113 18 234 47 90 254 171 135 140 68 16 154 220 139 66 52 224 153 14 241 126 88 254 11 146 30 174 63 64 183 155 200 112 11 171 207 42 39 2 101 18 192 165 2 160 121 56 116 211 61 225 45 74 182 232 46 250 206 213 13 116 121 57 1 245 36 242
167 92 76 163 245 155 19 165 94 173 138 206 158 113 52 126 166 119 189 89 107 156 78 196 48 236 229 189 159 95 76 196 200 91 89 104 166 136 38 181 154 173 28 121 6 191 72 212 159 73 38 13 208 79 206 56 162 94 100 215 210 79 71 2 120 60 79 114 223 208 63 252 167 228 6 60 143 244 87 235 150 130 201 106 190 234 151 231 249 48 155 31 19 105 134 246 222 173 38 218
210 76 38 223 4 82 32 180 1 176 225 107 146 199 50 108 184 60 168 140 127 27 191 5 3 191 30 77 168 180 247 95 86 61 66 192 144 172 111 216 52 164 109 86 78 66 122 217 238 221 226 241 172 203 100 253 56 64 147 177 24 196 85 61 97 68 251 31 2 144 25 86 153 10 29 234 126 242 208 112 243 45 162 113 69 99 48 246 133 123 129 168 83 118 188 46 30 81 22 17
126 219 2 247 227 1 109 231 75 255 46 232 135 19 172 117 35 226 170 142 207 136 238 95 101 248 123 165 96 75 107 63 68 195 180 200 60 38 130 121 112 156 220 101 24 206 121 243 144 15 215 210 120 144 20 88 132 163 65 212 249 111 93 210 154 55 145 6 102 74 126 5 183 94 130 63 207 161 6 122 44 76 77 78 7 123 123 18 21 53 90 146 192 85 13 122 204 222 144 212
82 24 118 221 153 206 240 45 160 15 224 52 189 15 170 5 92 85 23 96 162 211 130 84 160 113 31 152 194 235 29 153 213 184 113 136 196 44 139 42 39 212 6 139 246 225 184 62 109 84 89 87 111 136 105 44 135 110 198 122 64 107 130 226 53 52 191 133 168 118 22 140 150 32 51 123 181 181 229 65 47 138 122 236 138 79 206 151 145 55 133 136 30 2 33 98 187 230 239 112
177 168 95 221 167 221 175 23 172 131 238 15 6 162 98 57 165 38 95 230 56 31 112 35 14 123 120 107 65 223 126 46 124 105 151 255 156 126 133 242 80 59 50 118 107 86 124 17 212 46 192 101 48 5 229 236 252 12 105 174 188 54 76 165 91 74 229 233 219 156 155 117 199 143 227 48 116 128 12 149 7 177 218 236 223 26 203 226 48 112 205 234 84 169 118 131 226 252 99 222
2 45 87 61 222 113 9 82 243 176 121 104 145 142 236 83 253 102 100 95 60 164 18 230 182 169 145 80 248 13 148 11 147 164 64 36 179 81 69 16 149 111 55 129 178 18 244 58 35 197 218 136 123 146 152 171 208 251 74 66 78 241 26 240 174 118 139 191 16 96 226 142 27 146 161 238 144 114 42 23 46 17 253 77 11 172 4 121 109 41 48 131 169 99 57 147 129 148 66 7
7 15 207 1 114 225 242 247 192 143 17 8 21 229 52 124 164 29 143 163 167 33 211 86 229 172 103 35 50 120 81 118 28 155 184 205 97 109 154 227 25 103 109 56 239 67 108 22 179 232 221 1 12 30 238 58 25 170 86 184 233 18 46 11 82 150 166 230 199 30 47 241 179 236 141 116 87 172 129 14 120 106 72 99 97 21 166 85 237 163 235 183 211 26 231 34 48 189 156 27
95 142 249 25 53 153 122 116 234 212 196 249 156 137 11 232 146 96 110 150 57 0 136 42 98 51 112 106 94 51 90 94 81 188 47 35 208 52 230 56 181 53 37 53 214 114 3 250 22 22 30 99 31 190 144 113 182 0 23 213 200 75 25 26 32 175 54 48 131 133 250 0 149 154 91 146 150 226 83 182 247 249 137 101 18 104 255 213 135 16 223 115 255 44 125 218 184 255 76 69
10 158 181 255 148 118 141 68 85 136 111 185 184 27 237 154 21 121 223 221 175 183 184 134 128 25 96 95 237 227 74 154 109 122 159 36 92 251 185 25 34 172 189 178 247 110 131 225 14 224 60 13 38 13 214 9 231 62 247 254 102 128 197 193 141 249 254 235 12 238 199 104 24 188 122 144 41 66 177 158 91 220 95 96 228 86 117 166 38 141 40 102 179 124 200 69 172 253 167 166
9 113 104 158 115 11 12 121 177 187 209 4 246 66 198 135 216 47 208 42 150 145 228 232 227 13 91 52 208 178 172 61 38 240 157 145 54 117 118 51 10 231 88 92 4 19 180 11 162 78 99 49 80 230 91 28 119 26 172 87 132 97 53 119 219 221 227 76 42 115 239 142 77 172 194 179 63 158 227 53 236 238 24 66 236 142 77 199 235 148 249 73 227 55 57 216 58 235 196 152
89 38 119 164 135 186 209 114 114 122 200 35 29 135 38 146 145 4 252 48 87 91 15 73 103 71 61 201 115 184 211 74 16 129 123 170 186 255 69 102 186 252 224 249 159 141 64 198 88 216 188 203 152 81 118 236 169 29 164 75 102 88 176 16 86 72 196 164 29 113 203 28 247 34 154 247 125 179 75 191 114 53 105 67 145 27 252 221 92 49 19 58 111 166 19 112 237 212 201 245
169 19 91 113 57 112 162 104 164 25 68 156 108 224 160 145 85 63 50 143 103 128 179 141 136 227 229 86 2 37 43 28 179 53 42 240 250 31 10 165 184 211 200 85 17 187 138 198 129 160 238 253 111 6 145 114 180 51 208 231 151 25 6 2 172 135 40 255 105 164 146 247 81 59 96 130 184 37 31 1 15 137 25 1 50 141 233 149 161 117 51 95 64 82 201 158 7 26 231 235
33 128 196 201 161 212 215 196 163 146 17 147 105 52 114 214 82 173 111 204 195 109 97 55 17 199 138 200 84 54 1 18 48 161 47 45 56 170 3 207 83 212 246 23 60 13 238 31 239 198 65 240 95 183 101 234 220 208 239 251 247 2 74 4 248 165 12 22 145 41 11 68 178 20 53 90 179 172 83 38 197 25 117 81 245 127 49 219 212 156 219 24 227 12 222 158 116 75 194 164
1 247 235 61 228 114 115 64 156 146 247 21 198 16 57 72 44 65 213 217 92 157 54 58 154 8 175 198 198 94 110 188 151 231 86 117 95 116 122 49 29 80 158 189 29 156 177 127 60 179 81 27 84 83 69 16 6 57 34 179 193 154 49 50 25 91 220 165 197 31 217 91 127 79 104 145 248 159 40 227 103 18 196 8 58 23 214 173 0 131 122 23 114 25 76 45 88 236 119 117
173 204 12 78 250 133 128 140 149 159 183 79 122 22 58 47 163 65 197 88 222 30 241 10 231 36 10 200 182 143 244 31 172 15 13 128 24 8 40 181 74 198 201 255 75 65 200 15 78 159 245 111 209 252 15 177 10 24 136 66 152 232 115 71 8 162 136 226 14 109 180 75 159 116 197 194 157 57 241 151 175 102 215 142 140 16 94 104 209 188 71 82 148 26 107 253 37 93 28 175
86 208 239 165 205 115 181 173 147 194 116 120 180 66 130 80 242 172 93 143 140 31 234 55 207 220 95 3 7 225 169 92 81 190 89 164 116 157 170 78 183 43 101 213 133 190 158 255 149 197 139 200 66 103 17 43 79 178 227 209 132 209 160 61 205 54 250 243 55 0 108 177 5 243 86 26 229 234 165 73 28 178 80 206 162 77 105 59 28 218 253 174 243 255 131 120 26 177 26 90
9 75 166 55 9 251 94 204 42 125 69 41 139 189 74 79 160 248 28 175 213 250 77 89 64 253 201 45 62 64 187 206 216 116 212 41 139 43 71 172 170 150 179 109 234 38 51 224 57 237 81 167 166 88 53 241 67 183 151 199 9 78 3 241 152 121 228 175 56 152 129 188 24 237 253 113 23 93 208 254 145 166 207 237 111 44 99 25 231 231 56 7 173 149 36 42 90 204 131 208
13 7 214 141 122 98 36 52 139 28 1 243 149 210 111 239 48 156 156 216 150 233 195 16 101 225 28 67 150 140 238 251 82 104 13 67 199 172 66 11 1 192 151 76 113 43 136 100 239 93 93 59 109 2 52 50 66 113 147 170 138 184 73 130 139 200 131 216 136 229 122 241 189 155 211 245 13 30 189 212 200 76 151 242 137 226 30 95 181 74 46 28 210 223 249 84 42 243 4 176
7 15 151 203 88 187 4 214 138 22 158 28 57 230 69 169 121 232 98 9 120 84 85 222 146 254 17 15 2 53 122 29 124 35 118 138 79 104 113 11 145 218 69 69 178 198 5 169 119 56 20 82 246 118 227 18 178 197 254 44 202 113 233 174 251 151 192 104 128 81 42 171 58 201 195 54 42 12 69 90 7 111 222 152 193 93 60 128 59 18 249 114 5 44 63 225 4 20 168 80
