128
0 0 0 0 0 0 0 0 0 0 0 0 0 0 0 0 0 0 0 0 0 0 0 0 0 0 0 0 0 0 0 0 0 0 0 0 0 0 0 0 0 0 0 0 0 0 0 0 0 0 0 0 0 0 0 0 0 0 0 0 0 0 0 0 205 0 0 0 0 0 0 0 0 0 0 0 0 0 0 0 0 0 0 0 0 0 0 0 0 0 0 0 0 0 0 0 0 0 0 0 0 0 0 0 0 0 0 0 0 0 0 0 0 0 0 0 0 0 0 0 0 0 0 0 0 0 0 0
0 0 0 0 0 0 0 0 0 0 0 0 0 0 0 0 0 0 0 0 0 0 0 0 0 0 0 0 0 0 0 0 0 0 0 0 0 0 0 0 0 0 0 0 0 0 0 0 0 0 0 0 0 218 48 249 215 64 133 116 211 201 156 171 170 54 1 41 149 118 86 145 59 34 219 202 0 0 0 0 0 0 0 0 0 0 0 0 0 0 0 0 0 0 0 0 0 0 0 0 0 0 0 0 0 0 0 0 0 0 0 0 0 0 0 0 0 0 0 0 0 0 0 0 0 0 0 0
0 0 0 0 0 0 0 0 0 0 0 0 0 0 0 0 0 0 0 0 0 0 0 0 0 0 0 0 0 0 0 0 0 0 0 0 0 0 0 0 0 0 0 0 0 0 0 0 0 133 164 33 45 36 153 55 250 98 182 68 234 0 58 203 59 196 167 221 212 59 248 58 174 230 72 191 252 224 83 238 0 0 0 0 0 0 0 0 0 0 0 0 0 0 0 0 0 0 0 0 0 0 0 0 0 0 0 0 0 0 0 0 0 0 0 0 0 0 0 0 0 0 0 0 0 0 0 0
0 0 0 0 0 0 0 0 0 0 0 0 0 0 0 0 0 0 0 0 0 0 0 0 0 0 0 0 0 0 0 0 0 0 0 0 0 0 0 0 0 0 0 0 0 61 178 64 38 239 215 131 0 73 153 35 38 194 233 245 216 47 227 111 148 210 43 22 250 129 7 219 145 79 253 190 6 92 215 167 120 227 9 4 0 0 0 0 0 0 0 0 0 0 0 0 0 0 0 0 0 0 0 0 0 0 0 0 0 0 0 0 0 0 0 0 0 0 0 0 0 0 0 0 0 0 0 0
0 0 0 0 0 0 0 0 0 0 0 0 0 0 0 0 0 0 0 0 0 0 0 0 0 0 0 0 0 0 0 0 0 0 0 0 0 0 0 0 0 0 251 222 42 101 87 109 212 228 64 149 14 62 9 22 173 213 126 90 150 127 227 24 136 16 64 39 89 168 57 36 220 93 37 161 142 39 17 231 144 80 192 147 7 31 77 0 0 0 0 0 0 0 0 0 0 0 0 0 0 0 0 0 0 0 0 0 0 0 0 0 0 0 0 0 0 0 0 0 0 0 0 0 0 0 0 0
0 0 0 0 0 0 0 0 0 0 0 0 0 0 0 0 0 0 0 0 0 0 0 0 0 0 0 0 0 0 0 0 0 0 0 0 0 0 0 0 91 11 146 168 140 140 211 146 11 81 24 20 39 24 37 134 81 34 219 205 114 177 111 91 173 137 54 92 209 60 59 120 137 228 54 144 175 92 225 219 80 23 253 51 62 221 105 74 152 0 0 0 0 0 0 0 0 0 0 0 0 0 0 0 0 0 0 0 0 0 0 0 0 0 0 0 0 0 0 0 0 0 0 0 0 0 0 0
0 0 0 0 0 0 0 0 0 0 0 0 0 0 0 0 0 0 0 0 0 0 0 0 0 0 0 0 0 0 0 0 0 0 0 0 0 35 23 129 103 139 23 49 207 67 19 188 171 20 122 212 227 5 194 178 251 57 43 55 70 76 112 36 149 152 72 66 51 74 181 255 33 138 174 212 126 207 74 148 242 208 122 174 117 83 17 85 214 98 86 92 0 0 0 0 0 0 0 0 0 0 0 0 0 0 0 0 0 0 0 0 0 0 0 0 0 0 0 0 0 0 0 0 0 0 0 0
0 0 0 0 0 0 0 0 0 0 0 0 0 0 0 0 0 0 0 0 0 0 0 0 0 0 0 0 0 0 0 0 0 0 0 218 92 22 46 39 179 231 3 106 242 105 192 199 87 24 130 195 78 183 3 14 97 123 142 189 5 14 115 180 169 100 30 85 158 189 75 248 81 191 165 68 41 34 40 32 83 150 224 197 136 80 158 82 140 16 165 64 205 119 0 0 0 0 0 0 0 0 0 0 0 0 0 0 0 0 0 0 0 0 0 0 0 0 0 0 0 0 0 0 0 0 0 0
0 0 0 0 0 0 0 0 0 0 0 0 0 0 0 0 0 0 0 0 0 0 0 0 0 0 0 0 0 0 0 0 0 0 138 129 58 59 39 249 237 210 29 108 114 15 10 137 89 142 7 154 114 46 66 129 195 201 245 146 247 192 223 75 145 171 209 241 30 225 35 81 99 254 205 127 219 232 250 121 238 20 201 205 11 88 78 126 11 254 74 244 198 58 3 0 0 0 0 0 0 0 0 0 0 0 0 0 0 0 0 0 0 0 0 0 0 0 0 0 0 0 0 0 0 0 0 0
0 0 0 0 0 0 0 0 0 0 0 0 0 0 0 0 0 0 0 0 0 0 0 0 0 0 0 0 0 0 0 0 215 2 134 84 193 241 247 82 251 114 49 76 203 40 40 185 239 23 91 146 214 157 186 97 165 107 253 13 198 140 92 107 78 152 168 68 36 49 48 190 135 108 130 102 245 219 32 148 239 104 145 199 154 33 88 214 192 232 232 104 167 185 203 7 49 0 0 0 0 0 0 0 0 0 0 0 0 0 0 0 0 0 0 0 0 0 0 0 0 0 0 0 0 0 0 0
0 0 0 0 0 0 0 0 0 0 0 0 0 0 0 0 0 0 0 0 0 0 0 0 0 0 0 0 0 0 217 137 98 87 62 20 226 55 71 119 122 62 55 239 197 85 129 159 153 149 137 32 165 164 233 6 249 46 233 123 61 13 133 161 111 120 207 63 162 155 53 207 217 221 219 102 203 204 120 232 44 207 183 109 61 242 151 138 204 190 0 148 193 64 242 8 194 124 130 0 0 0 0 0 0 0 0 0 0 0 0 0 0 0 0 0 0 0 0 0 0 0 0 0 0 0 0 0
0 0 0 0 0 0 0 0 0 0 0 0 0 0 0 0 0 0 0 0 0 0 0 0 0 0 0 0 0 193 106 138 146 214 50 210 21 193 189 87 65 99 146 107 151 202 247 124 150 29 164 210 197 131 224 29 157 223 120 126 161 14 185 122 218 187 17 181 244 62 251 14 246 106 218 93 124 225 218 4 90 126 70 102 157 156 82 150 144 252 90 175 34 110 251 84 20 63 253 165 0 0 0 0 0 0 0 0 0 0 0 0 0 0 0 0 0 0 0 0 0 0 0 0 0 0 0 0
0 0 0 0 0 0 0 0 0 0 0 0 0 0 0 0 0 0 0 0 0 0 0 0 0 0 0 226 239 248 1 228 221 16 24 141 173 225 71 158 161 114 134 27 52 24 236 87 139 83 81 172 32 148 115 2 63 225 217 243 139 84 155 205 195 54 118 162 208 138 64 188 107 211 192 204 61 46 45 163 88 52 206 209 62 156 223 16 69 117 47 234 59 2 140 33 7 164 159 54 1 173 0 0 0 0 0 0 0 0 0 0 0 0 0 0 0 0 0 0 0 0 0 0 0 0 0 0
0 0 0 0 0 0 0 0 0 0 0 0 0 0 0 0 0 0 0 0 0 0 0 0 0 0 226 248 70 108 160 86 28 83 179 119 175 227 110 121 90 237 99 71 212 117 246 1 59 22 71 76 107 196 167 136 59 231 238 232 199 133 210 193 173 44 141 150 8 22 245 40 68 52 91 23 233 238 105 103 72 151 5 27 42 99 12 16 143 47 79 92 157 182 232 60 90 77 191 77 253 165 22 0 0 0 0 0 0 0 0 0 0 0 0 0 0 0 0 0 0 0 0 0 0 0 0 0
0 0 0 0 0 0 0 0 0 0 0 0 0 0 0 0 0 0 0 0 0 0 0 0 0 129 158 150 125 77 183 21 43 73 129 144 143 238 32 32 143 131 50 2 115 97 138 114 64 54 94 37 38 235 65 5 12 36 161 98 181 148 115 210 68 28 19 27 39 255 64 166 56 176 60 198 128 188 35 206 20 111 179 212 255 208 158 1 213 178 121 156 140 201 151 158 31 233 50 74 144 234 6 65 0 0 0 0 0 0 0 0 0 0 0 0 0 0 0 0 0 0 0 0 0 0 0 0
0 0 0 0 0 0 0 0 0 0 0 0 0 0 0 0 0 0 0 0 0 0 0 247 61 116 149 143 80 185 17 155 169 188 212 56 209 128 92 238 166 56 156 4 243 125 98 185 44 48 228 27 109 25 0 81 63 72 90 123 65 89 160 33 247 185 58 140 147 209 181 58 175 59 242 229 237 124 161 124 102 67 98 156 75 159 13 34 166 233 7 2 251 137 207 215 86 217 114 100 90 164 67 34 219 22 0 0 0 0 0 0 0 0 0 0 0 0 0 0 0 0 0 0 0 0 0 0
0 0 0 0 0 0 0 0 0 0 0 0 0 0 0 0 0 0 0 0 0 0 229 78 115 32 92 213 79 83 234 18 68 75 38 48 166 226 65 93 180 245 3 141 57 8 127 148 210 254 230 74 5 201 90 69 117 106 91 231 217 195 64 252 114 248 139 104 117 145 178 122 102 130 232 1 47 158 32 196 249 66 139 188 152 102 22 23 142 96 202 39 18 215 48 242 143 40 28 188 20 33 151 184 112 49 138 0 0 0 0 0 0 0 0 0 0 0 0 0 0 0 0 0 0 0 0 0
0 0 0 0 0 0 0 0 0 0 0 0 0 0 0 0 0 0 0 0 0 185 186 40 178 59 30 232 78 113 182 215 122 20 106 242 155 243 44 107 162 107 103 148 63 30 49 222 151 128 72 47 107 255 162 52 178 241 161 224 92 29 253 96 9 214 137 239 49 95 142 155 23 150 192 67 195 34 95 11 143 181 182 175 238 182 162 240 127 3 67 184 87 58 8 133 248 65 183 130 90 221 57 165 185 174 92 187 0 0 0 0 0 0 0 0 0 0 0 0 0 0 0 0 0 0 0 0
0 0 0 0 0 0 0 0 0 0 0 0 0 0 0 0 0 0 0 0 140 119 4 243 172 137 215 185 74 78 76 43 118 26 102 65 134 131 235 57 64 246 173 78 6 121 198 160 102 145 165 220 51 178 222 40 142 169 149 130 2 91 229 197 15 238 242 93 170 253 251 192 254 83 93 219 104 195 5 78 187 142 83 16 33 209 96 164 58 105 89 200 91 81 34 39 232 139 188 54 37 77 98 21 146 109 187 174 5 0 0 0 0 0 0 0 0 0 0 0 0 0 0 0 0 0 0 0
0 0 0 0 0 0 0 0 0 0 0 0 0 0 0 0 0 0 0 124 130 96 115 178 133 213 24 38 60 121 98 147 72 11 87 93 246 13 96 105 100 148 137 254 80 220 107 46 224 208 185 129 188 220 150 44 72 3 93 95 154 18 166 161 85 100 253 103 20 111 195 214 61 227 41 154 109 70 173 199 8 163 61 35 177 188 160 159 68 112 196 83 42 254 235 26 1 56 100 30 72 113 231 129 17 20 48 83 221 147 0 0 0 0 0 0 0 0 0 0 0 0 0 0 0 0 0 0
0 0 0 0 0 0 0 0 0 0 0 0 0 0 0 0 0 0 99 169 63 206 55 230 202 252 199 167 92 8 0 195 40 175 241 85 210 208 252 11 181 240 61 230 128 161 140 143 26 30 185 156 81 46 134 1 219 71 29 138 79 196 86 148 226 51 37 249 28 139 34 177 147 231 52 42 212 135 61 227 203 198 106 143 248 36 220 200 29 146 239 56 232 87 225 120 247 87 174 70 128 82 221 2 203 39 37 34 7 126 94 0 0 0 0 0 0 0 0 0 0 0 0 0 0 0 0 0
0 0 0 0 0 0 0 0 0 0 0 0 0 0 0 0 0 45 158 133 71 124 145 100 208 190 210 232 78 93 45 31 38 255 19 101 132 195 93 212 138 57 55 37 75 145 240 200 69 92 134 255 25 12 217 226 182 46 189 156 103 86 36 204 175 112 91 113 125 75 191 247 116 160 171 171 143 163 219 3 94 142 166 227 72 6 191 92 118 219 145 46 223 143 214 32 92 143 135 2 171 18 36 7 55 41 216 69 97 146 56 72 0 0 0 0 0 0 0 0 0 0 0 0 0 0 0 0
0 0 0 0 0 0 0 0 0 0 0 0 0 0 0 0 192 65 37 99 131 133 39 63 93 11 114 75 183 19 39 41 254 217 228 218 152 69 4 179 128 207 78 221 137 233 109 175 121 78 53 206 196 69 24 195 183 20 163 83 81 21 32 137 139 213 81 217 143 198 0 166 228 245 228 238 147 205 218 146 209 79 230 33 67 160 197 133 75 183 239 216 240 130 144 165 120 151 25 39 168 61 68 98 245 204 89 90 57 176 228 20 51 0 0 0 0 0 0 0 0 0 0 0 0 0 0 0
0 0 0 0 0 0 0 0 0 0 0 0 0 0 0 3 42 94 244 153 52 25 143 150 203 164 206 53 99 151 8 132 80 232 76 185 111 226 148 83 30 82 89 204 57 11 13 174 61 186 232 30 77 246 183 245 18 3 241 198 210 95 127 248 129 73 80 118 74 3 193 92 136 198 219 79 52 10 100 102 219 233 77 100 172 236 195 200 33 30 186 222 194 157 194 146 34 84 62 175 233 65 180 222 233 98 131 134 119 15 41 207 10 60 0 0 0 0 0 0 0 0 0 0 0 0 0 0
0 0 0 0 0 0 0 0 0 0 0 0 0 0 0 254 36 222 29 100 143 183 2 240 113 9 156 135 13 24 42 77 6 142 9 135 222 151 8 172 180 13 189 89 15 72 112 32 235 182 148 192 13 121 54 179 129 112 78 251 70 220 123 248 235 94 66 87 195 15 122 248 58 251 187 226 81 168 25 74 16 10 170 162 151 129 241 78 173 1 90 4 229 71 9 183 27 132 255 39 150 28 138 199 60 230 133 122 170 222 85 76 103 81 0 0 0 0 0 0 0 0 0 0 0 0 0 0
0 0 0 0 0 0 0 0 0 0 0 0 0 0 52 36 197 22 0 199 120 61 137 28 235 171 25 255 194 67 15 179 59 59 252 139 51 181 35 148 162 195 21 158 90 112 211 98 34 132 238 112 195 50 174 133 189 223 134 102 83 155 25 105 96 239 232 216 232 165 19 223 108 208 9 48 42 71 114 157 143 23 156 209 252 229 244 186 109 83 209 14 47 194 68 81 124 132 252 5 108 10 28 200 226 202 104 55 121 49 225 123 216 27 179 0 0 0 0 0 0 0 0 0 0 0 0 0
0 0 0 0 0 0 0 0 0 0 0 0 0 175 194 34 49 252 164 204 101 233 240 7 251 229 207 48 36 148 120 111 223 196 71 117 14 48 35 121 213 45 81 187 242 42 118 13 193 215 253 116 105 11 157 74 48 171 47 102 164 114 5 218 13 74 87 186 24 68 247 215 37 111 105 227 133 63 19 56 12 186 232 160 34 217 45 30 219 126 117 152 7 205 136 82 58 156 201 58 195 68 40 245 50 229 155 15 227 128 66 91 117 101 73 186 0 0 0 0 0 0 0 0 0 0 0 0
0 0 0 0 0 0 0 0 0 0 0 0 109 97 228 181 38 234 96 190 6 100 226 95 96 26 210 233 130 22 169 145 166 145 82 99 193 40 207 18 161 102 121 106 139 10 13 166 156 128 144 173 30 210 221 86 136 40 193 88 116 72 220 255 170 199 65 139 108 99 120 170 202 15 255 139 24 149 167 227 19 197 19 114 82 113 114 189 169 158 103 212 179 94 116 68 194 37 252 110 245 14 224 180 49 252 114 109 205 159 172 174 80 131 151 84 185 0 0 0 0 0 0 0 0 0 0 0
0 0 0 0 0 0 0 0 0 0 0 0 204 198 62 158 220 20 253 249 235 30 109 134 238 82 159 188 6 121 65 213 186 207 72 205 209 56 32 130 122 240 101 247 158 2 27 2 218 35 17 211 153 215 101 224 23 139 57 25 114 80 50 135 144 65 165 67 18 203 245 95 163 141 59 251 138 174 216 120 53 98 94 89 9 7 115 54 198 156 169 37 251 128 227 23 201 90 151 44 181 193 40 231 40 86 212 60 216 184 147 45 94 77 235 222 172 0 0 0 0 0 0 0 0 0 0 0
0 0 0 0 0 0 0 0 0 0 0 130 206 245 60 220 139 107 167 142 12 115 252 167 79 175 125 1 60 69 98 165 19 210 61 131 70 131 42 106 229 199 252 12 179 209 98 70 1 81 121 39 53 15 180 52 168 178 222 134 122 78 244 53 198 255 69 236 105 64 161 147 169 176 5 220 238 116 197 138 79 12 227 80 65 176 195 157 66 182 206 55 56 24 162 9 44 48 16 89 244 115 19 100 154 171 44 38 135 24 93 113 216 94 224 244 99 217 0 0 0 0 0 0 0 0 0 0
0 0 0 0 0 0 0 0 0 0 118 120 187 118 168 133 97 160 229 252 155 154 75 47 158 117 76 29 102 71 103 195 20 97 224 65 162 67 10 37 147 52 101 68 195 30 135 91 187 230 4 194 201 227 209 86 185 117 51 164 229 72 167 178 57 244 33 11 113 237 95 114 100 143 191 193 184 225 75 155 121 15 182 216 131 134 68 47 42 50 155 184 173 129 237 166 150 1 18 168 4 230 238 217 27 228 243 111 2 224 56 159 193 228 58 96 98 250 65 0 0 0 0 0 0 0 0 0
0 0 0 0 0 0 0 0 0 0 168 238 91 109 170 79 185 171 243 103 237 19 172 221 49 61 151 229 221 141 9 191 66 22 152 142 167 195 231 96 214 64 6 217 95 172 41 187 12 99 199 109 10 194 210 214 42 169 117 114 157 204 47 122 233 217 162 30 33 173 221 115 117 132 87 230 176 77 201 154 5 117 100 16 136 250 76 190 62 109 27 140 151 145 9 231 203 1 84 104 125 55 200 253 249 32 30 5 161 192 153 149 145 59 185 97 134 18 153 0 0 0 0 0 0 0 0 0
0 0 0 0 0 0 0 0 0 92 193 213 190 74 210 16 17 45 104 218 244 179 95 250 79 161 43 218 198 43 202 219 132 203 165 199 197 97 50 89 160 156 125 156 112 106 106 193 116 22 65 28 160 246 187 75 228 168 122 24 43 129 201 56 65 137 216 185 225 152 3 243 34 81 66 212 156 27 42 73 70 32 202 179 239 132 22 132 215 80 242 84 109 54 111 70 225 222 190 2 152 206 113 188 58 47 147 70 64 28 77 87 219 157 202 54 139 153 189 219 0 0 0 0 0 0 0 0
0 0 0 0 0 0 0 0 0 45 247 167 241 173 214 13 211 198 114 251 135 39 240 107 222 65 235 133 165 199 105 219 180 192 147 108 224 134 149 160 227 148 160 197 188 167 135 102 214 110 24 233 179 50 28 104 164 237 214 144 253 185 251 252 73 58 111 195 245 228 31 157 29 191 135 105 56 137 216 246 230 66 82 73 58 132 3 70 29 145 51 207 107 124 8 64 185 160 145 114 118 201 159 213 247 64 80 202 136 78 225 55 209 230 201 38 155 93 121 148 0 0 0 0 0 0 0 0
0 0 0 0 0 0 0 0 130 175 199 84 64 105 167 175 38 4 214 19 100 167 110 31 164 31 246 65 249 193 124 169 29 175 222 212 154 58 124 9 24 250 151 61 210 35 179 144 142 251 93 122 213 3 122 126 24 86 208 179 91 17 148 209 22 186 34 75 24 166 251 50 46 69 41 153 1 168 43 106 170 128 242 120 0 233 90 50 92 133 11 62 197 197 234 30 40 215 181 222 81 58 76 166 238 96 212 120 139 141 125 4 101 142 236 197 132 191 27 29 57 0 0 0 0 0 0 0
0 0 0 0 0 0 0 44 126 85 237 28 155 163 117 145 249 252 217 82 178 116 253 48 236 87 236 57 217 115 113 240 48 125 196 53 248 189 217 192 146 176 205 28 190 52 116 43 195 97 69 55 92 38 227 51 22 147 114 91 208 87 89 82 89 241 231 54 20 96 2 153 166 238 222 86 28 155 153 231 36 210 252 20 212 24 19 113 232 5 12 93 250 93 167 150 179 106 186 184 18 12 97 227 118 52 25 48 161 213 86 72 215 72 60 167 247 93 17 124 132 252 0 0 0 0 0 0
0 0 0 0 0 0 0 100 22 217 232 160 19 126 121 74 92 95 152 230 34 57 177 53 171 117 40 61 182 96 50 48 20 251 77 109 179 251 228 167 239 63 90 246 132 207 163 55 231 250 54 0 25 222 231 53 191 160 178 50 185 201 11 35 64 18 117 208 70 226 212 85 244 200 37 179 173 252 18 60 192 179 9 247 222 148 222 254 38 81 196 194 55 216 216 157 188 20 227 217 230 70 246 80 255 60 85 36 148 29 242 237 41 174 110 238 191 101 224 67 46 151 0 0 0 0 0 0
0 0 0 0 0 0 13 41 50 178 215 157 190 157 150 95 154 187 202 170 84 44 120 90 139 229 185 69 89 240 0 24 180 125 132 132 223 231 44 65 210 218 63 209 78 5 214 232 171 251 130 143 48 46 223 20 250 119 101 207 217 145 138 20 167 214 81 93 208 179 189 160 240 238 63 122 83 221 14 206 54 233 106 162 216 165 221 119 205 16 135 80 184 173 145 215 249 170 240 142 159 50 214 97 20 195 17 133 120 24 7 230 20 193 198 187 166 155 20 56 56 82 160 0 0 0 0 0
0 0 0 0 0 0 11 54 1 224 187 73 58 115 232 103 125 96 192 37 219 71 177 28 96 245 153 115 167 158 76 230 68 140 202 184 204 184 208 125 213 133 49 25 18 26 71 176 238 225 191 71 254 40 155 4 219 230 165 96 209 222 231 204 204 37 8 1 228 213 75 205 84 203 64 71 105 103 151 52 155 234 10 84 197 175 215 112 59 46 228 31 42 236 33 108 119 84 210 227 217 135 208 231 228 132 60 93 148 128 7 51 140 203 18 186 47 63 251 86 39 41 115 0 0 0 0 0
0 0 0 0 0 0 198 194 69 195 134 186 153 157 173 32 200 228 49 97 145 104 172 236 236 158 70 6 20 19 181 219 189 134 237 16 0 89 247 61 205 127 217 44 184 158 69 93 123 187 195 116 70 91 100 160 192 5 36 24 31 60 200 26 244 137 8 98 7 254 162 170 29 169 86 134 25 248 79 244 151 158 179 168 197 57 210 168 58 48 28 119 202 197 40 206 57 42 9 87 192 180 104 93 9 99 248 254 72 57 187 120 58 231 27 12 6 145 51 228 7 167 135 0 0 0 0 0
0 0 0 0 0 61 53 225 165 130 115 58 155 42 114 85 255 87 65 108 220 194 253 38 26 244 181 221 21 124 52 176 144 175 224 39 173 138 133 154 75 34 245 128 68 167 121 208 87 21 105 134 21 162 211 191 199 23 253 48 221 21 42 223 38 22 244 163 207 113 82 235 67 220 5 96 162 71 84 209 127 78 95 129 81 30 207 82 142 123 227 64 146 225 129 190 28 250 99 15 48 16 10 110 208 220 48 120 85 190 40 250 203 131 110 28 79 124 200 159 232 62 126 205 0 0 0 0
0 0 0 0 0 95 170 37 178 124 45 182 91 141 172 73 0 133 103 26 249 128 114 176 236 84 63 238 147 40 135 13 10 59 42 201 110 16 233 43 146 206 165 225 70 126 238 33 70 124 8 103 157 145 1 47 149 24 2 235 243 251 72 86 16 105 252 255 43 55 127 1 15 130 189 187 21 234 248 58 198 8 156 126 35 26 223 138 55 195 172 212 4 233 108 32 250 199 182 32 79 29 27 42 137 29 70 159 106 170 1 121 180 226 202 81 158 251 230 208 147 204 226 29 0 0 0 0
0 0 0 0 144 36 84 139 24 69 231 231 226 185 50 149 73 15 103 73 42 7 192 233 0 14 75 56 24 211 12 24 77 221 104 134 209 69 65 96 98 209 228 238 126 16 135 150 76 192 133 110 222 107 162 107 18 10 105 38 171 84 20 242 231 215 212 114 33 169 31 127 239 18 160 167 117 185 103 26 224 48 165 13 174 188 147 224 202 119 93 5 97 248 216 167 75 139 95 76 126 183 70 101 90 144 122 249 166 164 242 159 134 200 232 63 235 140 195 85 52 149 202 103 153 0 0 0
0 0 0 0 15 98 72 42 50 76 187 104 30 83 247 2 39 153 44 42 164 101 114 39 152 24 187 189 219 196 147 77 12 198 243 218 40 58 114 109 191 196 0 28 175 223 192 105 2 161 37 153 50 228 40 135 203 201 147 5 219 166 195 78 13 217 60 146 215 56 138 20 162 139 36 195 145 42 235 57 160 239 93 231 3 149 130 99 90 126 20 182 251 75 225 147 216 210 19 101 74 231 34 37 46 124 183 100 203 121 20 106 193 107 62 247 25 4 167 19 211 62 135 202 121 0 0 0
0 0 0 0 3 61 66 71 113 43 166 58 123 202 164 209 109 110 62 157 101 138 123 145 200 40 44 160 202 23 61 101 3 92 152 2 228 253 67 4 58 149 155 223 117 26 105 88 122 57 245 108 51 20 34 22 167 146 157 47 238 211 16 205 87 184 30 48 93 81 37 208 15 62 145 85 230 128 79 6 77 42 5 65 197 157 192 42 222 187 173 49 202 25 127 152 88 4 102 211 42 243 24 127 223 229 98 2 198 86 128 217 104 253 120 13 177 56 7 174 5 180 216 56 183 0 0 0
0 0 0 236 129 72 203 8 233 140 185 172 50 69 150 174 64 103 53 68 91 212 63 218 197 74 110 98 209 206 29 0 75 220 91 221 60 209 129 118 30 243 57 56 177 242 103 136 135 140 191 48 155 2 237 135 4 236 160 150 53 45 254 35 86 204 98 31 111 242 187 203 167 87 57 232 55 41 122 176 168 162 229 92 141 177 82 48 235 212 227 216 6 0 253 155 167 154 39 28 115 244 122 101 199 159 44 92 159 87 20 55 172 206 251 103 79 104 37 208 172 144 157 28 246 124 0 0
0 0 0 152 180 221 221 213 168 20 4 170 146 188 144 53 203 107 160 93 232 152 63 78 183 192 123 28 196 159 37 227 29 165 216 2 111 166 219 186 244 191 55 215 112 80 8 93 38 65 34 27 35 206 237 169 186 128 239 197 122 192 62 19 145 238 137 191 18 217 64 156 92 250 248 197 105 106 18 129 162 218 37 101 194 197 202 73 167 182 158 58 134 69 116 28 2 96 165 250 237 117 56 81 139 249 81 51 226 134 128 59 116 20 155 30 161 38 153 209 194 9 43 199 105 194 0 0
0 0 0 48 104 179 181 137 244 203 233 123 223 15 17 182 187 157 96 234 175 184 116 80 155 171 145 220 234 249 143 188 25 229 87 169 168 140 145 188 147 115 33 243 123 82 231 94 117 72 237 87 181 49 18 157 27 67 41 125 116 191 207 17 151 20 111 47 56 36 89 120 191 169 43 152 7 100 143 3 200 59 251 64 52 185 97 71 181 54 220 0 91 37 195 191 200 16 79 111 188 152 36 55 156 131 106 251 170 75 153 137 249 133 102 178 186 163 250 27 98 74 195 79 188 50 0 0
0 0 0 207 5 137 8 0 13 187 235 160 140 221 184 33 11 160 106 33 178 173 18 190 144 214 229 221 253 147 155 55 204 110 148 183 159 191 157 100 4 56 57 220 208 43 29 40 30 159 76 109 122 242 157 78 42 63 5 3 217 135 49 240 39 156 69 154 5 10 112 9 89 44 157 40 119 166 45 147 40 173 84 34 115 241 75 71 36 120 36 175 51 52 13 0 123 64 138 88 49 222 232 183 227 160 31 116 112 32 183 101 145 35 48 159 198 93 168 82 159 114 186 42 239 6 0 0
0 0 117 183 22 8 134 145 228 149 93 86 43 221 102 131 47 97 53 248 116 144 100 142 56 253 243 114 120 156 18 246 169 163 119 72 129 229 93 180 254 93 18 35 133 44 196 48 97 251 12 7 225 195 247 44 39 91 3 187 214 206 67 152 241 4 147 48 62 39 123 62 160 30 25 173 26 168 86 225 51 221 90 210 73 36 167 229 17 58 120 91 64 194 110 53 37 46 254 197 35 182 134 34 35 168 249 206 149 76 135 29 31 245 242 86 126 64 147 54 214 109 119 123 223 119 144 0
0 0 108 88 239 178 10 196 190 119 199 172 194 230 218 244 91 95 165 245 238 238 88 118 170 65 51 180 36 26 75 103 151 211 42 140 33 82 172 222 179 217 115 154 77 158 134 23 147 68 145 120 150 125 140 193 143 156 124 36 35 166 7 189 56 145 148 93 255 136 7 69 203 220 70 205 65 81 159 47 238 93 26 201 15 166 143 208 165 65 133 49 175 147 243 254 148 175 138 148 70 28 20 216 209 32 4 217 140 82 149 255 253 60 139 105 199 158 126 98 89 160 111 58 40 231 121 0
0 0 169 116 17 99 44 122 239 183 222 87 148 236 179 52 133 91 150 175 177 54 204 149 164 147 205 179 41 82 117 158 82 41 222 205 201 74 4 192 145 122 83 87 243 71 39 20 254 152 236 30 198 67 205 141 39 180 23 36 244 216 49 113 106 0 166 251 202 46 63 158 25 112 210 108 10 39 29 80 213 97 59 223 110 10 82 136 37 186 14 235 186 197 202 54 208 149 75 164 96 65 94 42 9 244 219 33 14 43 206 7 140 233 188 172 243 12 255 60 224 21 45 201 53 103 212 0
0 0 151 30 253 83 14 121 49 246 60 8 97 85 196 224 214 199 8 42 72 229 56 225 171 131 79 238 249 145 198 195 105 92 95 84 72 206 93 44 96 233 12 126 89 65 155 189 43 188 159 73 164 159 197 33 31 97 219 10 85 201 145 242 67 96 123 245 172 250 191 28 6 66 37 49 189 130 101 88 116 18 214 221 75 133 98 248 37 213 153 173 7 187 199 160 246 24 72 3 204 220 38 197 102 131 205 63 114 128 58 63 127 29 118 252 62 12 167 58 208 197 168 164 192 232 37 0
0 198 77 127 190 151 45 176 148 87 3 205 120 22 122 12 119 27 122 156 97 216 107 57 76 2 227 246 153 70 40 44 81 35 53 132 15 233 29 129 126 72 182 213 76 123 70 180 198 86 237 207 237 50 65 224 22 142 229 152 23 155 89 186 215 14 46 1 60 222 27 40 243 50 243 79 188 21 19 147 163 195 83 197 119 47 84 23 5 171 253 59 209 150 49 76 232 176 31 87 227 221 139 97 70 109 89 53 136 21 112 35 19 254 43 198 170 203 23 226 77 3 75 125 16 134 45 131
0 15 202 89 168 125 65 38 67 244 114 198 230 44 54 80 99 174 61 80 149 197 13 74 118 204 152 22 61 42 191 4 150 164 56 143 84 245 165 146 93 148 218 128 39 142 158 138 158 183 2 222 188 5 70 118 201 102 128 18 3 79 93 211 238 26 108 185 115 179 144 18 232 40 168 201 240 8 107 161 35 239 111 174 198 63 167 121 79 48 39 108 122 15 183 235 220 57 172 112 38 169 233 23 161 220 245 212 179 132 133 232 228 61 254 128 133 192 88 196 105 113 131 41 108 97 125 147
0 182 167 165 159 43 33 22 209 28 87 31 61 19 232 52 239 254 135 86 121 21 114 18 7 237 105 53 46 197 115 135 192 213 13 2 58 136 61 132 194 1 174 80 58 153 41 66 8 109 42 84 134 105 2 180 160 213 116 128 18 234 142 250 125 76 211 105 205 50 117 1 77 205 179 168 100 112 243 47 72 246 35 77 138 229 160 44 44 254 69 197 195 31 123 30 73 24 188 15 52 1 48 9 193 87 35 17 39 243 73 100 219 223 42 188 101 202 103 126 112 217 39 46 203 63 62 194
0 80 32 130 18 36 234 63 68 162 51 169 107 136 32 50 124 11 72 185 3 248 214 116 205 35 159 133 56 12 237 128 140 37 21 152 197 249 131 229 26 57 136 113 67 22 23 143 109 121 105 5 210 243 40 148 65 130 82 122 152 26 35 180 48 195 125 89 181 24 109 225 55 69 205 145 49 156 123 190 69 239 84 245 129 218 159 240 170 87 80 19 196 144 186 206 241 179 247 51 41 70 217 30 178 202 78 154 185 196 79 132 146 78 206 15 247 206 167 80 14 55 63 148 252 107 3 89
0 103 128 192 148 178 20 218 95 122 145 23 200 154 112 20 236 87 14 51 97 210 226 22 93 169 129 98 99 128 223 229 42 37 24 117 37 21 23 219 110 137 34 214 148 109 222 162 159 164 203 91 95 163 137 143 213 37 87 57 236 222 98 209 57 215 67 136 202 83 116 143 198 185 120 59 94 79 88 39 71 4 94 143 173 208 116 142 47 152 28 23 104 148 9 76 201 186 178 41 82 200 134 210 196 5 120 163 107 147 36 56 52 136 37 205 235 79 92 146 51 4 224 186 188 196 107 34
0 83 50 197 115 117 103 29 234 167 227 213 53 103 199 147 207 135 81 118 44 62 42 103 17 217 28 67 234 231 41 146 229 33 12 63 166 95 148 117 84 245 228 122 99 139 97 115 27 7 244 38 129 141 31 107 200 213 234 38 253 173 212 226 161 217 149 10 255 133 99 251 120 100 31 99 87 76 225 105 204 79 115 240 14 171 78 213 235 163 73 186 35 161 243 200 103 228 146 160 159 16 198 106 81 125 254 207 199 221 129 227 176 178 187 48 1 238 150 11 95 166 71 182 51 25 19 238
0 114 140 159 205 162 224 180 15 31 203 34 22 167 179 48 48 182 245 145 56 160 169 170 202 98 113 147 26 15 204 121 103 181 204 38 74 62 91 129 147 2 116 238 239 139 80 206 130 180 200 177 24 173 239 25 228 113 219 48 233 131 205 189 25 229 26 46 253 253 137 179 209 119 214 115 83 80 142 168 16 228 69 158 116 190 97 131 83 154 139 38 87 190 243 73 224 150 121 65 94 161 139 163 8 57 187 239 47 198 9 194 205 148 36 116 16 53 104 102 152 29 208 68 81 156 35 231
0 78 206 39 84 60 156 172 24 143 161 240 196 140 111 192 62 3 206 244 136 233 174 255 134 217 244 0 104 141 132 220 93 24 79 222 5 126 215 5 153 4 123 182 192 47 137 47 186 202 194 216 156 118 21 52 26 245 114 42 237 200 135 42 71 85 237 213 180 17 117 97 50 248 40 107 193 183 41 223 123 85 104 29 101 32 225 101 246 210 220 101 101 205 21 226 7 138 99 106 206 107 86 124 236 216 128 104 125 243 145 208 225 134 25 44 251 94 157 233 13 32 204 166 120 170 215 135
0 232 102 49 5 59 63 154 164 76 141 243 33 48 109 21 63 253 213 118 56 50 151 57 177 4 217 229 8 93 92 181 32 22 208 242 10 126 167 254 43 131 216 48 162 31 35 221 66 165 195 26 98 99 159 203 157 26 84 76 249 20 33 175 151 100 182 91 72 112 230 241 97 50 215 222 184 138 77 40 128 182 40 144 99 229 5 245 148 204 63 221 19 163 137 249 162 12 162 130 249 198 12 191 253 62 188 87 193 186 74 112 9 129 254 208 96 249 226 87 255 65 194 35 236 231 224 31
0 15 59 162 139 139 87 118 201 248 102 184 59 38 186 99 128 104 135 242 117 110 109 205 216 215 26 147 207 48 82 163 83 227 208 15 140 87 198 186 126 140 39 242 106 96 166 244 56 76 243 33 21 25 3 224 38 0 249 141 83 250 49 43 199 119 128 182 84 209 62 82 92 66 152 158 29 55 35 239 132 52 148 194 223 172 253 255 123 194 108 217 150 55 208 158 157 154 238 238 146 247 113 180 60 209 178 132 198 158 251 131 79 77 145 115 51 32 94 109 208 32 80 202 82 35 191 109
0 134 8 28 39 121 193 70 30 23 70 69 232 129 135 118 230 37 239 112 142 15 220 21 122 170 234 122 140 29 253 115 218 47 49 217 209 124 150 61 185 144 89 11 47 42 128 104 185 190 4 99 246 29 193 120 210 3 55 39 172 101 70 44 72 196 53 81 122 239 82 59 20 144 195 150 232 9 221 94 236 30 236 106 193 121 128 155 8 184 149 223 168 108 209 43 168 208 6 37 255 215 104 30 202 109 61 168 249 7 144 208 113 102 68 252 158 249 169 109 165 120 174 134 248 70 40 148
110 116 231 80 196 196 44 165 209 38 45 221 121 69 87 185 38 176 54 32 63 15 150 227 0 144 1 231 110 145 153 111 12 220 133 161 224 39 218 194 208 61 83 68 236 213 2 11 80 101 18 91 87 245 97 199 59 129 192 187 71 74 123 191 84 172 69 195 115 91 233 192 204 35 58 241 82 137 152 6 125 14 221 42 65 238 1 12 109 181 64 222 43 140 235 96 83 124 98 139 164 95 241 60 102 11 185 111 40 228 131 109 149 163 204 202 47 149 110 110 63 115 234 173 201 203 143 100
0 209 17 26 138 129 2 34 58 249 147 167 246 219 58 135 117 229 112 98 114 242 156 106 240 32 85 99 26 38 219 237 18 72 70 239 112 251 143 213 103 197 56 11 20 247 233 163 15 130 212 179 83 157 14 154 196 89 113 182 159 65 22 87 34 73 48 3 50 171 43 212 247 130 3 55 104 20 3 134 60 210 231 251 66 47 189 72 129 159 96 230 188 87 65 198 244 33 145 36 251 71 110 111 247 63 96 210 60 17 171 15 151 211 136 203 193 163 222 96 69 138 31 80 62 244 25 174
0 2 27 105 243 129 185 152 236 50 131 244 240 167 237 82 171 147 40 197 22 69 217 7 118 160 225 146 114 53 140 183 150 156 99 211 207 158 252 135 98 147 149 38 50 0 28 248 174 136 143 209 90 243 93 161 114 67 251 202 229 1 131 89 120 131 15 178 211 209 58 56 247 189 137 14 242 37 128 97 30 170 73 122 40 106 184 104 174 156 36 219 176 140 125 166 55 254 202 145 200 199 158 3 23 79 107 170 124 189 252 143 67 47 107 50 28 251 3 25 36 16 127 111 38 108 133 72
0 108 203 161 24 233 39 148 223 43 131 240 209 31 166 196 100 106 25 204 213 246 136 232 202 184 143 82 48 181 45 193 125 207 171 0 26 21 64 224 204 139 253 27 111 228 159 56 25 2 223 95 46 207 85 32 10 178 29 214 23 135 53 101 211 113 69 176 41 152 154 249 38 116 164 80 18 51 96 149 241 142 188 111 192 60 168 193 199 187 246 115 245 142 229 119 253 0 224 8 28 58 243 230 21 111 53 127 156 95 154 196 163 2 252 106 193 67 27 99 127 19 73 110 43 249 195 174
0 50 182 241 115 113 34 249 3 96 80 222 30 6 178 219 215 185 145 178 92 192 48 41 85 22 213 7 219 104 137 146 81 242 179 9 196 204 33 216 102 76 141 45 113 26 13 45 57 107 71 44 3 183 59 216 111 136 55 197 179 232 69 87 241 96 204 193 249 255 247 46 113 83 60 214 186 91 162 36 120 196 210 93 41 209 111 7 209 245 179 28 41 96 234 36 83 208 76 96 112 41 119 158 243 228 234 186 48 230 86 174 79 100 27 146 56 250 189 45 243 47 56 216 78 219 112 117
0 15 94 161 72 115 199 219 81 109 78 132 240 193 167 165 234 201 4 244 119 50 149 136 80 24 141 58 240 67 9 153 47 242 79 153 207 202 232 169 58 191 204 117 152 222 80 41 175 242 217 56 51 31 56 215 172 128 90 232 78 52 232 129 147 89 233 100 57 69 89 24 39 130 225 173 207 237 139 112 65 212 245 64 233 108 115 26 53 132 166 235 130 102 94 86 84 145 191 57 193 145 189 74 237 184 92 5 167 89 194 129 181 158 0 131 255 227 167 112 156 64 112 194 235 2 85 63
0 203 150 166 107 60 200 203 145 32 62 25 94 195 192 184 76 197 31 35 93 239 184 186 10 97 219 51 40 111 70 182 147 153 6 61 137 145 119 191 54 142 204 219 4 245 57 115 237 254 143 135 113 169 165 55 19 111 115 135 94 19 117 167 110 175 149 222 178 172 30 100 73 55 31 128 82 191 84 229 209 86 144 170 180 161 44 150 192 134 145 149 241 111 190 42 84 201 9 119 15 67 1 252 60 225 230 168 143 80 156 2 60 214 230 0 215 74 141 208 121 62 232 154 171 147 85 16
0 9 3 110 165 67 155 219 107 148 29 103 246 170 111 116 12 217 167 79 186 2 38 110 146 51 113 66 235 185 189 145 42 193 183 78 11 124 159 95 24 170 231 253 239 64 225 41 217 29 187 139 213 27 97 24 154 87 244 204 195 242 144 62 86 96 129 172 110 245 233 83 215 225 49 235 182 218 136 22 130 105 34 139 124 37 181 85 187 31 107 104 21 119 111 20 130 39 79 225 44 197 82 211 119 62 156 151 40 208 104 163 235 251 29 136 198 50 253 182 130 69 73 184 93 233 163 61
0 2 15 13 56 86 198 6 4 57 245 114 184 129 96 230 180 226 195 48 107 55 5 196 193 184 140 125 68 137 91 151 111 96 30 33 208 160 104 188 106 49 1 92 122 18 212 245 114 142 102 149 78 56 10 130 155 228 206 46 160 253 75 242 21 6 9 77 128 100 37 241 143 194 95 148 94 248 75 3 58 177 162 209 177 144 129 65 245 71 13 25 120 116 35 143 158 113 32 109 81 102 189 237 69 240 102 16 128 87 236 232 159 164 24 31 47 52 157 152 237 236 197 45 92 146 36 204
0 109 254 223 45 94 176 113 112 236 152 25 65 52 221 221 242 208 125 183 140 115 54 245 177 193 37 180 227 236 120 19 240 59 123 88 69 252 95 86 7 255 99 9 6 227 250 0 223 52 36 10 130 128 97 137 106 132 180 28 222 79 187 251 159 28 164 21 249 217 129 17 126 139 108 109 235 119 67 203 68 145 116 245 33 97 228 206 177 24 168 107 205 90 243 140 164 80 210 135 193 104 170 59 111 121 5 88 19 42 134 210 134 221 123 217 162 118 231 46 168 42 246 247 235 244 73 2
0 91 242 187 144 205 152 33 146 93 163 248 197 230 16 215 70 109 195 177 164 159 243 232 119 6 174 171 114 80 150 148 145 163 35 69 28 196 59 234 233 23 221 93 106 93 209 174 178 231 250 70 127 251 68 179 118 79 146 202 107 179 80 164 29 177 207 56 155 146 128 182 47 40 236 50 166 130 224 102 215 187 99 240 159 144 183 77 191 86 17 81 205 135 136 227 204 11 182 246 162 230 129 43 237 77 54 198 43 32 127 115 51 233 114 152 78 157 23 144 244 77 134 65 181 106 67 246
0 160 159 138 176 125 201 17 68 179 67 158 40 2 102 169 126 54 144 91 208 167 166 76 244 250 169 123 209 154 177 102 14 118 144 89 39 21 1 7 168 201 59 225 212 61 222 121 173 6 230 16 180 47 87 143 59 190 65 56 88 249 53 65 119 71 163 241 75 130 209 254 235 167 107 192 27 175 244 37 54 174 213 60 18 201 241 197 163 10 173 238 36 11 162 39 139 48 40 190 23 62 54 98 172 249 19 235 184 130 175 201 105 219 123 64 177 162 173 174 30 239 238 200 85 130 14 77
0 0 98 72 40 24 95 105 50 146 205 242 9 23 112 222 23 146 205 210 217 127 105 217 90 229 43 213 73 52 151 222 162 240 56 231 81 130 70 219 141 212 159 115 40 89 148 64 128 48 70 76 157 22 131 243 96 140 98 12 229 20 3 72 188 207 236 168 30 210 218 57 5 202 5 101 238 194 216 53 231 123 69 37 0 132 2 151 24 23 162 242 14 69 50 50 248 216 89 123 182 22 10 122 159 233 98 121 109 170 171 66 65 173 4 29 64 82 88 188 216 197 249 9 208 116 165 0
0 0 174 99 211 141 165 7 153 186 108 117 104 234 24 157 37 228 7 211 218 151 192 164 151 7 77 90 26 163 8 88 167 92 129 239 128 59 55 147 46 105 151 22 151 8 73 139 108 160 35 133 224 198 132 189 238 109 40 239 255 161 249 21 21 172 153 113 248 243 140 211 149 101 97 94 253 55 154 208 151 90 24 159 223 208 50 138 32 83 69 102 231 171 95 223 166 4 238 80 110 128 94 153 172 231 144 63 219 173 197 118 246 6 139 127 53 25 82 9 45 139 126 110 112 28 201 0
0 0 164 77 218 6 61 47 39 83 128 187 142 141 41 200 230 111 89 154 161 229 4 76 44 230 151 145 63 41 41 67 23 2 104 202 182 176 216 106 103 93 157 37 24 33 123 228 222 28 231 46 243 161 153 170 115 99 224 3 71 219 174 61 34 221 111 133 158 81 224 37 200 17 243 100 230 210 125 68 73 150 212 48 117 197 223 112 19 242 251 226 36 61 160 23 88 169 243 208 135 203 151 35 180 244 90 17 144 4 41 191 178 201 55 56 165 187 254 73 247 111 204 208 6 95 5 0
0 0 3 87 189 147 112 124 39 231 160 118 59 227 21 74 73 213 189 162 20 179 181 105 242 221 179 199 216 191 243 110 170 102 11 115 131 65 153 224 104 173 111 208 146 95 244 88 29 234 148 67 236 67 243 196 108 125 158 141 255 38 230 190 127 71 15 92 162 92 83 132 44 142 230 132 28 36 101 18 37 182 3 245 83 220 214 82 58 234 210 234 232 29 182 232 246 9 28 226 82 212 126 149 161 210 213 28 159 181 199 239 224 249 30 210 89 84 184 103 232 199 53 108 61 93 46 0
0 0 0 175 76 82 164 112 42 246 21 116 99 148 165 153 56 204 148 142 210 133 184 28 188 68 53 45 172 77 205 49 20 131 176 42 190 30 107 91 57 62 103 153 27 251 27 89 172 148 252 43 57 1 156 44 24 35 76 223 23 218 151 181 78 122 210 64 177 54 167 176 238 239 248 160 86 121 25 17 104 53 141 93 207 238 186 53 99 141 253 227 64 125 4 95 124 30 14 7 56 80 184 66 2 180 148 110 144 63 83 128 180 96 63 16 133 182 123 52 146 219 40 79 249 149 0 0
0 0 0 171 222 156 193 117 157 70 93 156 57 43 187 255 123 141 204 135 10 108 183 56 36 103 126 21 43 138 183 85 175 126 29 188 225 120 191 11 73 135 171 233 206 126 16 229 204 21 120 32 110 221 245 122 28 63 141 89 202 55 64 201 197 245 84 245 145 117 51 206 3 32 117 94 166 135 10 90 182 204 24 63 207 32 38 211 110 250 40 187 174 232 70 71 192 57 202 220 140 195 162 3 3 170 226 38 77 169 103 19 31 115 251 170 172 154 228 131 23 196 163 222 10 39 0 0
0 0 0 164 219 110 55 168 37 187 255 136 182 253 107 194 235 10 220 84 108 234 190 252 61 247 105 233 2 130 109 161 159 24 149 168 244 237 215 180 158 221 118 22 2 109 103 45 5 101 222 107 55 39 56 85 140 167 1 45 145 83 53 114 107 159 95 150 197 135 48 159 56 236 22 106 172 229 187 60 70 117 7 101 144 138 6 52 227 245 7 221 71 11 252 239 128 191 229 100 199 89 253 17 94 168 151 80 136 3 28 41 106 251 73 154 118 231 241 111 10 217 1 120 153 75 0 0
0 0 0 161 5 182 138 152 89 148 207 54 40 189 151 13 184 135 203 202 204 118 91 154 241 255 9 5 210 102 24 3 32 147 121 208 83 193 24 92 97 120 27 70 229 98 58 160 1 163 133 110 75 254 44 52 133 79 158 58 48 21 238 91 142 63 33 51 103 222 223 156 50 65 124 39 31 203 44 81 81 213 160 194 18 231 131 123 97 76 172 29 127 102 130 245 125 65 213 230 6 133 216 94 151 214 169 167 136 176 162 254 47 245 20 53 156 193 134 120 105 42 59 41 120 192 0 0
0 0 0 0 43 127 214 83 66 100 9 111 31 240 80 214 231 26 77 125 156 201 226 181 119 60 144 193 182 6 22 149 192 154 58 121 21 27 181 170 124 220 182 219 87 23 190 19 90 52 137 5 205 153 10 231 246 176 134 73 196 76 109 101 88 47 77 9 234 64 176 140 213 33 198 189 241 42 4 148 237 156 136 34 166 223 50 87 129 119 49 157 189 163 106 199 235 118 181 211 114 98 73 89 50 75 201 112 153 252 175 90 181 55 247 64 202 224 232 248 61 7 227 4 226 0 0 0
0 0 0 0 12 175 210 68 176 224 146 137 115 81 67 100 124 67 131 233 99 235 241 244 38 53 15 75 114 195 100 85 79 150 183 23 191 129 190 52 174 158 54 100 175 98 219 49 17 215 66 238 202 109 169 130 31 165 60 124 184 29 11 216 180 51 124 148 59 48 90 236 147 84 15 209 168 211 125 219 245 130 226 190 186 251 196 147 12 126 52 201 41 184 153 85 222 240 9 124 1 101 238 108 231 187 237 169 64 149 138 89 157 120 108 242 22 180 21 116 45 108 11 174 189 0 0 0
0 0 0 0 212 135 10 36 30 114 167 87 101 109 223 37 228 212 29 60 76 37 223 164 88 117 71 114 103 20 238 197 156 25 189 93 197 182 95 186 147 58 152 209 69 139 233 128 107 123 221 47 201 52 167 124 142 60 97 199 146 192 119 26 216 63 222 219 176 154 165 54 41 130 46 100 250 79 220 105 11 140 102 28 224 225 229 57 202 239 190 45 113 123 218 212 228 213 16 68 79 219 224 26 164 197 111 245 103 135 207 215 237 211 143 38 198 247 205 1 55 183 230 2 238 0 0 0
0 0 0 0 0 250 144 5 185 106 12 191 16 152 75 6 42 10 73 155 214 94 92 225 212 71 113 42 84 161 26 154 170 147 153 233 183 65 188 223 134 57 212 156 94 230 22 196 237 140 68 196 247 234 124 191 155 174 157 177 174 217 211 227 161 35 244 129 235 69 52 254 137 249 251 88 100 33 109 82 10 214 205 136 126 202 102 182 41 92 254 229 179 177 204 183 73 228 82 236 176 127 153 150 239 15 8 19 179 247 140 76 223 210 69 108 106 181 68 95 191 127 153 0 0 0 0 0
0 0 0 0 0 118 38 102 116 161 220 214 31 176 142 148 240 111 18 131 179 155 125 12 209 34 251 187 25 186 205 157 7 47 215 121 27 3 39 169 83 87 28 190 109 232 78 64 0 137 0 174 180 203 38 143 160 174 41 80 215 67 249 222 118 242 100 69 24 173 114 176 250 177 255 8 143 75 5 145 193 184 152 3 85 236 116 15 138 117 126 25 160 239 166 117 203 37 87 234 231 92 73 225 12 189 181 85 103 75 207 8 82 109 130 125 102 210 211 128 112 231 143 125 0 0 0 0
0 0 0 0 0 0 40 106 26 152 220 36 66 113 208 169 247 137 61 25 225 127 212 35 252 243 199 54 146 62 106 124 12 134 232 145 75 89 174 76 25 115 140 83 45 227 199 186 251 243 131 117 69 174 78 141 26 157 227 78 208 233 44 185 159 228 48 92 113 110 17 213 30 127 29 172 89 151 28 6 151 129 108 80 191 217 249 224 145 15 4 246 133 37 142 57 188 0 92 237 158 168 219 132 96 82 130 144 116 234 229 204 239 209 72 233 56 201 141 217 90 150 124 0 0 0 0 0
0 0 0 0 0 0 15 247 179 178 20 238 237 180 202 72 206 143 124 249 237 56 70 143 146 98 129 19 175 88 170 65 38 47 223 83 249 123 115 55 182 149 18 190 135 251 215 96 160 185 62 65 246 202 208 59 176 5 100 224 62 167 182 1 66 20 243 63 80 198 193 46 201 142 77 223 142 229 135 56 95 73 148 37 247 251 49 39 239 64 0 163 171 194 171 58 35 34 186 39 60 128 37 89 195 92 44 177 219 74 113 2 66 170 87 37 92 193 203 182 71 207 125 0 0 0 0 0
0 0 0 0 0 0 66 70 26 19 71 172 164 210 131 59 216 248 251 61 238 99 151 125 161 28 16 72 4 22 10 61 67 181 188 82 240 153 25 47 102 24 222 202 95 168 78 154 89 185 132 143 173 142 39 94 130 13 26 8 74 54 240 29 242 229 34 61 68 72 196 150 111 68 104 220 136 19 81 44 95 148 224 184 7 204 153 20 166 190 0 246 52 64 158 152 214 158 99 241 200 158 178 64 246 171 138 55 86 142 43 90 82 147 176 86 204 172 81 115 8 252 54 0 0 0 0 0
0 0 0 0 0 0 0 100 87 118 137 142 235 80 121 166 251 14 229 57 85 219 85 117 187 121 96 217 80 185 222 70 22 31 63 125 38 14 129 184 142 165 156 189 153 250 245 98 167 80 117 252 166 34 254 61 183 97 16 246 20 218 50 201 81 130 250 220 3 61 24 248 174 224 85 116 206 136 71 18 153 118 207 179 24 141 62 115 54 227 12 152 53 91 107 45 79 198 205 223 169 240 194 60 141 125 252 89 156 145 218 5 224 211 116 100 234 225 36 30 50 7 0 0 0 0 0 0
0 0 0 0 0 0 0 196 40 151 233 235 176 192 69 218 121 83 181 211 82 49 140 103 3 186 255 127 112 103 241 69 69 164 64 59 69 28 164 122 118 194 152 153 58 14 105 98 109 192 42 4 25 188 177 115 134 113 12 200 13 226 102 22 181 175 51 106 168 108 0 214 65 1 194 14 36 70 240 184 89 222 249 193 60 0 127 31 246 29 237 238 41 183 147 5 123 67 81 179 106 104 10 74 9 191 4 92 212 86 237 157 120 229 197 57 173 91 105 234 30 59 0 0 0 0 0 0
0 0 0 0 0 0 0 0 178 21 149 11 32 121 220 148 71 232 233 216 220 233 113 160 49 0 183 54 250 60 145 65 97 201 172 250 151 141 56 172 169 10 135 54 163 204 22 186 50 26 252 233 208 58 113 167 25 192 242 238 202 206 33 157 217 94 249 49 117 170 130 29 148 82 84 131 98 198 204 217 250 239 111 71 223 211 182 159 62 172 76 18 168 143 189 110 204 187 248 170 158 152 219 43 55 3 21 5 224 76 146 137 251 154 20 202 167 67 114 210 186 0 0 0 0 0 0 0
0 0 0 0 0 0 0 0 0 86 4 254 170 118 205 253 86 66 244 77 84 114 5 107 234 126 103 27 154 10 24 170 64 214 191 252 154 120 60 134 255 35 65 189 191 215 187 141 238 255 107 164 52 215 52 168 3 207 21 152 20 236 248 36 192 27 155 107 222 231 81 76 174 173 66 4 55 116 249 160 103 112 244 155 188 56 164 246 28 163 214 106 23 6 105 185 45 197 74 134 176 15 159 52 127 115 198 61 118 126 14 195 218 170 106 73 58 81 138 166 0 0 0 0 0 0 0 0
0 0 0 0 0 0 0 0 0 47 88 6 175 19 4 132 27 205 93 239 159 62 231 240 240 198 126 204 158 12 33 178 240 63 193 153 57 44 234 81 59 163 200 212 233 117 228 221 226 223 208 220 165 40 234 62 94 77 144 62 66 214 138 127 108 211 214 43 117 186 185 157 169 62 223 250 31 113 99 240 96 253 239 65 167 64 45 222 145 236 155 109 231 147 209 130 80 109 226 94 33 214 169 196 147 185 178 70 119 65 116 219 167 74 172 78 203 26 64 139 0 0 0 0 0 0 0 0
0 0 0 0 0 0 0 0 0 0 222 211 251 71 115 41 63 216 71 41 128 245 85 92 162 249 82 215 137 248 115 166 28 5 6 64 156 173 29 108 226 140 68 211 171 116 199 113 112 142 145 5 32 139 21 131 219 172 121 18 85 198 115 17 95 24 39 113 142 190 255 154 53 136 239 174 59 1 248 47 74 50 86 250 30 200 225 111 125 243 103 49 202 163 182 253 0 86 75 221 0 50 215 247 156 252 226 236 5 134 55 200 12 120 18 225 121 219 186 0 0 0 0 0 0 0 0 0
0 0 0 0 0 0 0 0 0 0 22 61 150 53 62 49 205 55 225 28 52 154 233 108 7 83 24 34 37 168 126 116 101 234 27 115 100 90 236 169 139 60 110 59 210 139 155 255 34 94 71 153 121 191 232 65 53 214 214 4 6 15 57 84 4 203 184 161 104 18 141 56 174 66 161 131 122 54 67 123 162 177 96 131 235 156 18 71 48 110 87 63 172 250 188 94 174 111 226 141 60 161 26 192 82 171 110 160 106 196 108 65 193 42 57 215 167 152 201 0 0 0 0 0 0 0 0 0
0 0 0 0 0 0 0 0 0 0 0 136 186 241 10 213 114 78 48 93 153 254 62 83 60 181 3 151 176 245 51 173 97 33 181 86 14 226 19 183 254 196 153 149 206 130 234 25 213 218 70 109 105 181 131 179 156 145 195 225 75 187 26 179 2 16 176 28 157 82 15 50 226 28 133 55 125 16 10 215 213 59 70 113 242 240 118 155 57 223 117 198 126 224 187 49 113 214 75 21 39 3 109 52 5 129 49 157 6 212 190 219 0 221 27 171 134 41 0 0 0 0 0 0 0 0 0 0
0 0 0 0 0 0 0 0 0 0 0 0 203 238 245 0 171 232 135 148 82 32 255 238 139 179 73 240 198 69 216 221 45 69 76 153 241 188 136 72 240 247 137 232 40 125 139 164 134 2 215 60 222 207 237 246 227 31 68 126 145 22 233 144 46 73 77 20 158 168 158 174 226 239 230 164 204 175 31 148 182 157 76 251 22 199 16 232 91 60 167 192 233 62 122 1 93 40 171 144 3 94 49 172 85 143 126 243 30 72 41 213 7 206 239 226 64 0 0 0 0 0 0 0 0 0 0 0
0 0 0 0 0 0 0 0 0 0 0 0 110 180 109 31 199 202 215 78 104 193 93 136 34 5 21 252 37 5 220 89 35 112 246 148 249 7 197 152 56 0 142 149 164 77 173 251 216 71 222 189 92 215 145 249 119 112 180 144 72 224 79 232 151 127 217 210 89 93 208 148 35 26 10 70 185 231 13 170 77 237 112 104 220 101 191 53 215 93 98 164 236 216 148 231 248 247 82 168 242 221 140 108 19 170 44 24 83 82 172 69 185 34 254 186 106 0 0 0 0 0 0 0 0 0 0 0
0 0 0 0 0 0 0 0 0 0 0 0 0 204 8 126 203 85 93 100 205 16 5 45 138 204 183 248 17 126 76 146 11 120 44 155 149 59 196 81 51 246 139 237 142 107 42 127 113 143 177 225 124 45 32 127 121 182 176 34 78 193 107 208 232 38 181 66 158 22 197 47 14 160 3 104 232 6 156 168 97 108 197 63 194 37 148 109 0 97 167 193 236 239 14 146 156 185 114 51 6 59 200 74 231 76 125 112 163 28 252 232 68 160 175 119 0 0 0 0 0 0 0 0 0 0 0 0
0 0 0 0 0 0 0 0 0 0 0 0 0 0 174 129 115 87 83 2 37 157 64 240 128 247 74 201 32 164 42 112 164 35 73 110 201 105 44 192 6 55 71 163 167 227 54 97 12 23 195 38 44 187 146 102 86 101 165 228 34 33 98 43 204 123 131 112 253 134 66 196 27 121 37 234 91 80 91 33 76 26 163 57 242 239 85 123 246 144 141 92 198 15 118 63 95 222 92 234 67 234 100 224 133 238 171 127 117 172 43 111 174 160 81 0 0 0 0 0 0 0 0 0 0 0 0 0
0 0 0 0 0 0 0 0 0 0 0 0 0 0 0 41 151 3 182 53 105 58 43 194 93 245 162 58 68 194 126 28 35 149 244 163 123 133 236 84 31 210 202 244 230 34 161 30 222 25 239 111 89 169 147 84 230 218 200 98 85 207 246 117 30 182 238 217 235 160 144 243 206 171 124 239 190 204 53 168 115 230 59 160 123 172 179 163 3 217 229 60 63 142 227 60 40 42 244 158 218 79 157 44 209 224 6 49 208 74 221 196 60 11 0 0 0 0 0 0 0 0 0 0 0 0 0 0
0 0 0 0 0 0 0 0 0 0 0 0 0 0 0 156 79 227 68 248 139 87 143 251 253 4 246 183 130 215 229 110 211 112 205 245 89 31 75 171 2 193 187 11 104 194 212 112 111 226 228 161 110 59 155 233 162 124 38 156 186 240 56 199 64 80 38 47 62 88 63 248 218 232 132 136 70 153 29 188 82 237 127 217 48 183 123 230 231 66 104 202 0 230 209 190 225 98 50 125 208 68 80 142 147 197 83 136 198 1 220 238 22 216 0 0 0 0 0 0 0 0 0 0 0 0 0 0
0 0 0 0 0 0 0 0 0 0 0 0 0 0 0 0 88 196 232 226 135 219 42 162 146 12 23 37 33 99 192 36 222 198 200 132 209 147 34 134 89 146 55 211 175 37 40 113 164 174 9 140 28 186 171 22 105 158 84 110 103 202 212 169 166 183 156 30 150 253 63 26 24 175 224 163 192 71 42 230 208 90 71 241 172 197 154 10 119 47 212 3 119 125 40 80 77 47 97 198 15 143 26 44 172 210 80 196 77 61 73 100 56 0 0 0 0 0 0 0 0 0 0 0 0 0 0 0
0 0 0 0 0 0 0 0 0 0 0 0 0 0 0 0 0 178 1 196 18 213 12 212 44 147 25 204 37 26 1 73 234 205 120 50 71 158 255 221 23 41 205 96 154 29 81 209 38 87 210 147 179 209 92 108 49 172 62 175 247 37 162 4 161 67 233 201 102 168 108 112 169 58 208 0 197 120 117 154 152 192 241 129 68 112 114 167 155 111 250 52 124 244 148 54 210 21 212 10 94 2 15 154 202 181 181 113 23 225 231 17 0 0 0 0 0 0 0 0 0 0 0 0 0 0 0 0
0 0 0 0 0 0 0 0 0 0 0 0 0 0 0 0 0 0 156 154 125 192 177 90 76 155 168 105 253 139 146 221 112 239 127 255 65 91 20 205 96 192 231 255 48 103 222 180 86 161 121 102 188 163 102 4 247 99 125 157 31 180 39 103 222 157 122 129 243 24 178 27 192 58 87 224 143 11 46 110 25 188 111 74 144 84 179 102 139 14 0 46 173 235 198 149 60 65 92 233 179 84 145 67 70 65 233 72 129 230 247 0 0 0 0 0 0 0 0 0 0 0 0 0 0 0 0 0
0 0 0 0 0 0 0 0 0 0 0 0 0 0 0 0 0 0 0 184 105 109 37 22 136 227 23 59 185 111 206 156 240 198 152 53 159 98 41 143 67 43 186 67 225 40 212 181 212 49 188 149 44 2 94 20 105 93 49 199 139 201 70 136 205 125 187 140 216 30 176 169 144 71 62 189 82 66 61 120 128 101 187 98 152 207 149 208 193 10 187 238 206 53 74 95 249 213 58 214 113 95 12 10 7 131 160 72 166 17 0 0 0 0 0 0 0 0 0 0 0 0 0 0 0 0 0 0
0 0 0 0 0 0 0 0 0 0 0 0 0 0 0 0 0 0 0 0 235 165 101 38 99 185 247 135 180 61 140 255 135 34 218 157 10 182 182 99 26 236 11 124 70 111 159 178 103 106 135 64 174 118 3 212 87 116 139 5 247 250 93 146 153 49 246 153 31 60 226 140 80 126 83 255 101 108 160 73 172 237 240 187 63 65 237 5 39 141 65 248 99 211 182 79 47 238 35 65 223 252 129 53 206 24 42 199 10 0 0 0 0 0 0 0 0 0 0 0 0 0 0 0 0 0 0 0
0 0 0 0 0 0 0 0 0 0 0 0 0 0 0 0 0 0 0 0 0 62 219 185 194 66 148 231 110 183 142 22 76 192 202 216 129 54 236 119 19 104 25 3 104 85 138 97 249 70 157 112 162 49 135 83 181 5 188 92 187 51 228 133 32 136 239 229 116 142 173 161 153 24 198 123 86 233 168 6 210 160 75 255 202 139 142 165 63 98 249 22 66 235 98 174 130 2 50 11 189 223 16 118 124 19 68 37 0 0 0 0 0 0 0 0 0 0 0 0 0 0 0 0 0 0 0 0
0 0 0 0 0 0 0 0 0 0 0 0 0 0 0 0 0 0 0 0 0 0 231 51 206 212 96 104 221 168 155 88 194 255 199 110 72 106 72 196 91 133 6 3 61 64 245 195 20 132 62 213 218 170 87 227 208 61 86 137 193 81 83 149 1 133 42 175 120 31 236 33 227 7 175 196 240 161 166 94 138 139 83 111 223 56 229 247 46 139 170 234 23 255 88 47 0 139 17 201 169 81 162 90 62 162 56 0 0 0 0 0 0 0 0 0 0 0 0 0 0 0 0 0 0 0 0 0
0 0 0 0 0 0 0 0 0 0 0 0 0 0 0 0 0 0 0 0 0 0 0 93 1 178 48 191 122 111 182 214 26 71 149 231 38 38 218 93 248 119 243 9 244 66 98 149 250 0 252 51 225 224 82 42 79 59 51 57 87 149 189 137 171 26 206 87 240 230 100 53 168 221 32 15 119 86 99 105 51 169 225 133 168 81 96 180 77 0 141 147 141 76 239 154 9 202 235 37 194 230 36 168 70 52 0 0 0 0 0 0 0 0 0 0 0 0 0 0 0 0 0 0 0 0 0 0
0 0 0 0 0 0 0 0 0 0 0 0 0 0 0 0 0 0 0 0 0 0 0 0 0 178 34 209 120 107 52 69 56 105 66 134 146 90 27 37 83 70 79 166 235 197 246 52 169 58 83 222 141 130 162 120 167 42 106 101 84 59 3 52 137 230 46 169 205 148 179 51 15 115 115 30 73 221 115 7 86 253 138 98 108 74 186 199 226 69 145 63 209 164 54 154 253 46 33 202 53 230 241 151 0 0 0 0 0 0 0 0 0 0 0 0 0 0 0 0 0 0 0 0 0 0 0 0
0 0 0 0 0 0 0 0 0 0 0 0 0 0 0 0 0 0 0 0 0 0 0 0 0 0 214 126 155 139 250 54 157 89 135 120 81 20 135 247 64 234 183 159 8 93 135 195 122 122 176 153 95 101 62 57 159 147 75 204 252 151 144 186 71 101 246 178 250 152 125 179 212 214 187 16 117 241 94 151 28 41 168 43 55 91 63 106 53 123 195 64 116 12 251 218 79 184 81 80 100 170 213 0 0 0 0 0 0 0 0 0 0 0 0 0 0 0 0 0 0 0 0 0 0 0 0 0
0 0 0 0 0 0 0 0 0 0 0 0 0 0 0 0 0 0 0 0 0 0 0 0 0 0 0 36 43 11 147 226 8 59 21 72 37 92 82 8 146 125 163 247 43 212 151 179 128 75 81 177 176 128 130 4 6 79 166 92 183 50 157 129 85 59 164 162 111 233 53 208 9 254 155 151 205 74 101 205 95 8 121 71 191 247 85 175 60 31 5 36 217 49 104 216 92 229 17 58 61 127 0 0 0 0 0 0 0 0 0 0 0 0 0 0 0 0 0 0 0 0 0 0 0 0 0 0
0 0 0 0 0 0 0 0 0 0 0 0 0 0 0 0 0 0 0 0 0 0 0 0 0 0 0 0 0 229 120 214 190 52 54 246 81 129 249 27 170 66 255 91 222 59 136 217 167 99 28 116 245 103 243 180 250 50 164 134 194 86 127 61 245 111 94 115 19 148 30 193 51 187 141 49 168 210 102 91 218 210 128 39 91 22 135 49 141 9 230 137 7 5 138 45 187 252 123 242 0 0 0 0 0 0 0 0 0 0 0 0 0 0 0 0 0 0 0 0 0 0 0 0 0 0 0 0
0 0 0 0 0 0 0 0 0 0 0 0 0 0 0 0 0 0 0 0 0 0 0 0 0 0 0 0 0 0 189 215 15 95 158 97 141 166 190 223 6 221 108 73 45 63 99 12 217 205 203 39 95 9 34 95 202 54 237 30 3 30 132 84 243 133 175 86 107 184 112 1 247 206 199 89 240 147 79 188 145 36 176 117 104 121 208 151 73 234 27 137 111 227 237 214 121 61 9 0 0 0 0 0 0 0 0 0 0 0 0 0 0 0 0 0 0 0 0 0 0 0 0 0 0 0 0 0
0 0 0 0 0 0 0 0 0 0 0 0 0 0 0 0 0 0 0 0 0 0 0 0 0 0 0 0 0 0 0 0 111 234 70 143 160 192 21 231 207 162 238 96 36 166 209 50 111 250 64 86 31 178 49 160 241 124 51 41 158 94 63 151 81 190 150 132 198 236 234 184 90 251 193 103 29 171 8 64 16 176 191 68 11 45 171 59 209 49 192 240 100 37 72 196 136 0 0 0 0 0 0 0 0 0 0 0 0 0 0 0 0 0 0 0 0 0 0 0 0 0 0 0 0 0 0 0
0 0 0 0 0 0 0 0 0 0 0 0 0 0 0 0 0 0 0 0 0 0 0 0 0 0 0 0 0 0 0 0 0 0 27 147 144 58 249 160 123 43 172 5 148 79 164 46 111 212 14 248 102 217 211 14 171 13 217 112 160 151 160 223 85 142 54 250 237 211 174 2 64 108 89 169 24 71 185 111 81 94 163 130 186 205 212 212 101 175 160 147 21 44 9 0 0 0 0 0 0 0 0 0 0 0 0 0 0 0 0 0 0 0 0 0 0 0 0 0 0 0 0 0 0 0 0 0
0 0 0 0 0 0 0 0 0 0 0 0 0 0 0 0 0 0 0 0 0 0 0 0 0 0 0 0 0 0 0 0 0 0 0 249 206 93 146 73 176 190 38 203 59 236 6 28 63 46 117 19 40 29 48 139 103 47 125 40 183 219 10 79 110 248 210 227 101 35 101 247 60 168 16 236 252 121 110 9 127 194 234 96 27 104 217 139 213 140 140 49 89 223 0 0 0 0 0 0 0 0 0 0 0 0 0 0 0 0 0 0 0 0 0 0 0 0 0 0 0 0 0 0 0 0 0 0
0 0 0 0 0 0 0 0 0 0 0 0 0 0 0 0 0 0 0 0 0 0 0 0 0 0 0 0 0 0 0 0 0 0 0 0 0 118 254 36 164 71 254 93 245 33 35 156 148 228 221 51 8 99 241 208 196 196 24 147 151 232 39 98 94 107 229 168 173 129 92 241 183 214 200 110 235 197 206 54 234 153 182 39 124 79 34 196 169 139 52 185 0 0 0 0 0 0 0 0 0 0 0 0 0 0 0 0 0 0 0 0 0 0 0 0 0 0 0 0 0 0 0 0 0 0 0 0
0 0 0 0 0 0 0 0 0 0 0 0 0 0 0 0 0 0 0 0 0 0 0 0 0 0 0 0 0 0 0 0 0 0 0 0 0 0 0 0 220 247 243 67 41 99 161 67 162 129 237 25 88 120 76 105 254 81 115 38 130 172 52 188 106 160 137 32 163 240 197 201 184 159 66 55 85 222 237 169 69 167 227 0 159 206 220 83 6 0 0 0 0 0 0 0 0 0 0 0 0 0 0 0 0 0 0 0 0 0 0 0 0 0 0 0 0 0 0 0 0 0 0 0 0 0 0 0
0 0 0 0 0 0 0 0 0 0 0 0 0 0 0 0 0 0 0 0 0 0 0 0 0 0 0 0 0 0 0 0 0 0 0 0 0 0 0 0 0 0 30 73 90 30 46 239 167 189 192 36 93 56 154 85 35 53 215 110 216 102 57 131 85 47 253 94 53 214 128 242 211 255 77 21 6 248 16 19 227 198 203 163 158 6 38 0 0 0 0 0 0 0 0 0 0 0 0 0 0 0 0 0 0 0 0 0 0 0 0 0 0 0 0 0 0 0 0 0 0 0 0 0 0 0 0 0
0 0 0 0 0 0 0 0 0 0 0 0 0 0 0 0 0 0 0 0 0 0 0 0 0 0 0 0 0 0 0 0 0 0 0 0 0 0 0 0 0 0 0 0 0 107 117 46 69 56 43 139 132 194 145 100 98 253 240 103 222 122 179 251 95 185 183 246 161 77 9 57 229 133 20 163 38 94 104 231 122 23 25 75 0 0 0 0 0 0 0 0 0 0 0 0 0 0 0 0 0 0 0 0 0 0 0 0 0 0 0 0 0 0 0 0 0 0 0 0 0 0 0 0 0 0 0 0
0 0 0 0 0 0 0 0 0 0 0 0 0 0 0 0 0 0 0 0 0 0 0 0 0 0 0 0 0 0 0 0 0 0 0 0 0 0 0 0 0 0 0 0 0 0 0 0 0 37 43 240 147 123 116 105 156 200 76 236 146 137 25 59 71 98 93 237 200 58 223 72 121 185 141 97 77 184 28 249 0 0 0 0 0 0 0 0 0 0 0 0 0 0 0 0 0 0 0 0 0 0 0 0 0 0 0 0 0 0 0 0 0 0 0 0 0 0 0 0 0 0 0 0 0 0 0 0
0 0 0 0 0 0 0 0 0 0 0 0 0 0 0 0 0 0 0 0 0 0 0 0 0 0 0 0 0 0 0 0 0 0 0 0 0 0 0 0 0 0 0 0 0 0 0 0 0 0 0 0 0 148 135 160 84 220 97 126 214 75 170 59 224 153 117 193 43 35 33 248 85 87 86 146 0 0 0 0 0 0 0 0 0 0 0 0 0 0 0 0 0 0 0 0 0 0 0 0 0 0 0 0 0 0 0 0 0 0 0 0 0 0 0 0 0 0 0 0 0 0 0 0 0 0 0 0
