128
0 0 0 0 0 0 0 0 0 0 0 0 0 0 0 0 0 0 0 0 0 0 0 0 0 0 0 0 0 0 0 0 0 0 0 0 0 0 0 0 0 0 0 0 0 0 0 0 0 0 0 0 0 0 0 0 0 0 0 0 0 0 0 0 62 0 0 0 0 0 0 0 0 0 0 0 0 0 0 0 0 0 0 0 0 0 0 0 0 0 0 0 0 0 0 0 0 0 0 0 0 0 0 0 0 0 0 0 0 0 0 0 0 0 0 0 0 0 0 0 0 0 0 0 0 0 0 0
0 0 0 0 0 0 0 0 0 0 0 0 0 0 0 0 0 0 0 0 0 0 0 0 0 0 0 0 0 0 0 0 0 0 0 0 0 0 0 0 0 0 0 0 0 0 0 0 0 0 0 0 0 62 68 250 151 27 95 251 232 131 144 111 147 122 28 31 153 207 207 104 74 202 136 6 0 0 0 0 0 0 0 0 0 0 0 0 0 0 0 0 0 0 0 0 0 0 0 0 0 0 0 0 0 0 0 0 0 0 0 0 0 0 0 0 0 0 0 0 0 0 0 0 0 0 0 0
0 0 0 0 0 0 0 0 0 0 0 0 0 0 0 0 0 0 0 0 0 0 0 0 0 0 0 0 0 0 0 0 0 0 0 0 0 0 0 0 0 0 0 0 0 0 0 0 0 24 233 159 118 34 30 2 244 94 19 64 63 113 63 109 82 173 241 97 12 221 73 7 230 197 100 66 9 105 32 53 0 0 0 0 0 0 0 0 0 0 0 0 0 0 0 0 0 0 0 0 0 0 0 0 0 0 0 0 0 0 0 0 0 0 0 0 0 0 0 0 0 0 0 0 0 0 0 0
0 0 0 0 0 0 0 0 0 0 0 0 0 0 0 0 0 0 0 0 0 0 0 0 0 0 0 0 0 0 0 0 0 0 0 0 0 0 0 0 0 0 0 0 0 212 40 223 114 47 93 183 233 127 222 29 100 254 192 234 93 126 23 163 84 25 104 120 24 236 93 160 3 167 31 67 10 149 145 94 126 253 185 171 0 0 0 0 0 0 0 0 0 0 0 0 0 0 0 0 0 0 0 0 0 0 0 0 0 0 0 0 0 0 0 0 0 0 0 0 0 0 0 0 0 0 0 0
0 0 0 0 0 0 0 0 0 0 0 0 0 0 0 0 0 0 0 0 0 0 0 0 0 0 0 0 0 0 0 0 0 0 0 0 0 0 0 0 0 0 34 169 212 113 155 25 196 47 118 128 60 146 119 226 231 247 63 167 29 95 231 94 185 129 19 29 141 62 194 237 67 186 197 101 143 249 120 89 246 221 5 19 68 225 213 0 0 0 0 0 0 0 0 0 0 0 0 0 0 0 0 0 0 0 0 0 0 0 0 0 0 0 0 0 0 0 0 0 0 0 0 0 0 0 0 0
0 0 0 0 0 0 0 0 0 0 0 0 0 0 0 0 0 0 0 0 0 0 0 0 0 0 0 0 0 0 0 0 0 0 0 0 0 0 0 0 52 246 91 54 241 179 243 204 3 145 102 131 65 209 202 229 207 67 28 50 6 158 245 45 228 202 155 90 151 241 100 231 183 95 1 124 13 51 156 0 94 174 47 186 203 4 24 108 214 0 0 0 0 0 0 0 0 0 0 0 0 0 0 0 0 0 0 0 0 0 0 0 0 0 0 0 0 0 0 0 0 0 0 0 0 0 0 0
0 0 0 0 0 0 0 0 0 0 0 0 0 0 0 0 0 0 0 0 0 0 0 0 0 0 0 0 0 0 0 0 0 0 0 0 0 72 202 92 131 65 19 84 122 185 204 180 33 196 163 8 216 33 32 207 154 117 163 43 249 205 48 121 61 106 224 97 212 199 187 189 144 120 190 183 198 213 23 39 157 247 209 236 168 197 218 71 95 53 146 137 0 0 0 0 0 0 0 0 0 0 0 0 0 0 0 0 0 0 0 0 0 0 0 0 0 0 0 0 0 0 0 0 0 0 0 0
0 0 0 0 0 0 0 0 0 0 0 0 0 0 0 0 0 0 0 0 0 0 0 0 0 0 0 0 0 0 0 0 0 0 0 58 135 55 30 190 73 173 116 102 166 143 204 98 163 197 190 173 7 14 201 88 130 116 83 70 139 223 165 27 233 215 177 118 236 112 126 141 130 26 104 94 6 60 148 209 196 210 46 120 193 31 205 171 177 82 125 212 92 140 0 0 0 0 0 0 0 0 0 0 0 0 0 0 0 0 0 0 0 0 0 0 0 0 0 0 0 0 0 0 0 0 0 0
0 0 0 0 0 0 0 0 0 0 0 0 0 0 0 0 0 0 0 0 0 0 0 0 0 0 0 0 0 0 0 0 0 0 8 64 175 193 124 174 107 25 140 168 49 151 241 122 71 188 120 79 170 200 71 37 149 75 209 175 133 136 133 27 220 98 218 48 161 228 217 189 234 241 87 235 69 233 91 35 194 197 120 249 214 75 109 44 161 153 71 181 105 104 10 0 0 0 0 0 0 0 0 0 0 0 0 0 0 0 0 0 0 0 0 0 0 0 0 0 0 0 0 0 0 0 0 0
0 0 0 0 0 0 0 0 0 0 0 0 0 0 0 0 0 0 0 0 0 0 0 0 0 0 0 0 0 0 0 0 19 187 100 206 248 137 85 137 137 127 54 82 67 224 232 17 9 1 117 16 239 63 65 23 5 94 74 192 104 86 184 214 172 126 129 204 141 134 103 143 249 12 46 37 73 72 233 230 1 243 225 225 27 232 83 254 202 72 218 95 46 155 149 34 111 0 0 0 0 0 0 0 0 0 0 0 0 0 0 0 0 0 0 0 0 0 0 0 0 0 0 0 0 0 0 0
0 0 0 0 0 0 0 0 0 0 0 0 0 0 0 0 0 0 0 0 0 0 0 0 0 0 0 0 0 0 114 60 210 204 237 183 46 65 65 79 29 2 196 122 170 95 31 254 173 36 241 143 12 41 4 185 251 60 97 50 70 60 127 170 190 61 82 113 101 82 108 108 1 222 158 187 236 113 187 74 159 103 196 72 143 179 147 196 187 250 88 26 191 239 255 199 128 210 160 0 0 0 0 0 0 0 0 0 0 0 0 0 0 0 0 0 0 0 0 0 0 0 0 0 0 0 0 0
0 0 0 0 0 0 0 0 0 0 0 0 0 0 0 0 0 0 0 0 0 0 0 0 0 0 0 0 0 156 198 142 48 136 175 112 44 172 65 42 117 228 214 140 11 61 196 248 15 105 16 171 247 129 245 193 61 12 146 183 176 96 49 36 206 192 84 148 90 245 42 166 142 231 55 35 242 118 105 1 36 149 188 82 39 235 254 31 174 184 174 135 80 153 49 99 161 154 228 17 0 0 0 0 0 0 0 0 0 0 0 0 0 0 0 0 0 0 0 0 0 0 0 0 0 0 0 0
0 0 0 0 0 0 0 0 0 0 0 0 0 0 0 0 0 0 0 0 0 0 0 0 0 0 0 146 137 130 142 88 36 137 156 107 64 126 23 241 105 30 61 165 216 68 203 112 152 56 53 212 151 127 59 70 18 230 179 52 234 204 152 72 214 27 56 17 111 223 159 87 137 239 237 25 84 105 23 113 133 54 85 60 62 7 34 174 108 34 150 57 239 154 16 61 128 193 114 38 84 13 0 0 0 0 0 0 0 0 0 0 0 0 0 0 0 0 0 0 0 0 0 0 0 0 0 0
0 0 0 0 0 0 0 0 0 0 0 0 0 0 0 0 0 0 0 0 0 0 0 0 0 0 169 227 153 197 186 44 191 23 64 239 191 213 73 15 187 21 167 221 14 30 147 41 52 128 172 105 203 55 9 204 167 184 153 95 215 255 47 235 48 165 64 24 225 234 190 65 97 59 114 10 143 24 182 80 122 214 134 124 161 142 191 248 234 40 241 44 152 61 186 168 145 166 236 153 114 83 11 0 0 0 0 0 0 0 0 0 0 0 0 0 0 0 0 0 0 0 0 0 0 0 0 0
0 0 0 0 0 0 0 0 0 0 0 0 0 0 0 0 0 0 0 0 0 0 0 0 0 93 33 89 45 199 202 112 209 150 153 73 86 138 215 164 107 229 185 115 85 255 60 172 246 175 39 101 8 117 7 58 205 41 43 146 206 252 54 209 98 36 64 10 70 137 100 193 97 183 132 234 187 195 230 5 179 96 156 254 41 231 48 16 230 116 96 8 254 5 91 108 118 61 24 234 2 221 19 156 0 0 0 0 0 0 0 0 0 0 0 0 0 0 0 0 0 0 0 0 0 0 0 0
0 0 0 0 0 0 0 0 0 0 0 0 0 0 0 0 0 0 0 0 0 0 0 177 138 134 246 142 220 165 212 170 189 48 60 196 85 23 188 195 249 182 137 48 105 12 251 123 136 54 142 44 1 112 193 204 134 223 76 11 87 201 62 229 41 185 32 116 62 255 211 179 162 218 92 38 204 138 110 115 50 94 86 1 121 68 123 126 155 51 90 104 132 113 5 206 231 155 53 210 74 114 92 170 201 203 0 0 0 0 0 0 0 0 0 0 0 0 0 0 0 0 0 0 0 0 0 0
0 0 0 0 0 0 0 0 0 0 0 0 0 0 0 0 0 0 0 0 0 0 0 32 189 86 247 94 106 103 16 53 151 97 178 196 201 29 237 120 114 84 141 243 26 105 223 135 208 151 13 115 48 64 7 162 236 232 116 250 159 139 126 152 125 50 136 51 89 214 195 185 158 58 74 13 199 51 245 66 50 139 192 65 44 103 166 72 167 87 24 241 235 163 240 119 95 53 151 140 198 75 16 185 158 161 214 0 0 0 0 0 0 0 0 0 0 0 0 0 0 0 0 0 0 0 0 0
0 0 0 0 0 0 0 0 0 0 0 0 0 0 0 0 0 0 0 0 0 113 142 236 79 127 141 53 216 79 75 89 47 146 237 165 95 95 243 121 221 108 145 146 71 78 220 162 73 128 65 81 190 59 48 167 77 215 43 132 39 153 64 210 217 22 23 122 111 112 46 183 110 251 164 36 156 65 16 32 128 165 68 10 66 234 52 230 100 121 232 157 202 61 30 251 238 245 42 242 117 145 87 47 171 115 217 138 0 0 0 0 0 0 0 0 0 0 0 0 0 0 0 0 0 0 0 0
0 0 0 0 0 0 0 0 0 0 0 0 0 0 0 0 0 0 0 0 173 118 202 182 13 4 172 172 41 58 6 166 238 240 6 220 110 94 61 62 13 132 51 94 94 35 182 94 97 21 91 138 206 236 145 231 194 29 125 16 85 54 65 46 147 41 238 134 16 214 246 91 45 213 146 50 188 58 40 117 9 63 214 11 150 116 235 222 245 80 49 214 122 112 154 193 34 122 19 184 241 8 234 105 24 166 76 139 136 0 0 0 0 0 0 0 0 0 0 0 0 0 0 0 0 0 0 0
0 0 0 0 0 0 0 0 0 0 0 0 0 0 0 0 0 0 0 39 243 83 98 90 181 166 97 179 55 153 73 42 58 162 192 90 149 233 34 144 21 200 164 132 229 233 52 65 241 22 206 69 31 248 200 149 68 7 178 223 173 252 231 191 231 238 178 212 195 209 34 193 254 16 182 32 187 232 15 198 229 127 16 178 137 143 96 15 234 38 14 90 181 162 74 193 3 217 216 196 97 198 202 124 185 125 181 253 255 173 0 0 0 0 0 0 0 0 0 0 0 0 0 0 0 0 0 0
0 0 0 0 0 0 0 0 0 0 0 0 0 0 0 0 0 0 184 83 123 211 150 161 13 17 169 64 123 235 40 186 195 250 70 182 87 171 198 220 1 228 231 57 210 63 116 246 101 249 79 203 49 251 118 55 11 208 164 240 125 108 161 14 96 231 147 225 70 153 85 205 248 0 74 182 31 139 132 73 246 128 135 253 177 67 66 35 175 117 18 167 159 199 224 79 133 84 216 8 38 9 218 127 45 189 40 220 147 88 66 0 0 0 0 0 0 0 0 0 0 0 0 0 0 0 0 0
0 0 0 0 0 0 0 0 0 0 0 0 0 0 0 0 0 255 252 71 240 148 132 139 248 89 149 49 70 175 57 153 197 200 63 112 18 1 193 200 121 213 19 159 188 99 28 141 86 201 85 130 177 171 33 134 187 40 219 79 30 81 244 162 74 67 104 184 127 72 69 188 117 46 126 43 107 198 175 248 31 106 223 126 8 25 12 111 202 68 2 15 26 31 90 86 106 132 152 9 30 202 122 123 170 99 19 164 212 162 47 239 0 0 0 0 0 0 0 0 0 0 0 0 0 0 0 0
0 0 0 0 0 0 0 0 0 0 0 0 0 0 0 0 225 18 238 4 32 204 194 164 129 235 226 228 75 50 215 160 80 223 119 217 113 86 108 207 151 179 114 200 13 69 51 9 87 5 197 151 184 65 251 168 114 134 52 190 235 225 42 163 253 108 112 114 148 76 255 255 139 14 224 2 195 147 174 177 175 169 35 42 109 39 51 234 163 152 230 106 243 3 0 175 131 222 187 172 58 231 234 7 126 112 103 3 140 15 8 15 75 0 0 0 0 0 0 0 0 0 0 0 0 0 0 0
0 0 0 0 0 0 0 0 0 0 0 0 0 0 0 145 164 159 235 115 207 129 251 67 167 214 213 80 223 32 113 148 212 154 82 203 184 61 46 248 128 70 223 250 146 254 251 226 241 254 237 192 164 249 27 62 24 38 22 117 222 67 225 30 220 59 27 48 153 59 218 76 71 56 85 116 136 24 1 214 243 210 25 86 176 34 75 76 122 99 254 214 188 249 243 182 39 150 206 165 177 133 44 243 9 239 108 174 83 191 64 92 74 78 0 0 0 0 0 0 0 0 0 0 0 0 0 0
0 0 0 0 0 0 0 0 0 0 0 0 0 0 0 80 61 60 231 138 137 195 29 134 104 206 20 112 189 200 43 152 255 177 92 35 106 202 102 149 124 233 146 38 61 56 74 80 172 38 76 157 253 100 194 115 173 72 236 45 196 25 170 246 42 64 117 57 108 71 178 85 120 68 88 111 255 190 145 79 189 71 195 224 122 36 170 63 144 39 239 132 103 231 11 176 189 193 110 23 92 40 24 121 102 204 55 48 227 12 84 115 162 132 0 0 0 0 0 0 0 0 0 0 0 0 0 0
0 0 0 0 0 0 0 0 0 0 0 0 0 0 78 136 66 37 51 79 56 150 28 108 227 101 133 9 7 155 108 198 140 220 204 10 100 212 15 250 225 33 98 179 122 244 64 75 114 148 56 184 212 46 219 161 7 49 194 78 48 168 69 85 41 250 103 110 16 163 164 146 146 53 77 42 231 188 229 245 168 194 154 217 94 4 5 226 36 232 201 65 132 28 40 79 190 217 231 159 159 226 144 39 175 143 164 98 32 47 107 45 18 25 102 0 0 0 0 0 0 0 0 0 0 0 0 0
0 0 0 0 0 0 0 0 0 0 0 0 0 96 19 186 25 8 138 57 178 249 133 218 84 237 4 191 53 33 33 179 253 108 236 2 200 30 230 16 89 64 182 107 220 89 191 135 180 229 147 10 179 140 193 67 53 215 161 48 211 92 87 62 252 22 165 190 160 127 1 129 79 7 22 40 43 72 25 246 194 183 197 65 46 167 231 143 224 19 29 188 243 143 89 214 168 28 140 145 147 43 249 202 30 223 178 140 215 26 40 118 251 158 151 232 0 0 0 0 0 0 0 0 0 0 0 0
0 0 0 0 0 0 0 0 0 0 0 0 197 18 43 90 51 220 183 114 14 117 88 148 85 226 147 59 175 34 144 206 70 5 189 45 239 140 171 55 247 229 20 71 238 211 8 75 179 155 54 34 58 255 179 42 181 8 89 146 75 212 20 66 121 108 71 118 230 106 119 9 19 202 191 56 214 205 128 251 3 113 106 70 2 183 209 51 175 83 93 255 36 195 159 222 179 197 211 121 87 38 165 21 239 86 168 166 45 5 233 93 161 111 228 112 140 0 0 0 0 0 0 0 0 0 0 0
0 0 0 0 0 0 0 0 0 0 0 0 19 147 9 197 62 163 23 34 155 152 14 243 9 120 239 14 2 221 38 59 186 33 54 7 89 153 224 236 247 201 179 245 219 180 247 113 182 241 154 194 23 238 55 123 218 189 165 90 151 120 87 194 127 150 59 222 187 150 169 48 200 66 144 114 157 4 168 3 124 122 150 205 191 73 150 162 150 105 145 232 219 227 42 134 217 41 94 253 2 116 159 254 234 43 2 161 158 249 25 233 191 53 225 101 98 0 0 0 0 0 0 0 0 0 0 0
0 0 0 0 0 0 0 0 0 0 0 191 255 169 149 73 65 52 4 6 197 255 219 118 179 23 186 99 30 175 196 214 93 221 162 240 69 93 105 101 107 78 88 50 165 119 90 9 112 251 67 0 187 96 254 130 236 6 207 239 188 128 250 35 53 165 176 188 205 23 37 20 115 23 206 38 208 77 6 134 80 55 32 57 200 49 67 237 20 38 4 207 127 205 251 173 51 115 137 85 228 15 104 112 175 106 130 211 62 186 117 11 68 54 31 53 238 170 0 0 0 0 0 0 0 0 0 0
0 0 0 0 0 0 0 0 0 0 244 2 171 196 0 80 240 149 92 71 250 19 30 105 44 230 41 111 69 134 174 24 99 227 60 148 163 27 80 128 198 77 101 145 170 39 35 133 104 37 223 121 215 141 108 35 191 231 18 179 114 39 29 4 184 83 250 26 173 236 153 112 4 12 20 193 226 71 48 87 25 61 219 64 39 53 57 107 192 182 10 104 5 69 28 49 10 253 108 123 225 212 123 245 229 212 212 110 238 82 200 125 100 97 210 65 19 47 83 0 0 0 0 0 0 0 0 0
0 0 0 0 0 0 0 0 0 0 137 198 213 64 121 29 112 151 85 29 29 146 184 218 250 27 87 201 127 213 148 245 31 194 101 239 180 116 222 174 107 107 65 76 45 144 71 199 162 230 218 121 32 81 13 52 240 96 126 30 155 88 29 96 62 204 135 81 49 122 193 206 107 21 50 69 86 84 89 44 39 92 244 183 119 249 155 151 15 229 67 240 148 203 133 1 172 114 110 20 54 119 140 216 94 27 160 102 132 136 221 116 174 110 156 147 5 116 205 0 0 0 0 0 0 0 0 0
0 0 0 0 0 0 0 0 0 235 69 93 198 180 90 125 65 242 73 62 88 219 253 51 87 206 2 205 100 3 143 108 33 232 89 0 16 239 98 223 131 153 210 56 152 129 111 189 206 23 239 94 6 206 139 107 250 86 58 241 237 13 150 45 238 100 167 168 135 52 225 91 48 185 192 49 34 55 77 185 220 19 247 33 181 77 227 244 234 75 127 160 99 112 114 237 218 3 14 190 145 22 240 91 199 102 48 226 254 85 94 234 149 201 58 127 169 20 152 203 0 0 0 0 0 0 0 0
0 0 0 0 0 0 0 0 0 120 92 72 134 28 184 152 219 225 51 85 151 49 43 71 184 68 48 64 78 194 128 109 237 6 215 6 220 66 81 47 86 162 250 118 143 143 65 145 222 86 194 133 7 250 12 18 149 149 83 50 39 48 221 38 242 29 19 104 159 244 120 243 34 232 179 110 38 179 171 55 227 255 117 137 155 177 88 84 177 133 193 183 62 70 36 235 145 48 80 65 190 81 111 134 150 55 148 176 158 238 252 74 249 192 115 129 25 222 82 78 0 0 0 0 0 0 0 0
0 0 0 0 0 0 0 0 254 62 116 130 99 82 167 153 244 148 255 248 82 199 200 87 233 82 225 182 141 198 199 134 111 136 131 212 35 74 41 195 74 180 163 149 76 40 42 46 165 64 98 149 237 246 87 187 224 46 27 190 217 20 78 189 36 181 247 136 130 216 156 206 251 40 189 91 96 139 108 191 244 59 33 98 131 197 65 206 232 15 141 130 234 225 98 42 115 167 35 151 224 125 44 154 68 182 110 144 204 150 243 119 131 115 160 111 47 124 185 249 104 0 0 0 0 0 0 0
0 0 0 0 0 0 0 241 74 212 62 148 26 2 250 44 157 223 73 220 14 95 143 176 52 176 174 55 18 154 57 89 90 220 113 232 125 109 189 228 95 171 121 76 5 63 62 53 205 254 126 136 85 123 105 0 232 87 158 24 230 185 226 162 250 69 215 11 131 244 212 206 18 167 151 8 241 33 1 3 65 77 30 117 228 72 83 204 233 249 187 155 219 106 118 113 222 237 231 99 84 3 99 173 36 128 174 241 242 46 237 122 105 210 116 132 99 48 206 62 214 104 0 0 0 0 0 0
0 0 0 0 0 0 0 52 194 113 180 30 222 79 174 86 85 112 162 51 216 99 102 150 74 140 96 118 153 146 235 140 167 246 252 226 244 237 203 188 247 155 112 47 171 215 228 72 185 90 100 101 82 7 112 77 213 10 78 156 99 80 185 5 242 12 237 237 224 47 115 46 228 209 139 38 34 67 48 83 213 115 142 28 56 232 6 232 28 55 250 233 105 32 163 145 98 179 154 210 247 1 202 19 194 53 119 97 172 2 202 173 10 255 205 158 104 135 122 185 184 151 0 0 0 0 0 0
0 0 0 0 0 0 225 123 51 2 20 77 223 19 92 47 12 164 123 48 166 165 150 77 177 216 98 62 163 117 246 178 70 34 6 212 149 1 45 173 146 171 156 212 158 77 29 103 135 0 158 17 154 63 50 136 190 17 146 217 208 33 210 239 207 40 36 198 143 198 113 84 165 207 213 98 192 55 64 98 139 113 252 22 126 65 155 12 110 70 61 165 138 143 30 224 92 169 149 94 149 173 238 133 128 21 180 30 129 117 211 252 229 174 227 50 89 55 61 18 248 223 81 0 0 0 0 0
0 0 0 0 0 0 75 198 71 38 166 237 233 146 215 133 223 252 61 147 10 249 120 53 116 88 199 158 208 225 32 142 64 197 130 110 145 19 20 74 2 144 129 103 93 236 249 113 21 55 148 66 187 72 91 194 241 237 112 143 75 207 16 164 153 81 128 14 96 32 159 1 181 69 124 56 240 91 131 80 149 219 163 191 11 108 54 16 234 73 164 245 78 58 21 120 222 81 38 104 216 241 217 204 242 204 177 65 83 3 31 14 85 136 154 47 40 124 216 203 222 30 170 0 0 0 0 0
0 0 0 0 0 0 217 17 239 76 27 157 144 82 2 244 204 180 174 178 83 104 177 44 203 168 178 68 15 2 92 170 221 206 163 183 163 79 180 231 67 149 55 233 223 127 88 219 73 87 178 73 41 200 249 222 9 37 173 149 118 144 61 250 29 0 94 172 14 126 98 75 205 217 44 132 206 59 150 40 126 204 66 65 237 14 181 44 15 197 186 71 86 219 244 125 151 113 202 171 205 209 129 121 203 143 2 26 236 236 143 173 241 2 89 174 96 51 253 86 19 131 168 0 0 0 0 0
0 0 0 0 0 193 120 183 175 187 147 135 210 129 14 80 49 76 231 58 248 225 64 88 199 163 53 231 211 113 72 86 73 110 150 16 194 204 243 54 40 255 226 63 158 154 40 15 8 140 101 178 98 74 233 127 121 104 46 179 65 217 24 26 193 99 242 155 208 111 38 220 234 46 25 144 219 216 60 183 207 196 28 6 138 240 236 168 176 162 142 221 23 21 54 248 202 120 116 120 110 65 24 66 140 99 32 56 122 87 199 37 158 0 83 192 24 101 33 163 56 60 179 71 0 0 0 0
0 0 0 0 0 174 223 210 147 219 51 113 191 21 20 210 73 201 212 35 74 205 202 201 10 160 11 25 179 106 71 100 7 155 8 240 144 79 73 241 219 86 142 117 55 52 52 222 6 130 74 110 87 215 154 29 237 4 54 38 85 132 166 103 46 227 103 149 183 16 22 210 227 227 181 241 144 95 145 238 116 193 138 183 112 13 55 94 136 227 215 6 55 228 145 51 173 44 41 2 211 222 8 4 239 15 162 12 220 190 179 77 87 245 21 244 92 88 49 16 188 203 203 51 0 0 0 0
0 0 0 0 7 59 114 64 224 130 10 181 58 163 213 6 26 133 63 136 20 14 73 86 131 151 111 170 56 252 185 14 71 183 53 163 241 150 190 210 22 77 9 83 151 183 213 184 18 197 167 199 193 186 6 57 99 136 243 94 153 185 250 36 53 66 66 181 248 252 105 35 202 61 79 171 40 23 233 220 253 206 63 124 231 122 203 16 121 122 25 162 165 97 119 40 56 217 181 212 158 109 35 10 192 180 243 174 220 194 228 177 149 100 90 193 147 175 160 220 126 250 165 193 17 0 0 0
0 0 0 0 165 241 90 232 145 1 63 66 133 143 207 251 32 182 233 101 202 80 131 26 197 30 238 249 182 251 131 210 192 200 174 87 99 233 109 160 244 132 126 183 12 92 27 192 30 111 187 97 164 211 245 68 97 9 142 178 230 65 171 109 187 19 7 30 10 44 91 79 37 126 163 123 26 144 187 164 239 95 30 165 213 113 53 234 143 232 8 44 9 34 88 96 168 241 184 90 187 223 124 182 189 102 73 191 13 116 52 123 160 147 173 9 178 180 114 173 14 175 105 195 189 0 0 0
0 0 0 0 126 135 161 187 124 72 141 100 124 125 225 79 185 68 86 206 102 148 62 66 193 21 202 105 31 30 187 104 123 181 86 103 237 226 54 90 222 23 161 213 76 4 154 76 124 145 242 144 73 167 190 79 105 231 82 247 210 202 32 238 196 97 12 105 223 88 140 125 188 249 114 204 140 99 80 142 64 106 132 235 77 10 125 30 162 181 141 125 27 204 166 106 117 85 16 48 247 170 175 65 41 13 61 133 152 47 69 204 132 181 212 185 252 55 69 207 75 95 33 181 27 0 0 0
0 0 0 38 205 235 210 85 230 63 104 11 217 52 230 86 137 123 5 86 144 43 244 246 168 10 208 218 119 231 226 239 66 129 255 107 113 222 32 118 35 154 110 5 227 9 85 19 109 110 145 43 219 161 254 30 161 2 246 78 134 106 167 152 250 145 122 12 179 93 220 148 48 15 228 74 166 228 101 216 201 17 173 112 173 99 64 42 37 116 160 81 164 15 84 72 98 11 121 163 185 246 38 217 17 199 26 64 66 73 83 254 130 30 34 177 216 19 234 251 168 236 132 75 8 160 0 0
0 0 0 36 167 96 136 234 70 28 92 121 59 89 213 35 25 37 42 208 179 29 159 229 166 76 17 35 34 249 108 224 161 165 231 147 215 235 75 217 8 190 31 5 145 224 227 90 69 40 100 103 223 33 93 11 200 50 119 28 245 210 12 35 158 3 117 179 241 40 31 20 246 204 104 112 18 167 19 109 176 223 223 74 102 170 92 247 251 104 134 76 145 147 90 55 144 102 177 105 125 68 28 101 172 55 163 59 97 82 59 11 133 115 192 68 148 233 181 33 237 14 239 121 117 167 0 0
0 0 0 118 183 183 248 122 231 114 32 159 214 56 21 216 252 240 221 80 227 195 159 103 223 121 8 248 232 165 83 29 18 181 181 139 118 6 120 66 209 157 190 151 255 92 192 120 230 0 61 81 17 133 152 206 156 215 170 231 249 193 197 1 171 184 89 209 170 241 248 54 56 144 62 9 178 222 41 223 220 100 71 106 52 35 92 223 48 88 187 114 92 3 248 27 111 17 13 238 173 38 120 17 26 165 211 176 11 28 150 9 11 154 89 219 153 61 9 145 168 4 74 52 85 164 0 0
0 0 0 220 80 126 71 179 1 48 60 54 86 230 189 140 245 157 197 229 81 71 204 15 84 144 205 123 183 39 165 55 30 12 90 179 192 50 81 146 77 225 41 66 154 156 157 238 71 129 101 118 120 248 167 242 24 129 25 75 185 218 108 18 196 59 147 31 128 1 88 217 186 48 77 90 213 57 5 182 106 193 71 224 128 216 242 163 29 254 214 56 67 255 227 182 228 48 82 109 165 96 106 3 28 24 163 109 129 234 50 65 178 200 197 5 31 50 129 66 115 252 174 242 240 20 0 0
0 0 129 232 185 229 210 220 78 189 45 69 24 89 140 213 186 221 159 52 224 42 240 112 51 251 35 232 250 76 155 213 52 176 88 15 85 181 219 84 165 200 199 19 223 166 167 50 217 247 247 120 98 56 165 66 161 188 41 196 193 127 167 241 42 134 222 231 77 224 145 114 231 219 250 126 161 7 248 83 58 40 215 181 85 170 115 69 0 60 45 241 191 254 232 4 199 82 112 254 49 5 142 248 218 125 61 56 12 142 211 182 163 120 152 38 96 236 82 126 157 60 208 151 109 38 41 0
0 0 69 47 244 177 125 160 94 8 72 252 102 137 77 203 5 139 62 236 248 150 28 104 23 5 11 135 174 155 53 139 193 107 107 13 240 54 143 4 48 192 56 149 112 75 64 160 253 173 2 151 121 145 137 223 205 55 66 107 117 198 76 193 202 240 89 219 75 135 206 214 132 86 192 205 193 86 185 187 155 195 144 253 52 137 9 236 231 252 221 130 72 241 32 114 23 175 222 48 88 117 51 87 82 236 33 36 230 22 35 18 133 76 24 209 83 89 93 19 43 188 82 201 72 233 229 0
0 0 56 115 29 198 31 53 65 8 162 7 189 108 109 157 161 160 104 98 227 214 76 103 81 119 63 231 184 73 174 50 104 81 170 109 70 47 88 67 102 167 83 248 241 16 104 186 250 79 21 186 169 235 134 40 9 158 143 94 149 132 120 76 114 116 184 69 206 211 43 248 186 89 140 233 44 31 159 143 55 2 98 248 174 115 231 130 221 225 225 223 63 211 148 81 108 221 192 181 80 206 212 91 110 195 13 67 255 4 251 16 233 189 136 174 94 75 242 255 224 149 177 158 174 221 83 0
0 0 244 177 61 71 137 169 76 177 56 110 2 36 156 41 29 47 63 50 178 252 151 182 83 8 199 132 202 187 85 15 146 92 251 15 246 50 142 106 70 166 127 99 98 47 206 158 49 112 81 71 100 142 187 31 225 155 238 170 143 148 126 218 242 52 147 197 94 205 133 48 246 214 99 227 255 91 45 43 129 73 32 149 207 9 25 122 99 213 46 117 211 64 170 236 198 51 91 254 21 33 125 59 207 251 204 109 127 149 231 117 166 186 112 232 40 25 150 31 235 50 49 0 137 242 236 0
0 195 81 133 213 183 207 4 32 80 180 150 48 242 235 91 247 52 179 0 6 249 151 241 18 178 38 86 164 158 112 36 166 34 223 35 27 127 133 226 136 2 17 32 149 159 137 0 190 2 4 126 217 202 57 142 248 135 120 17 136 199 173 19 120 224 183 173 158 18 38 241 254 105 72 158 96 64 104 8 211 74 160 14 18 161 123 182 210 244 75 182 91 114 231 39 248 171 59 179 210 14 125 242 97 155 56 47 147 22 151 97 37 101 124 144 167 136 68 225 191 195 210 17 163 202 222 210
0 30 239 174 191 97 71 209 74 73 95 178 94 192 222 23 195 123 170 139 201 34 172 155 114 141 175 219 191 190 57 86 73 104 210 110 45 18 120 211 189 236 122 237 64 189 106 170 55 191 221 148 0 1 6 15 28 49 112 71 82 162 109 31 255 228 199 148 113 28 190 164 16 205 185 1 103 143 244 8 69 63 157 236 116 188 143 110 230 11 60 106 0 186 117 25 220 12 102 71 104 193 122 111 211 135 247 54 21 83 77 237 219 199 141 28 193 240 25 148 144 59 205 232 192 67 164 193
0 47 52 152 129 98 43 35 34 39 75 76 109 21 22 213 214 151 230 63 204 140 61 184 124 95 85 207 50 159 149 31 83 53 92 15 90 9 57 241 35 252 139 215 99 226 92 87 104 198 106 106 135 242 122 170 216 223 30 128 107 201 191 230 93 5 117 31 71 218 54 33 103 111 229 227 247 78 156 136 115 209 220 211 71 183 121 211 113 7 45 52 104 200 96 58 239 47 40 244 185 243 152 212 118 13 90 86 155 24 76 82 67 89 188 94 250 83 45 93 34 179 107 88 145 127 57 131
0 207 60 167 71 0 38 131 230 254 87 116 238 59 175 242 176 36 154 3 158 184 52 137 243 51 224 44 161 63 207 88 205 10 69 178 16 211 140 207 215 56 224 208 69 36 132 125 40 211 164 252 233 205 83 49 211 66 244 7 146 46 195 102 111 238 66 153 239 226 239 241 1 149 3 101 61 74 252 41 36 228 59 104 109 248 72 175 30 15 140 144 200 187 109 155 35 88 168 187 6 179 202 64 92 222 71 146 219 70 129 34 187 195 175 46 155 128 24 233 204 240 121 218 64 179 53 51
0 64 135 134 50 14 249 249 61 132 170 221 72 219 77 242 81 124 77 230 168 27 206 51 113 162 50 69 72 103 244 7 118 177 102 203 102 203 166 162 198 139 238 255 227 141 245 105 96 28 226 50 57 41 74 96 155 244 194 106 215 73 9 86 38 219 198 196 103 131 165 71 121 1 183 88 52 2 71 177 67 47 62 23 193 181 9 103 45 176 139 241 197 167 119 180 44 104 185 67 106 14 166 13 131 188 181 180 62 137 23 129 153 152 82 43 202 173 241 206 166 58 213 69 38 193 107 145
0 234 173 29 131 78 49 139 158 106 161 112 5 12 121 180 169 52 237 25 254 76 64 13 247 156 64 165 40 184 249 178 129 138 149 164 55 14 74 204 119 244 38 229 185 192 129 156 75 113 208 190 45 62 42 246 45 176 67 224 23 66 151 196 128 37 132 130 157 30 226 220 61 91 42 227 167 50 193 247 53 173 252 155 92 1 168 232 69 251 62 58 28 123 83 6 86 2 31 102 148 132 231 28 102 37 87 227 65 89 166 18 187 60 79 205 231 92 142 91 158 181 208 51 7 144 194 46
0 20 253 136 33 48 131 79 219 195 235 175 61 207 76 203 40 38 16 239 224 49 177 86 54 227 51 253 89 83 110 151 215 133 18 146 165 56 78 49 51 113 245 82 15 122 73 243 16 209 45 6 151 155 151 114 235 251 15 94 30 167 207 243 163 25 37 159 252 98 11 226 120 247 111 155 20 147 116 157 223 31 23 62 79 104 48 144 13 231 184 199 133 59 25 9 62 2 151 74 10 221 51 67 247 18 79 59 89 200 238 94 8 174 70 225 228 50 2 144 188 93 35 167 192 4 51 238
0 38 21 159 230 238 87 109 237 226 91 194 58 26 109 51 172 86 69 146 84 226 22 144 16 88 245 125 54 207 31 87 99 141 38 25 177 97 92 125 87 204 176 251 237 192 41 109 238 17 10 108 85 236 167 211 217 140 215 171 155 230 74 30 251 110 12 239 208 183 146 0 135 100 18 177 53 70 30 212 222 21 177 207 117 31 223 244 27 187 184 236 114 182 224 60 166 1 227 124 114 104 121 234 191 234 204 137 29 138 221 32 67 48 80 1 120 160 246 37 173 137 125 220 58 224 28 31
0 219 195 86 227 80 21 89 252 230 36 72 242 94 181 243 4 227 17 38 89 38 35 85 213 98 20 90 254 179 252 231 173 102 50 250 141 210 117 61 226 157 28 1 24 22 212 208 78 88 185 233 161 61 136 72 102 22 70 139 189 243 21 119 132 198 22 182 25 161 123 242 236 54 150 200 28 196 141 7 143 36 114 109 80 225 44 58 28 147 64 120 37 15 216 153 188 180 74 11 157 64 12 19 186 255 148 30 187 82 167 214 94 142 17 155 110 46 224 195 143 199 173 16 67 10 180 171
0 83 181 139 84 168 238 75 226 196 86 161 186 237 166 227 83 43 194 141 141 170 112 79 25 185 59 48 17 189 77 88 209 210 9 236 217 49 44 224 202 130 1 39 137 174 87 2 239 219 1 144 160 142 2 137 139 151 216 77 6 96 110 148 148 243 255 70 85 247 226 164 139 165 123 161 199 70 62 8 68 52 46 84 132 71 162 164 112 131 58 73 201 10 81 73 133 156 245 186 29 210 246 97 54 75 249 26 51 129 192 131 92 18 126 19 150 154 19 56 185 237 204 131 190 91 142 56
0 102 90 148 26 112 235 154 194 252 135 67 160 201 210 34 153 189 177 87 26 223 206 89 88 215 213 2 100 81 192 163 124 137 99 116 148 182 8 56 96 234 192 59 252 117 124 216 7 10 118 124 122 116 129 191 84 43 167 165 199 170 121 201 179 67 231 56 224 41 163 31 44 50 147 25 227 116 252 190 8 101 194 22 1 144 163 45 133 78 28 95 210 108 83 167 35 237 33 93 198 108 142 193 74 9 180 83 234 194 209 22 186 85 85 23 234 160 255 11 182 231 66 177 101 167 214 242
96 187 131 19 245 150 194 233 143 112 4 240 55 98 202 239 149 133 243 69 147 61 59 163 127 194 51 141 154 90 7 29 160 44 147 116 234 4 140 198 198 124 63 72 19 203 177 44 216 136 63 201 106 103 21 214 153 71 198 206 101 100 138 40 69 240 40 70 88 220 173 247 186 148 143 75 36 61 230 249 165 24 7 43 136 123 233 87 213 98 12 47 52 106 87 205 160 224 98 92 19 78 165 130 183 57 83 37 177 66 44 91 82 79 66 228 127 51 14 60 185 101 200 173 255 21 121 17
0 242 0 135 103 139 211 132 49 244 42 177 50 139 249 106 11 34 23 54 206 126 15 49 2 12 226 243 229 49 55 237 0 150 32 114 248 120 145 69 63 21 57 96 29 102 212 31 62 99 63 231 19 48 180 230 210 191 188 133 74 93 52 61 62 143 96 40 157 47 241 22 207 144 45 91 139 81 8 27 36 213 2 82 206 11 155 165 228 223 103 99 220 173 102 243 232 66 44 190 171 90 90 30 77 227 42 157 79 163 72 197 234 232 166 132 179 246 67 208 19 55 75 185 119 217 88 201
0 196 246 94 24 201 169 226 201 163 126 73 29 50 112 6 53 255 154 129 218 80 77 121 7 114 155 185 132 89 65 85 127 227 30 216 133 75 223 253 189 3 152 196 187 120 218 213 87 140 177 8 8 204 14 244 215 194 17 204 219 175 27 50 200 85 200 36 159 244 16 141 243 112 161 108 105 109 207 150 50 58 54 244 138 93 18 29 202 160 233 76 66 99 97 229 72 205 101 98 170 177 182 136 237 238 135 177 235 49 242 12 26 155 156 254 103 42 68 34 156 77 215 187 101 46 196 41
0 18 96 67 162 114 187 182 173 116 45 101 128 143 217 233 244 127 92 171 165 163 177 143 49 61 202 250 133 51 191 22 6 88 48 92 79 85 126 70 157 28 226 126 19 216 57 66 86 76 116 29 104 27 139 211 37 91 200 196 101 135 192 143 29 177 255 184 38 199 233 142 156 75 129 28 106 35 121 125 206 49 139 168 38 140 52 110 121 205 116 124 10 138 221 103 11 160 119 98 42 78 184 40 169 35 90 4 121 141 26 158 155 13 243 206 112 240 254 125 114 137 66 209 60 111 24 54
0 243 229 25 112 181 96 71 48 237 36 28 110 113 238 239 20 216 221 197 90 126 22 107 212 64 118 122 57 83 118 78 26 7 115 172 20 109 86 105 106 104 165 76 25 146 105 88 89 165 116 49 52 89 38 115 166 0 22 0 145 44 128 171 136 82 241 17 252 163 125 233 193 110 61 184 4 145 226 160 157 58 28 88 177 51 182 22 107 7 241 240 161 121 253 26 227 91 42 243 250 247 152 70 159 94 200 3 174 131 128 100 85 237 254 79 174 13 196 166 253 19 180 10 3 192 115 87
0 229 59 19 34 244 86 130 88 214 105 149 65 190 42 91 75 14 40 2 187 128 186 39 153 229 69 48 207 214 114 62 55 34 192 213 178 145 66 31 135 143 142 242 38 35 120 228 152 146 28 141 135 237 8 251 167 223 85 114 42 149 151 104 34 162 247 96 148 69 179 105 234 6 242 127 158 99 83 41 177 194 161 251 82 247 94 143 127 55 70 7 87 202 156 88 109 131 52 146 180 10 129 24 102 61 150 254 243 209 122 188 85 185 206 204 103 16 62 161 251 23 56 110 205 72 200 55
0 201 15 128 17 204 78 53 236 73 93 133 123 250 46 160 60 174 100 34 255 143 139 6 166 246 133 233 253 148 66 5 38 22 25 239 25 95 123 30 102 105 62 193 145 78 161 143 80 221 22 119 253 231 103 127 4 204 186 172 169 53 126 188 229 226 232 134 54 1 76 224 104 245 92 226 25 131 52 140 42 151 49 167 38 211 231 126 28 112 14 154 119 68 16 56 245 103 20 65 1 216 20 65 207 2 43 90 212 221 240 56 169 160 225 106 93 149 59 202 184 94 241 147 185 67 154 43
0 255 67 216 26 58 111 232 37 184 127 183 185 96 249 98 119 213 173 186 28 34 82 62 203 225 172 224 18 76 45 226 232 94 155 87 94 154 205 29 0 65 140 5 12 16 137 4 47 193 27 142 175 129 7 182 235 128 140 92 115 133 159 2 227 110 131 181 54 144 21 115 137 166 140 21 62 130 53 19 247 185 170 119 100 152 125 58 23 69 41 126 19 156 201 56 11 177 182 135 139 17 251 72 7 168 124 97 90 122 0 27 81 223 218 251 241 104 116 243 59 107 30 21 99 189 50 27
0 39 254 232 228 183 167 156 214 209 70 48 15 20 44 31 43 70 206 201 230 85 118 69 66 25 60 216 196 155 246 209 34 219 29 216 136 27 241 241 8 131 238 116 61 20 56 42 146 136 151 34 176 125 144 168 92 55 22 99 177 104 158 96 163 180 77 242 16 126 18 73 110 61 8 74 63 53 137 130 141 217 191 100 115 133 84 173 157 135 191 202 238 140 189 34 28 171 136 226 211 237 104 70 128 163 221 16 143 225 245 44 0 158 97 206 96 151 107 34 103 137 178 146 127 127 159 17
0 165 56 64 22 127 36 114 188 89 205 6 23 125 213 2 49 14 110 13 215 141 107 191 112 221 89 115 217 198 158 151 81 164 191 184 169 106 202 54 54 229 24 157 98 161 186 75 221 250 115 7 46 66 245 102 135 204 228 164 44 49 211 183 168 248 24 60 219 187 96 213 103 218 198 134 6 59 101 131 119 231 156 4 99 62 234 192 12 214 175 100 254 165 99 89 171 52 141 38 6 110 205 182 65 166 42 251 130 156 201 229 213 173 84 101 128 151 166 81 100 54 6 73 45 131 5 224
0 217 217 47 165 119 113 113 115 7 179 114 199 160 167 137 175 9 170 84 0 168 108 68 86 141 250 244 217 131 115 175 156 103 91 50 235 159 114 30 255 108 10 128 7 192 4 209 154 118 186 190 116 208 10 17 39 191 113 192 100 249 212 81 122 132 16 228 212 231 82 93 177 151 140 218 22 40 176 253 25 38 42 138 41 74 82 236 83 153 90 18 237 204 115 147 104 246 206 142 107 100 187 4 166 14 193 64 77 56 52 228 110 37 158 156 66 50 86 201 73 147 233 173 34 0 202 224
0 113 135 46 78 208 142 179 161 159 165 71 13 129 231 64 46 147 208 239 8 183 254 167 51 71 175 4 80 64 111 113 16 208 193 62 70 96 57 173 160 234 157 86 4 189 251 226 127 101 78 20 131 73 180 65 22 228 240 170 30 143 2 220 133 229 45 30 216 227 192 84 232 159 201 103 138 239 189 133 74 124 109 255 82 38 191 169 199 185 96 124 137 147 215 185 244 209 241 239 55 128 252 103 102 105 21 82 101 179 202 97 212 62 113 201 41 100 158 21 180 20 164 33 140 111 72 38
0 0 93 101 67 45 136 166 30 130 68 202 61 180 16 229 33 85 207 9 240 127 175 189 41 88 216 204 243 74 143 150 164 63 53 58 136 20 224 221 161 243 75 183 50 55 17 71 225 220 71 14 16 245 254 149 76 128 19 103 46 11 44 169 83 135 249 15 87 35 185 227 54 94 4 144 178 224 197 175 90 186 251 105 70 118 229 118 110 144 252 17 121 218 176 98 228 114 102 176 239 4 114 176 178 98 7 183 144 94 239 88 151 232 42 161 13 102 127 39 211 217 236 111 177 232 247 0
0 0 83 171 169 43 104 248 110 146 225 73 228 87 102 180 193 241 192 136 218 150 225 33 202 147 28 61 33 80 81 133 241 216 97 212 21 243 78 74 154 10 10 199 117 19 105 104 129 127 160 121 196 223 190 117 83 151 109 21 240 241 65 117 253 65 186 73 128 239 64 201 203 36 59 166 133 145 133 134 28 182 136 33 96 62 49 12 207 156 234 234 40 207 221 105 157 125 69 11 99 250 151 105 59 107 253 3 125 1 204 254 114 140 247 111 232 42 49 85 40 55 207 1 240 90 76 0
0 0 210 106 55 130 215 200 55 43 241 253 98 144 243 227 77 85 60 236 52 64 17 1 75 49 91 209 76 231 22 146 185 98 252 58 3 78 112 39 172 91 83 72 21 26 12 185 93 163 90 43 166 184 137 206 99 232 123 50 3 231 18 204 222 211 22 118 48 129 236 15 21 211 102 41 122 104 46 61 19 2 161 9 90 93 239 218 23 88 103 201 158 67 78 119 109 143 157 99 150 204 241 177 89 135 22 131 26 100 23 0 9 62 207 106 53 81 249 225 137 14 227 237 128 250 7 0
0 0 143 226 49 77 155 51 242 32 172 209 178 249 78 107 98 6 5 196 218 201 48 24 118 211 87 25 116 140 136 38 47 7 183 220 232 18 249 198 160 98 12 4 238 223 190 69 84 177 255 166 19 100 192 224 216 137 227 224 83 89 97 51 66 89 240 68 91 84 137 207 133 114 184 50 228 113 128 83 151 198 239 81 52 92 138 123 56 139 235 145 221 207 152 170 20 104 154 179 132 106 92 179 16 243 2 222 81 44 86 214 103 114 28 140 82 99 55 12 120 214 139 98 98 58 20 0
0 0 0 41 130 241 116 85 148 68 140 128 52 240 94 178 101 243 145 229 150 235 10 3 232 45 20 22 193 74 106 78 181 189 150 180 203 248 18 31 83 148 87 200 251 143 70 221 223 137 127 86 93 62 81 52 154 152 192 104 85 18 125 192 130 228 139 78 238 217 128 76 242 40 77 73 103 98 72 108 76 166 42 150 96 209 225 222 252 246 155 91 198 16 219 168 133 204 178 42 198 126 200 73 234 171 25 10 68 51 211 226 92 247 17 183 206 175 18 67 62 181 137 75 175 74 0 0
0 0 0 183 46 208 29 62 111 4 218 158 15 247 216 218 215 25 15 66 195 13 220 48 142 127 14 154 147 132 241 6 112 212 131 241 153 100 219 224 75 215 144 159 115 79 134 115 234 225 160 68 91 76 17 163 77 192 91 150 163 110 227 9 122 118 48 16 89 208 19 168 104 222 241 107 60 46 216 248 105 80 219 162 4 36 58 45 87 155 43 208 28 135 166 133 56 33 228 119 222 204 119 72 198 96 9 141 168 244 30 141 50 80 183 109 150 200 195 125 217 87 36 219 6 69 0 0
0 0 0 42 150 131 20 210 190 244 183 207 116 21 234 248 39 186 30 43 131 204 121 156 198 20 139 190 5 132 216 245 3 97 112 67 5 26 217 120 152 59 129 104 132 120 78 42 48 2 33 141 63 68 84 177 206 7 238 175 232 130 126 48 110 241 49 63 178 104 158 134 204 148 123 75 35 213 25 240 17 94 103 247 208 202 161 252 181 205 10 25 2 75 219 9 40 117 160 65 169 184 17 42 54 62 2 67 255 115 7 206 218 71 18 226 51 122 237 171 164 245 112 206 245 219 0 0
0 0 0 108 58 247 217 4 2 8 180 205 199 50 95 250 255 35 218 107 47 191 120 250 212 217 54 115 81 30 223 138 114 136 226 156 65 27 111 133 175 95 89 54 144 177 218 249 212 33 106 248 202 155 44 148 230 185 163 216 51 217 36 130 191 116 255 72 198 173 105 244 226 246 159 226 15 238 90 120 44 129 135 54 55 180 239 195 215 63 68 201 157 177 74 121 177 16 51 96 51 46 165 155 157 128 114 253 235 240 175 138 73 42 160 42 116 87 235 213 143 168 249 141 146 218 0 0
0 0 0 0 99 99 9 44 222 238 185 92 66 133 173 131 153 221 209 49 201 67 254 152 178 85 104 14 134 109 31 200 78 33 53 186 135 221 38 28 118 251 145 10 228 185 215 47 188 15 56 179 164 148 32 124 229 45 191 138 173 162 237 249 199 196 170 143 90 121 33 249 248 209 200 130 70 62 219 65 138 99 26 72 244 23 197 155 169 130 243 220 37 240 127 253 176 243 133 248 156 196 80 79 98 213 47 41 182 13 244 76 140 60 154 117 129 181 46 165 243 220 48 214 86 0 0 0
0 0 0 0 209 37 111 212 157 43 186 196 66 163 247 21 15 190 196 25 38 230 70 189 176 216 61 71 60 158 57 143 23 199 244 168 87 245 254 114 26 228 1 126 36 123 145 17 201 137 69 145 130 118 195 199 74 182 150 255 240 22 85 22 163 38 59 126 198 140 68 7 120 210 77 155 16 2 129 238 101 230 240 170 21 102 67 224 120 34 194 136 7 31 224 75 172 83 109 192 217 185 247 32 87 35 76 35 253 98 144 96 48 155 251 123 87 96 168 129 110 49 47 115 8 0 0 0
0 0 0 0 193 229 248 130 59 201 200 122 58 117 177 1 31 211 24 21 211 251 215 87 113 122 52 46 25 244 206 209 113 27 194 71 149 110 2 117 33 23 154 161 180 88 184 50 6 169 218 40 102 169 255 60 138 231 159 103 200 3 157 216 227 29 196 196 9 53 74 25 237 94 42 13 245 207 12 64 234 191 241 132 123 76 5 132 240 122 156 23 33 115 183 25 62 40 65 55 238 142 27 108 124 175 39 125 0 195 243 230 209 52 48 182 177 43 184 252 189 146 191 96 88 0 0 0
0 0 0 0 0 186 7 54 41 76 167 169 239 81 126 136 145 31 73 31 139 249 205 247 112 26 25 208 20 245 1 114 96 19 107 91 106 154 145 50 249 206 113 5 245 103 38 245 217 223 128 97 202 245 31 161 163 117 54 35 221 10 179 65 72 245 214 80 211 219 195 255 24 96 62 0 221 75 68 118 139 208 132 33 79 69 135 138 227 168 139 29 132 43 216 53 105 44 25 68 110 72 60 251 250 58 83 63 41 238 44 96 41 68 16 217 254 180 241 82 141 59 199 215 0 0 0 0
0 0 0 0 0 138 179 96 10 149 92 254 112 78 181 251 193 95 140 165 83 199 178 85 24 191 250 239 20 8 236 174 245 128 24 95 83 212 238 142 187 7 20 38 49 51 107 136 115 168 52 111 91 3 40 107 101 137 161 13 138 250 203 25 226 246 65 76 10 5 128 176 243 248 129 155 84 52 7 55 86 73 25 9 200 175 183 54 119 44 216 225 44 84 221 173 211 136 154 252 240 3 170 99 90 37 82 199 41 145 16 106 211 118 12 183 201 148 101 68 196 145 56 212 0 0 0 0
0 0 0 0 0 0 212 136 0 211 92 43 157 15 7 22 201 84 62 184 244 189 129 120 205 158 179 42 108 72 187 90 119 192 119 60 234 142 246 240 148 254 111 66 200 52 51 166 78 192 91 223 156 111 198 15 36 178 161 20 157 91 145 155 126 190 124 224 160 239 39 225 244 161 51 176 21 193 62 142 183 187 206 205 29 111 25 164 83 33 154 1 126 212 81 158 102 171 246 175 129 231 83 0 234 185 199 199 36 62 37 254 171 38 50 117 66 102 182 206 204 37 141 0 0 0 0 0
0 0 0 0 0 0 41 221 107 201 150 243 82 91 93 214 252 198 238 101 50 199 250 187 245 194 49 42 55 199 245 235 172 175 13 133 71 76 168 160 113 129 125 179 23 107 64 132 193 77 123 152 234 232 114 210 222 181 219 106 94 41 77 111 156 226 133 154 36 247 208 171 217 138 67 178 65 27 52 102 126 178 35 2 54 3 95 226 44 135 118 222 91 164 133 235 166 174 237 255 162 87 235 76 72 197 91 72 114 138 135 247 115 235 191 253 49 245 53 249 252 181 237 0 0 0 0 0
0 0 0 0 0 0 175 45 54 111 149 54 195 53 85 86 9 18 16 243 14 18 39 49 215 197 240 179 124 219 210 67 22 216 14 253 16 220 239 90 132 59 241 42 197 121 208 199 22 23 94 36 41 14 199 233 161 202 153 13 107 127 90 230 215 178 8 36 150 155 253 135 76 67 169 114 106 224 244 126 170 6 212 79 245 35 111 15 140 216 243 52 204 141 88 33 249 234 79 212 88 83 183 41 103 119 53 138 236 143 92 248 59 184 166 14 56 43 3 129 111 89 192 0 0 0 0 0
0 0 0 0 0 0 0 106 135 87 89 75 44 0 96 128 154 140 230 117 232 89 7 100 130 41 35 97 134 87 145 79 245 203 16 104 106 233 254 116 97 217 71 206 221 166 15 244 8 244 69 216 159 112 33 185 196 209 175 221 160 251 84 110 98 223 160 254 254 117 142 70 117 237 61 92 34 174 23 157 168 187 34 103 123 102 124 64 40 98 42 175 97 64 204 120 45 97 128 141 73 138 45 175 205 167 192 249 210 76 54 24 6 21 197 107 79 242 220 131 210 143 0 0 0 0 0 0
0 0 0 0 0 0 0 65 1 164 75 112 189 39 122 61 87 194 47 94 72 238 69 226 200 153 101 67 207 205 15 190 43 140 171 25 184 37 237 245 98 9 235 67 240 132 140 253 77 123 164 141 52 124 68 86 64 200 75 61 215 175 227 32 200 161 209 158 19 174 72 101 134 102 75 12 210 48 100 70 128 160 121 160 211 81 244 80 97 231 27 150 192 250 21 47 30 59 128 243 29 125 82 162 96 151 42 106 98 247 183 145 33 218 44 44 235 161 151 7 62 235 0 0 0 0 0 0
0 0 0 0 0 0 0 0 247 31 104 224 183 111 253 150 7 241 9 196 145 47 82 44 129 1 39 114 249 195 218 59 151 244 220 176 167 0 220 54 169 222 193 109 82 180 6 123 112 85 53 206 60 179 7 207 108 97 141 72 100 79 248 109 197 73 133 58 206 18 33 145 25 85 112 160 109 72 44 231 162 108 96 58 187 249 180 166 43 101 229 54 100 219 12 249 50 2 222 3 57 158 105 83 243 141 44 215 235 63 121 98 219 186 201 0 148 152 1 183 72 0 0 0 0 0 0 0
0 0 0 0 0 0 0 0 0 60 94 216 20 240 98 139 28 15 16 184 28 15 161 44 171 33 201 97 36 66 68 178 220 21 215 239 137 224 171 143 230 243 124 244 67 65 59 223 55 251 77 98 134 53 75 95 67 143 253 229 142 36 253 216 70 223 201 167 124 223 212 162 70 205 156 52 218 163 158 254 211 128 63 166 157 67 18 213 30 97 73 187 205 55 249 48 147 156 15 32 44 54 168 57 218 214 205 88 36 24 160 51 60 154 255 82 181 138 194 236 0 0 0 0 0 0 0 0
0 0 0 0 0 0 0 0 0 96 206 155 15 116 238 42 139 89 230 130 2 36 175 197 248 243 250 252 73 254 247 93 21 1 252 130 65 141 17 78 111 204 241 246 208 51 221 203 111 226 65 236 59 176 239 133 158 38 218 206 32 63 168 63 252 217 245 191 236 154 130 185 251 140 158 48 220 205 146 115 188 30 197 46 20 112 96 178 249 191 235 131 52 181 158 111 130 220 93 253 192 209 153 204 162 180 169 88 254 189 180 22 194 35 55 219 183 141 40 167 0 0 0 0 0 0 0 0
0 0 0 0 0 0 0 0 0 0 91 51 37 11 234 157 75 105 231 5 24 48 157 192 200 38 53 31 28 198 64 83 166 202 252 128 1 219 166 182 65 33 103 79 142 10 215 76 89 102 228 107 93 196 153 141 169 141 211 145 27 204 11 50 23 148 177 155 187 20 87 10 101 78 203 195 40 252 149 230 96 55 56 121 27 220 213 7 4 114 67 32 133 197 63 10 145 238 99 155 173 204 79 108 166 200 223 140 177 89 67 147 255 30 119 198 40 182 232 0 0 0 0 0 0 0 0 0
0 0 0 0 0 0 0 0 0 0 59 26 129 71 123 5 142 72 4 80 91 107 53 31 149 232 33 250 230 230 235 220 150 243 38 246 27 150 196 159 21 41 81 250 54 31 4 71 188 123 13 124 169 178 96 241 111 21 140 208 68 219 156 166 170 145 206 126 221 136 97 2 86 159 158 68 223 112 102 201 96 73 105 210 217 17 193 175 198 84 125 75 16 95 152 144 148 157 197 68 96 229 181 118 110 132 202 216 2 228 233 185 83 182 142 155 134 114 144 0 0 0 0 0 0 0 0 0
0 0 0 0 0 0 0 0 0 0 0 106 88 206 84 168 248 175 157 168 172 12 121 9 251 65 201 237 233 181 248 0 133 230 151 151 148 182 244 121 69 102 142 128 196 197 1 140 196 186 210 131 176 65 206 2 61 162 87 102 221 246 169 70 162 232 250 226 193 254 54 244 97 63 96 160 14 37 93 150 184 165 31 123 25 202 118 70 239 56 138 76 226 60 159 177 113 9 201 149 63 194 198 43 68 44 125 72 66 56 65 244 2 3 71 137 33 137 0 0 0 0 0 0 0 0 0 0
0 0 0 0 0 0 0 0 0 0 0 0 149 160 70 37 152 239 229 92 11 123 211 133 251 159 216 121 131 181 227 245 126 254 125 3 139 245 237 149 223 220 18 161 235 185 150 210 78 242 180 248 52 126 91 52 47 220 48 196 16 222 235 5 212 241 55 151 145 120 85 171 230 16 92 181 111 22 233 48 255 224 250 243 131 222 36 209 203 199 118 104 225 182 33 205 240 228 171 3 88 2 160 57 166 38 140 9 45 195 151 220 67 101 206 27 23 0 0 0 0 0 0 0 0 0 0 0
0 0 0 0 0 0 0 0 0 0 0 0 201 93 209 39 204 31 254 158 84 85 230 232 50 253 151 17 226 188 105 119 123 136 214 3 110 171 156 237 229 127 2 75 41 225 161 1 42 38 22 172 178 61 11 40 110 242 126 55 245 56 211 115 220 105 160 58 220 74 153 165 10 164 219 4 139 44 34 158 68 175 141 87 255 171 177 156 124 186 0 151 2 120 204 175 128 167 60 82 225 154 6 104 42 229 10 151 43 135 176 12 190 173 58 47 219 0 0 0 0 0 0 0 0 0 0 0
0 0 0 0 0 0 0 0 0 0 0 0 0 53 19 36 113 51 141 15 101 52 168 206 18 22 36 104 215 131 89 134 14 28 251 151 208 231 17 38 33 42 245 57 210 74 143 237 208 194 214 87 88 161 133 124 167 118 225 86 161 151 77 60 16 14 159 187 153 225 255 162 190 91 58 209 107 221 156 132 227 146 124 191 169 109 98 56 202 19 212 210 83 109 22 193 190 221 223 86 48 238 81 4 146 201 7 191 227 236 144 103 126 186 141 53 0 0 0 0 0 0 0 0 0 0 0 0
0 0 0 0 0 0 0 0 0 0 0 0 0 0 19 139 207 115 151 75 159 31 131 9 119 205 229 179 21 255 123 172 139 120 222 233 15 188 187 22 153 67 136 79 109 1 222 220 238 117 16 114 0 156 45 7 125 63 52 58 152 14 48 140 169 140 254 10 224 59 217 142 97 150 244 20 140 114 242 106 84 66 206 254 162 79 129 80 31 78 217 113 214 206 14 10 50 117 160 188 80 211 93 125 247 192 90 203 110 13 122 118 66 204 169 0 0 0 0 0 0 0 0 0 0 0 0 0
0 0 0 0 0 0 0 0 0 0 0 0 0 0 0 87 177 93 43 65 3 155 159 13 10 191 133 182 136 98 33 181 27 102 67 150 255 193 184 93 203 104 122 102 1 180 243 149 162 35 205 210 3 165 26 69 129 128 157 146 242 217 252 187 220 27 248 26 26 156 3 28 105 16 170 172 140 143 122 56 132 154 200 94 221 6 183 45 35 209 144 215 61 196 118 219 225 144 42 165 48 76 151 13 74 254 137 7 22 154 182 14 128 15 0 0 0 0 0 0 0 0 0 0 0 0 0 0
0 0 0 0 0 0 0 0 0 0 0 0 0 0 0 51 117 217 51 131 126 241 162 194 171 175 205 195 118 104 163 218 76 199 229 42 157 148 34 156 106 234 110 175 10 213 173 240 85 233 220 182 207 96 81 75 60 214 83 72 208 247 134 110 125 25 223 149 108 223 131 212 198 198 18 122 117 151 32 194 244 124 188 212 225 233 6 97 233 212 125 102 192 89 92 192 118 87 56 66 98 164 99 157 97 60 112 119 109 214 42 235 10 141 0 0 0 0 0 0 0 0 0 0 0 0 0 0
0 0 0 0 0 0 0 0 0 0 0 0 0 0 0 0 139 64 249 135 187 216 62 46 219 195 173 128 156 240 71 9 229 217 116 178 116 214 47 16 115 97 79 87 12 33 70 146 155 203 170 173 88 205 76 180 70 66 162 110 240 125 133 21 84 184 42 5 226 204 114 122 121 46 147 204 190 140 190 242 144 219 146 117 181 250 223 206 242 175 123 92 96 87 217 252 84 244 137 25 21 68 152 22 111 77 179 100 156 25 211 161 11 0 0 0 0 0 0 0 0 0 0 0 0 0 0 0
0 0 0 0 0 0 0 0 0 0 0 0 0 0 0 0 0 170 97 225 78 48 232 68 170 171 227 165 215 103 29 243 99 144 108 152 68 157 8 107 87 179 141 188 230 180 227 246 240 160 74 167 140 86 211 131 205 19 98 172 58 7 186 159 189 14 149 211 229 49 169 204 35 177 88 199 232 121 38 248 138 21 173 155 236 109 252 203 0 204 198 211 0 187 146 193 35 149 128 171 13 168 133 42 104 5 70 144 13 166 10 0 0 0 0 0 0 0 0 0 0 0 0 0 0 0 0 0
0 0 0 0 0 0 0 0 0 0 0 0 0 0 0 0 0 0 51 150 54 46 36 7 39 217 196 89 66 199 91 61 30 140 188 120 136 95 166 76 16 252 127 20 90 2 0 108 173 138 72 18 208 45 89 100 202 50 5 194 64 176 169 229 113 65 235 144 249 156 131 32 90 35 184 34 145 88 226 253 193 69 109 171 173 128 36 102 193 93 151 18 211 61 31 57 157 83 158 156 226 108 68 234 248 199 154 21 156 201 158 0 0 0 0 0 0 0 0 0 0 0 0 0 0 0 0 0
0 0 0 0 0 0 0 0 0 0 0 0 0 0 0 0 0 0 0 82 127 5 68 171 33 145 9 10 30 19 160 94 34 24 199 145 101 84 50 219 244 170 225 117 195 38 39 60 198 131 232 156 140 201 12 240 159 251 45 168 158 88 10 161 89 172 173 93 21 120 172 144 204 89 134 167 147 71 112 62 10 179 194 43 173 251 122 184 3 66 165 229 211 10 251 43 56 253 55 192 184 49 99 204 213 240 87 50 13 14 0 0 0 0 0 0 0 0 0 0 0 0 0 0 0 0 0 0
0 0 0 0 0 0 0 0 0 0 0 0 0 0 0 0 0 0 0 0 113 14 79 172 94 112 84 160 55 86 87 164 95 15 85 73 160 106 161 246 218 173 235 101 102 180 87 147 16 138 61 55 250 18 62 13 225 71 96 195 37 112 255 54 237 198 231 117 26 159 152 3 76 125 123 54 10 85 108 19 219 143 35 47 221 46 142 231 20 20 180 198 36 32 169 245 165 231 72 95 149 159 100 100 219 115 71 115 196 0 0 0 0 0 0 0 0 0 0 0 0 0 0 0 0 0 0 0
0 0 0 0 0 0 0 0 0 0 0 0 0 0 0 0 0 0 0 0 0 38 205 241 77 220 87 106 163 55 197 152 151 166 245 79 85 226 184 79 144 210 247 156 50 86 157 107 36 139 30 238 228 10 217 83 98 249 13 144 137 139 107 138 200 152 218 195 3 84 6 215 217 71 32 95 248 168 217 103 1 226 14 182 203 17 11 100 236 133 178 13 68 55 251 51 219 74 119 22 18 148 124 121 115 18 118 3 0 0 0 0 0 0 0 0 0 0 0 0 0 0 0 0 0 0 0 0
0 0 0 0 0 0 0 0 0 0 0 0 0 0 0 0 0 0 0 0 0 0 91 102 136 153 233 235 204 129 22 58 214 212 234 240 39 52 164 242 114 61 135 122 88 67 205 202 250 171 179 54 173 151 209 231 128 142 249 226 156 171 198 152 118 64 72 177 226 223 25 136 191 179 125 78 125 106 114 158 157 104 222 117 24 29 95 198 99 155 25 138 149 199 204 165 136 199 167 15 92 208 68 101 82 189 237 0 0 0 0 0 0 0 0 0 0 0 0 0 0 0 0 0 0 0 0 0
0 0 0 0 0 0 0 0 0 0 0 0 0 0 0 0 0 0 0 0 0 0 0 201 75 100 89 180 96 213 135 123 183 152 204 126 242 144 120 187 143 102 206 32 17 179 98 166 129 173 206 5 40 104 254 15 206 251 19 155 161 152 91 249 232 60 106 65 254 17 8 122 41 7 69 116 19 5 124 46 79 209 90 54 253 176 219 145 140 143 216 118 163 224 209 78 12 25 160 142 62 112 45 82 200 87 0 0 0 0 0 0 0 0 0 0 0 0 0 0 0 0 0 0 0 0 0 0
0 0 0 0 0 0 0 0 0 0 0 0 0 0 0 0 0 0 0 0 0 0 0 0 0 109 121 28 246 77 106 96 80 255 19 249 251 136 16 41 155 220 40 76 233 91 134 45 70 28 143 246 78 3 192 197 55 28 170 5 227 163 163 230 87 144 168 136 36 115 195 73 28 219 133 74 163 17 8 110 64 152 152 78 13 249 25 189 191 103 224 26 42 130 113 99 44 86 185 85 131 113 10 63 0 0 0 0 0 0 0 0 0 0 0 0 0 0 0 0 0 0 0 0 0 0 0 0
0 0 0 0 0 0 0 0 0 0 0 0 0 0 0 0 0 0 0 0 0 0 0 0 0 0 179 201 243 119 117 4 236 229 108 176 94 214 177 30 230 42 121 60 141 167 130 67 207 237 62 114 206 163 216 89 86 132 123 22 191 11 100 87 39 218 119 92 17 101 47 166 145 16 123 29 230 108 149 97 13 51 107 237 154 126 105 116 33 251 112 223 7 126 84 93 61 155 167 45 135 116 196 0 0 0 0 0 0 0 0 0 0 0 0 0 0 0 0 0 0 0 0 0 0 0 0 0
0 0 0 0 0 0 0 0 0 0 0 0 0 0 0 0 0 0 0 0 0 0 0 0 0 0 0 46 199 182 79 231 82 133 96 8 206 63 179 226 238 39 126 29 65 108 128 183 238 51 110 12 247 46 52 4 64 18 225 147 173 105 170 92 8 81 227 182 151 204 2 119 238 54 154 145 109 118 106 209 252 233 20 107 212 137 11 83 171 1 20 189 228 36 81 141 255 67 47 154 151 174 0 0 0 0 0 0 0 0 0 0 0 0 0 0 0 0 0 0 0 0 0 0 0 0 0 0
0 0 0 0 0 0 0 0 0 0 0 0 0 0 0 0 0 0 0 0 0 0 0 0 0 0 0 0 0 20 160 132 153 169 125 68 97 220 35 225 54 249 244 116 228 201 131 73 223 242 189 54 107 249 254 167 248 142 250 110 234 71 109 95 156 48 2 93 238 40 39 154 241 251 201 173 48 149 26 159 109 112 117 239 249 114 8 73 97 210 171 139 204 164 65 64 22 240 95 133 0 0 0 0 0 0 0 0 0 0 0 0 0 0 0 0 0 0 0 0 0 0 0 0 0 0 0 0
0 0 0 0 0 0 0 0 0 0 0 0 0 0 0 0 0 0 0 0 0 0 0 0 0 0 0 0 0 0 56 64 254 34 221 203 218 243 184 81 13 34 137 212 27 67 159 5 85 215 217 214 0 239 109 55 33 49 72 105 151 66 201 90 116 173 124 194 11 29 248 99 88 133 96 9 135 9 220 182 5 135 204 80 73 199 200 36 90 51 135 186 138 144 195 27 178 49 189 0 0 0 0 0 0 0 0 0 0 0 0 0 0 0 0 0 0 0 0 0 0 0 0 0 0 0 0 0
0 0 0 0 0 0 0 0 0 0 0 0 0 0 0 0 0 0 0 0 0 0 0 0 0 0 0 0 0 0 0 0 253 138 249 179 36 27 102 89 188 222 38 84 40 140 128 227 233 194 209 91 3 64 215 178 40 249 201 212 63 252 189 99 231 25 196 28 202 32 37 85 81 48 85 139 170 164 5 186 149 187 244 9 68 207 254 230 2 194 126 115 152 38 45 244 9 0 0 0 0 0 0 0 0 0 0 0 0 0 0 0 0 0 0 0 0 0 0 0 0 0 0 0 0 0 0 0
0 0 0 0 0 0 0 0 0 0 0 0 0 0 0 0 0 0 0 0 0 0 0 0 0 0 0 0 0 0 0 0 0 0 30 13 174 48 255 72 161 69 191 134 47 93 36 251 24 221 223 119 8 211 199 109 145 231 129 214 203 185 181 50 66 0 219 179 10 247 245 40 238 42 183 99 18 70 91 45 59 2 117 215 160 101 123 98 235 111 200 75 75 141 63 0 0 0 0 0 0 0 0 0 0 0 0 0 0 0 0 0 0 0 0 0 0 0 0 0 0 0 0 0 0 0 0 0
0 0 0 0 0 0 0 0 0 0 0 0 0 0 0 0 0 0 0 0 0 0 0 0 0 0 0 0 0 0 0 0 0 0 0 20 158 40 137 190 130 222 37 11 97 68 111 47 209 151 46 43 242 34 123 5 21 22 207 14 178 146 65 86 74 192 126 250 251 73 83 166 89 132 29 71 250 121 117 61 149 11 134 183 157 27 191 245 234 33 253 58 122 126 0 0 0 0 0 0 0 0 0 0 0 0 0 0 0 0 0 0 0 0 0 0 0 0 0 0 0 0 0 0 0 0 0 0
0 0 0 0 0 0 0 0 0 0 0 0 0 0 0 0 0 0 0 0 0 0 0 0 0 0 0 0 0 0 0 0 0 0 0 0 0 53 246 109 37 82 244 19 214 134 148 159 163 212 134 81 147 242 38 221 20 22 115 208 80 41 58 119 97 91 81 41 7 93 207 170 114 19 193 121 119 192 52 179 0 166 55 245 196 201 187 175 146 175 113 8 0 0 0 0 0 0 0 0 0 0 0 0 0 0 0 0 0 0 0 0 0 0 0 0 0 0 0 0 0 0 0 0 0 0 0 0
0 0 0 0 0 0 0 0 0 0 0 0 0 0 0 0 0 0 0 0 0 0 0 0 0 0 0 0 0 0 0 0 0 0 0 0 0 0 0 0 106 241 201 202 220 8 233 103 204 56 74 94 143 220 172 37 7 233 241 107 244 64 208 30 167 236 117 199 128 130 253 39 181 230 52 71 225 188 155 16 205 31 45 125 28 126 247 183 133 0 0 0 0 0 0 0 0 0 0 0 0 0 0 0 0 0 0 0 0 0 0 0 0 0 0 0 0 0 0 0 0 0 0 0 0 0 0 0
0 0 0 0 0 0 0 0 0 0 0 0 0 0 0 0 0 0 0 0 0 0 0 0 0 0 0 0 0 0 0 0 0 0 0 0 0 0 0 0 0 0 157 105 73 198 252 117 177 131 30 189 163 94 173 128 58 128 198 122 198 193 172 10 27 225 211 251 224 97 81 208 195 124 79 118 90 62 90 46 210 190 240 40 107 25 75 0 0 0 0 0 0 0 0 0 0 0 0 0 0 0 0 0 0 0 0 0 0 0 0 0 0 0 0 0 0 0 0 0 0 0 0 0 0 0 0 0
0 0 0 0 0 0 0 0 0 0 0 0 0 0 0 0 0 0 0 0 0 0 0 0 0 0 0 0 0 0 0 0 0 0 0 0 0 0 0 0 0 0 0 0 0 102 86 77 45 83 152 213 194 20 169 1 56 89 109 148 145 84 161 79 245 211 131 231 80 25 80 76 188 100 253 116 247 59 218 124 185 158 28 40 0 0 0 0 0 0 0 0 0 0 0 0 0 0 0 0 0 0 0 0 0 0 0 0 0 0 0 0 0 0 0 0 0 0 0 0 0 0 0 0 0 0 0 0
0 0 0 0 0 0 0 0 0 0 0 0 0 0 0 0 0 0 0 0 0 0 0 0 0 0 0 0 0 0 0 0 0 0 0 0 0 0 0 0 0 0 0 0 0 0 0 0 0 160 94 120 119 227 189 217 231 252 185 244 112 7 121 252 136 105 139 227 54 221 136 67 88 168 26 48 194 50 181 188 0 0 0 0 0 0 0 0 0 0 0 0 0 0 0 0 0 0 0 0 0 0 0 0 0 0 0 0 0 0 0 0 0 0 0 0 0 0 0 0 0 0 0 0 0 0 0 0
0 0 0 0 0 0 0 0 0 0 0 0 0 0 0 0 0 0 0 0 0 0 0 0 0 0 0 0 0 0 0 0 0 0 0 0 0 0 0 0 0 0 0 0 0 0 0 0 0 0 0 0 0 121 122 212 89 243 12 53 13 100 6 191 238 45 155 189 57 82 62 40 180 52 73 141 0 0 0 0 0 0 0 0 0 0 0 0 0 0 0 0 0 0 0 0 0 0 0 0 0 0 0 0 0 0 0 0 0 0 0 0 0 0 0 0 0 0 0 0 0 0 0 0 0 0 0 0
