128
0 0 0 0 0 0 0 0 0 0 0 0 0 0 0 0 0 0 0 0 0 0 0 0 0 0 0 0 0 0 0 0 0 0 0 0 0 0 0 0 0 0 0 0 0 0 0 0 0 0 0 0 0 0 0 0 0 0 0 0 0 0 0 0 91 0 0 0 0 0 0 0 0 0 0 0 0 0 0 0 0 0 0 0 0 0 0 0 0 0 0 0 0 0 0 0 0 0 0 0 0 0 0 0 0 0 0 0 0 0 0 0 0 0 0 0 0 0 0 0 0 0 0 0 0 0 0 0
0 0 0 0 0 0 0 0 0 0 0 0 0 0 0 0 0 0 0 0 0 0 0 0 0 0 0 0 0 0 0 0 0 0 0 0 0 0 0 0 0 0 0 0 0 0 0 0 0 0 0 0 0 168 186 78 41 128 252 178 49 62 121 113 17 178 28 58 220 86 6 189 67 8 179 117 0 0 0 0 0 0 0 0 0 0 0 0 0 0 0 0 0 0 0 0 0 0 0 0 0 0 0 0 0 0 0 0 0 0 0 0 0 0 0 0 0 0 0 0 0 0 0 0 0 0 0 0
0 0 0 0 0 0 0 0 0 0 0 0 0 0 0 0 0 0 0 0 0 0 0 0 0 0 0 0 0 0 0 0 0 0 0 0 0 0 0 0 0 0 0 0 0 0 0 0 0 85 250 40 243 185 185 204 16 91 230 10 198 229 64 91 18 132 217 26 15 231 205 74 221 63 172 181 74 39 45 52 0 0 0 0 0 0 0 0 0 0 0 0 0 0 0 0 0 0 0 0 0 0 0 0 0 0 0 0 0 0 0 0 0 0 0 0 0 0 0 0 0 0 0 0 0 0 0 0
0 0 0 0 0 0 0 0 0 0 0 0 0 0 0 0 0 0 0 0 0 0 0 0 0 0 0 0 0 0 0 0 0 0 0 0 0 0 0 0 0 0 0 0 0 216 202 93 152 167 214 21 182 215 62 197 199 53 155 33 122 243 55 201 82 44 11 185 18 3 46 63 216 71 102 127 122 136 38 5 244 201 164 157 0 0 0 0 0 0 0 0 0 0 0 0 0 0 0 0 0 0 0 0 0 0 0 0 0 0 0 0 0 0 0 0 0 0 0 0 0 0 0 0 0 0 0 0
0 0 0 0 0 0 0 0 0 0 0 0 0 0 0 0 0 0 0 0 0 0 0 0 0 0 0 0 0 0 0 0 0 0 0 0 0 0 0 0 0 0 218 171 40 105 205 73 131 94 192 170 115 223 70 230 184 228 231 57 123 178 14 166 7 126 189 27 173 91 104 160 229 39 58 48 185 45 154 54 209 51 138 157 62 148 83 0 0 0 0 0 0 0 0 0 0 0 0 0 0 0 0 0 0 0 0 0 0 0 0 0 0 0 0 0 0 0 0 0 0 0 0 0 0 0 0 0
0 0 0 0 0 0 0 0 0 0 0 0 0 0 0 0 0 0 0 0 0 0 0 0 0 0 0 0 0 0 0 0 0 0 0 0 0 0 0 0 250 220 31 185 222 194 254 58 144 194 117 129 244 176 3 151 120 91 207 52 123 78 138 137 87 194 23 2 14 80 70 204 44 113 83 223 165 196 53 92 151 31 239 110 245 220 120 13 197 0 0 0 0 0 0 0 0 0 0 0 0 0 0 0 0 0 0 0 0 0 0 0 0 0 0 0 0 0 0 0 0 0 0 0 0 0 0 0
0 0 0 0 0 0 0 0 0 0 0 0 0 0 0 0 0 0 0 0 0 0 0 0 0 0 0 0 0 0 0 0 0 0 0 0 0 64 125 119 117 133 229 74 58 131 69 132 154 83 79 146 17 143 55 168 61 182 189 171 224 207 213 211 166 90 93 111 200 63 103 117 121 129 61 219 50 187 227 178 98 16 31 217 156 11 203 54 252 72 219 188 0 0 0 0 0 0 0 0 0 0 0 0 0 0 0 0 0 0 0 0 0 0 0 0 0 0 0 0 0 0 0 0 0 0 0 0
0 0 0 0 0 0 0 0 0 0 0 0 0 0 0 0 0 0 0 0 0 0 0 0 0 0 0 0 0 0 0 0 0 0 0 71 220 153 131 188 177 28 149 23 169 12 197 33 216 170 20 217 6 121 48 38 245 224 80 60 153 162 44 72 194 45 87 150 123 0 124 134 22 224 13 151 11 131 62 168 181 165 243 80 227 172 137 244 200 151 16 235 79 89 0 0 0 0 0 0 0 0 0 0 0 0 0 0 0 0 0 0 0 0 0 0 0 0 0 0 0 0 0 0 0 0 0 0
0 0 0 0 0 0 0 0 0 0 0 0 0 0 0 0 0 0 0 0 0 0 0 0 0 0 0 0 0 0 0 0 0 0 17 156 222 198 245 69 183 207 125 134 209 196 12 222 123 60 189 55 26 100 202 79 215 150 106 241 180 53 132 50 168 148 154 125 13 86 71 55 255 82 138 197 170 125 131 131 213 42 182 193 143 189 120 65 148 119 61 84 2 73 111 0 0 0 0 0 0 0 0 0 0 0 0 0 0 0 0 0 0 0 0 0 0 0 0 0 0 0 0 0 0 0 0 0
0 0 0 0 0 0 0 0 0 0 0 0 0 0 0 0 0 0 0 0 0 0 0 0 0 0 0 0 0 0 0 0 25 18 106 109 29 84 95 57 249 163 173 111 170 149 142 200 199 245 250 93 17 0 82 96 145 217 97 243 222 25 86 218 69 54 251 133 90 69 65 203 127 219 169 102 82 13 93 142 212 197 36 238 241 225 29 127 34 162 230 185 203 9 133 248 163 0 0 0 0 0 0 0 0 0 0 0 0 0 0 0 0 0 0 0 0 0 0 0 0 0 0 0 0 0 0 0
0 0 0 0 0 0 0 0 0 0 0 0 0 0 0 0 0 0 0 0 0 0 0 0 0 0 0 0 0 0 111 176 19 28 219 27 118 223 46 100 210 223 152 49 74 136 3 100 249 137 151 146 51 186 20 113 129 183 87 237 181 141 7 204 242 147 231 205 228 13 56 249 18 27 61 174 91 212 15 200 150 54 10 190 141 91 122 62 86 243 14 29 109 88 84 158 106 82 204 0 0 0 0 0 0 0 0 0 0 0 0 0 0 0 0 0 0 0 0 0 0 0 0 0 0 0 0 0
0 0 0 0 0 0 0 0 0 0 0 0 0 0 0 0 0 0 0 0 0 0 0 0 0 0 0 0 0 164 159 52 197 147 40 185 14 112 222 76 17 67 112 164 187 145 58 172 229 7 3 196 3 62 191 4 142 86 105 165 158 153 66 113 56 90 24 141 169 227 121 129 210 145 12 31 80 65 148 116 157 45 114 25 74 59 94 67 11 151 174 70 92 117 14 139 253 90 70 67 0 0 0 0 0 0 0 0 0 0 0 0 0 0 0 0 0 0 0 0 0 0 0 0 0 0 0 0
0 0 0 0 0 0 0 0 0 0 0 0 0 0 0 0 0 0 0 0 0 0 0 0 0 0 0 40 103 133 218 150 173 111 147 187 64 255 53 214 66 93 211 133 34 240 48 55 105 136 192 59 125 112 121 16 225 4 76 144 233 7 43 61 39 177 67 63 225 246 89 140 158 116 164 153 3 189 39 5 151 23 112 188 7 2 189 232 153 190 84 58 213 189 128 178 79 255 239 196 195 206 0 0 0 0 0 0 0 0 0 0 0 0 0 0 0 0 0 0 0 0 0 0 0 0 0 0
0 0 0 0 0 0 0 0 0 0 0 0 0 0 0 0 0 0 0 0 0 0 0 0 0 0 206 191 96 204 183 139 117 175 205 37 239 210 45 134 99 148 44 170 102 168 236 39 147 39 252 125 217 254 42 25 102 99 233 180 46 255 65 47 148 73 198 245 5 56 218 201 73 248 213 199 94 97 37 93 188 208 12 55 3 27 7 223 107 108 185 220 137 179 254 60 107 211 81 103 250 215 11 0 0 0 0 0 0 0 0 0 0 0 0 0 0 0 0 0 0 0 0 0 0 0 0 0
0 0 0 0 0 0 0 0 0 0 0 0 0 0 0 0 0 0 0 0 0 0 0 0 0 21 125 92 7 121 69 93 128 59 140 25 222 226 179 110 145 251 114 134 170 30 173 247 161 60 80 226 63 25 107 42 4 28 149 227 204 249 110 88 91 171 92 76 10 230 233 178 205 138 38 114 38 216 158 132 132 235 69 128 251 254 157 211 223 241 109 5 138 225 58 100 212 233 165 80 176 10 231 69 0 0 0 0 0 0 0 0 0 0 0 0 0 0 0 0 0 0 0 0 0 0 0 0
0 0 0 0 0 0 0 0 0 0 0 0 0 0 0 0 0 0 0 0 0 0 0 60 217 163 132 213 90 141 200 8 150 41 88 21 155 1 158 162 115 92 148 8 14 253 205 25 161 19 107 74 151 105 96 84 91 119 42 238 1 106 61 78 74 206 10 216 223 245 251 109 184 12 226 12 93 0 100 73 89 179 27 126 115 25 59 218 233 133 0 10 138 149 232 83 75 106 184 120 37 190 59 161 125 215 0 0 0 0 0 0 0 0 0 0 0 0 0 0 0 0 0 0 0 0 0 0
0 0 0 0 0 0 0 0 0 0 0 0 0 0 0 0 0 0 0 0 0 0 176 57 187 208 201 74 98 105 211 32 137 143 116 201 66 183 157 189 6 239 61 81 152 70 245 171 97 28 180 241 176 87 231 176 79 196 208 212 18 55 33 112 94 230 58 223 33 0 104 241 89 220 47 239 140 86 188 219 79 105 19 130 95 234 57 121 137 27 254 229 210 137 168 124 126 26 43 61 114 120 108 48 3 41 132 0 0 0 0 0 0 0 0 0 0 0 0 0 0 0 0 0 0 0 0 0
0 0 0 0 0 0 0 0 0 0 0 0 0 0 0 0 0 0 0 0 0 83 191 3 105 208 92 248 159 237 76 27 252 232 156 110 155 159 246 112 193 119 186 105 117 172 69 66 203 225 210 133 89 22 97 105 230 185 215 223 184 195 53 27 236 166 215 231 60 190 219 79 173 22 243 211 106 215 76 198 124 58 229 221 185 174 175 244 210 66 229 144 117 110 10 184 196 157 114 150 99 34 134 194 203 131 99 126 0 0 0 0 0 0 0 0 0 0 0 0 0 0 0 0 0 0 0 0
0 0 0 0 0 0 0 0 0 0 0 0 0 0 0 0 0 0 0 0 219 72 154 142 17 248 200 95 77 219 131 55 62 226 206 219 249 129 101 95 100 197 202 231 219 61 37 226 113 79 247 153 241 159 62 74 78 50 0 250 255 188 156 133 197 13 154 223 137 46 108 24 19 238 138 166 8 73 241 48 112 46 191 182 183 226 233 232 113 1 218 193 71 129 86 66 168 93 40 132 234 18 174 155 28 103 170 214 83 0 0 0 0 0 0 0 0 0 0 0 0 0 0 0 0 0 0 0
0 0 0 0 0 0 0 0 0 0 0 0 0 0 0 0 0 0 0 49 235 231 128 81 162 126 111 218 107 30 92 189 218 201 235 12 183 189 124 139 240 116 240 230 48 71 113 86 228 209 211 225 119 209 68 5 158 216 138 195 106 16 150 127 158 64 219 220 205 16 132 31 226 160 13 210 108 187 7 249 24 131 173 16 247 121 135 44 45 192 42 175 252 43 173 115 119 71 138 250 195 230 185 63 159 203 134 77 237 233 0 0 0 0 0 0 0 0 0 0 0 0 0 0 0 0 0 0
0 0 0 0 0 0 0 0 0 0 0 0 0 0 0 0 0 0 171 67 74 211 104 212 15 143 190 61 2 137 203 248 126 50 139 113 214 198 74 15 144 76 129 61 241 9 169 145 98 237 86 69 205 33 152 56 159 238 77 206 146 161 234 78 24 227 255 169 66 182 109 181 139 121 24 12 220 234 8 64 179 8 84 141 64 233 235 40 48 76 72 133 135 109 101 60 122 123 191 199 199 42 120 55 144 210 142 186 109 68 93 0 0 0 0 0 0 0 0 0 0 0 0 0 0 0 0 0
0 0 0 0 0 0 0 0 0 0 0 0 0 0 0 0 0 228 166 103 11 41 47 79 114 188 116 129 168 202 157 249 200 222 254 32 119 31 230 4 157 40 21 181 67 3 121 70 225 208 157 145 63 95 21 92 165 205 88 213 171 220 214 233 135 162 162 71 138 212 204 192 29 14 24 227 139 224 142 175 115 224 158 186 93 111 52 155 57 157 233 1 69 215 16 13 88 248 7 146 35 138 179 204 243 117 82 130 145 68 143 110 0 0 0 0 0 0 0 0 0 0 0 0 0 0 0 0
0 0 0 0 0 0 0 0 0 0 0 0 0 0 0 0 74 109 217 107 92 76 200 253 224 108 153 176 146 71 159 142 150 87 98 160 186 96 58 162 212 195 201 22 121 16 164 227 177 115 2 221 143 33 91 45 53 194 236 241 66 163 113 197 110 117 202 8 243 237 4 114 151 240 186 195 32 37 230 133 175 75 67 133 98 147 116 217 232 226 56 211 200 103 247 124 203 207 145 206 59 147 230 151 121 56 57 184 182 6 41 126 20 0 0 0 0 0 0 0 0 0 0 0 0 0 0 0
0 0 0 0 0 0 0 0 0 0 0 0 0 0 0 116 146 55 60 4 13 234 131 43 59 62 239 69 152 131 86 166 102 39 198 7 111 215 98 14 206 105 165 205 182 223 0 37 6 207 211 140 27 70 223 130 6 72 240 102 163 143 50 206 241 78 23 37 150 248 167 199 214 106 69 12 183 199 141 58 246 3 209 242 232 159 230 140 251 96 71 169 199 162 8 50 254 30 51 244 50 83 101 54 30 221 169 84 77 213 122 229 42 231 0 0 0 0 0 0 0 0 0 0 0 0 0 0
0 0 0 0 0 0 0 0 0 0 0 0 0 0 0 219 97 132 50 215 83 201 6 233 68 69 37 219 45 190 108 149 208 60 253 174 172 118 112 106 0 168 150 129 84 253 41 167 204 251 70 144 8 92 253 89 235 130 149 149 113 8 110 210 230 82 160 142 192 7 160 192 122 15 184 182 7 238 110 133 148 15 46 179 242 17 183 61 209 219 71 167 214 181 108 148 155 40 180 237 137 85 73 3 169 201 45 123 87 173 143 28 141 216 0 0 0 0 0 0 0 0 0 0 0 0 0 0
0 0 0 0 0 0 0 0 0 0 0 0 0 0 58 199 249 115 252 91 22 76 204 49 237 52 115 19 210 72 94 135 111 146 93 21 85 193 114 118 1 14 21 226 118 136 110 107 181 91 97 135 16 107 118 80 224 56 72 31 180 21 127 80 60 104 71 87 193 208 158 42 28 192 209 100 40 252 64 51 3 154 165 193 15 49 208 177 51 58 219 65 182 225 33 146 20 170 23 192 12 36 246 96 23 110 146 0 211 13 81 122 84 93 232 0 0 0 0 0 0 0 0 0 0 0 0 0
0 0 0 0 0 0 0 0 0 0 0 0 0 207 221 71 8 46 69 165 53 94 116 143 230 213 7 133 247 186 115 96 239 160 141 217 157 97 195 177 221 177 71 137 207 76 219 107 83 209 60 4 9 19 84 146 186 60 228 102 42 154 183 30 229 106 253 203 61 8 191 38 164 119 255 213 175 104 242 252 79 78 198 35 183 209 155 141 152 230 217 44 16 249 207 143 12 203 14 77 242 223 55 223 183 134 166 242 148 81 95 54 79 250 179 115 0 0 0 0 0 0 0 0 0 0 0 0
0 0 0 0 0 0 0 0 0 0 0 0 21 102 197 247 31 48 102 145 12 60 45 193 40 27 107 177 78 27 110 205 176 57 38 205 159 131 96 59 243 255 55 154 111 135 155 254 114 180 32 118 185 162 201 172 103 179 244 239 18 39 184 44 199 199 229 152 33 148 186 64 223 73 165 82 79 240 5 76 204 50 234 174 75 92 65 141 217 184 40 61 148 73 117 227 154 47 213 97 42 166 73 172 200 72 15 168 209 181 171 61 221 60 19 120 243 0 0 0 0 0 0 0 0 0 0 0
0 0 0 0 0 0 0 0 0 0 0 0 21 158 141 233 172 178 105 235 58 7 31 52 170 169 82 83 77 130 247 15 114 195 246 191 168 230 57 41 117 33 247 102 17 227 88 23 119 57 133 112 3 127 153 71 128 46 27 244 238 191 0 142 116 53 117 197 92 78 105 100 116 138 24 204 159 157 191 142 135 80 198 51 172 88 195 48 124 46 130 103 121 14 77 155 8 227 199 200 234 68 210 22 127 167 139 134 73 253 47 239 135 97 158 194 68 0 0 0 0 0 0 0 0 0 0 0
0 0 0 0 0 0 0 0 0 0 0 191 179 158 28 41 148 247 94 71 88 146 151 122 252 199 229 32 100 153 0 97 52 165 116 77 169 103 207 62 176 121 225 19 20 13 65 57 69 50 30 81 146 253 115 239 69 88 142 235 216 103 45 164 28 42 45 248 132 133 8 220 112 252 92 21 64 103 171 140 179 55 198 171 118 90 202 21 24 206 123 97 99 31 79 50 231 147 103 103 110 74 91 196 40 255 244 55 90 156 46 36 246 9 245 212 20 144 0 0 0 0 0 0 0 0 0 0
0 0 0 0 0 0 0 0 0 0 75 243 253 112 0 6 248 136 131 8 199 136 228 61 73 210 77 9 78 243 79 230 9 9 111 70 229 214 4 125 22 1 17 16 119 72 3 254 108 58 59 12 220 233 218 138 219 171 240 125 184 36 56 26 116 203 20 211 102 215 66 134 177 30 160 201 213 251 202 173 245 174 155 32 214 240 85 68 31 133 240 191 2 154 176 181 245 174 228 16 33 74 167 97 5 191 232 10 224 23 44 83 140 215 16 45 128 203 237 0 0 0 0 0 0 0 0 0
0 0 0 0 0 0 0 0 0 0 51 191 223 161 133 65 14 121 225 136 166 250 220 226 248 116 245 138 241 36 113 248 220 204 186 243 100 216 170 182 202 136 27 150 61 216 97 228 78 129 210 2 189 88 101 109 46 55 173 229 198 208 102 207 183 138 91 5 144 204 193 49 118 131 204 236 69 52 38 241 196 84 37 240 118 44 59 80 244 227 141 132 29 66 28 2 55 243 108 10 62 96 32 29 45 253 114 205 183 5 152 50 127 54 49 133 58 81 114 0 0 0 0 0 0 0 0 0
0 0 0 0 0 0 0 0 0 209 73 18 5 0 197 246 166 226 132 196 203 235 39 139 40 214 205 113 51 38 239 14 48 195 195 247 198 1 75 132 38 240 0 160 4 96 246 212 161 198 202 182 209 87 78 211 252 247 243 113 89 15 152 52 3 68 80 204 244 148 189 36 180 235 110 39 186 8 131 65 202 214 68 228 200 138 186 137 31 182 112 189 113 19 42 58 57 81 21 190 232 204 122 92 107 37 184 249 239 200 146 170 192 61 147 171 78 103 121 176 0 0 0 0 0 0 0 0
0 0 0 0 0 0 0 0 0 239 66 15 45 99 189 229 187 80 6 138 236 5 83 152 214 95 45 110 204 138 75 167 165 158 173 186 58 57 231 52 229 120 197 167 196 176 151 237 130 230 68 28 225 93 102 241 193 20 230 146 134 176 176 131 132 135 218 98 125 198 70 80 128 159 41 88 36 44 53 135 123 49 109 56 143 42 229 195 76 15 213 143 205 161 159 9 132 14 12 130 233 150 132 111 29 157 211 189 95 86 63 24 201 249 215 229 159 113 180 93 0 0 0 0 0 0 0 0
0 0 0 0 0 0 0 0 203 159 214 94 222 138 96 236 172 26 53 59 186 194 93 75 184 72 9 77 218 229 229 162 153 229 227 38 0 188 227 217 0 30 102 155 152 50 142 65 2 10 34 102 54 110 79 140 62 203 114 207 87 238 13 189 36 42 178 142 73 172 245 88 40 140 154 32 227 214 184 189 16 81 37 74 161 104 146 40 4 224 217 211 79 241 155 250 252 58 84 96 194 135 139 86 54 145 80 129 110 80 103 4 8 233 53 220 60 132 53 90 24 0 0 0 0 0 0 0
0 0 0 0 0 0 0 115 190 190 72 227 200 143 117 238 153 194 45 164 141 130 234 216 238 25 29 64 51 182 175 16 198 126 248 70 33 8 43 157 63 3 39 69 145 167 54 71 229 236 39 184 192 250 36 170 83 136 186 67 151 14 26 42 109 96 215 200 76 173 182 51 38 10 253 98 71 185 137 241 246 204 120 1 103 55 211 9 155 254 103 221 10 232 178 90 170 118 185 158 166 80 196 49 71 139 143 169 83 179 182 22 137 130 235 100 246 72 245 30 15 196 0 0 0 0 0 0
0 0 0 0 0 0 0 213 41 231 102 166 23 245 168 117 58 188 45 245 28 198 75 171 252 31 11 236 220 114 77 166 215 56 186 204 191 12 108 164 249 134 250 10 60 105 55 105 225 170 123 17 221 141 5 158 45 193 45 129 8 190 158 240 94 88 159 225 21 224 203 161 107 249 43 17 236 162 249 157 245 241 254 195 215 78 23 95 238 138 26 207 243 245 15 203 172 120 231 79 187 96 187 153 138 36 187 233 83 80 214 127 218 222 195 217 68 211 13 118 245 187 0 0 0 0 0 0
0 0 0 0 0 0 220 157 47 81 255 58 220 197 73 56 121 173 181 33 97 7 11 236 135 104 186 186 147 79 61 143 151 111 134 3 27 134 54 161 134 233 245 103 184 206 211 30 72 166 22 6 81 182 79 200 189 47 227 42 124 17 186 3 180 53 25 44 7 56 192 97 195 103 56 53 31 8 252 231 179 195 216 113 176 154 143 173 143 204 172 136 59 214 120 120 104 1 219 148 63 146 181 95 124 5 235 9 216 68 89 190 40 101 246 27 217 218 68 67 77 113 173 0 0 0 0 0
0 0 0 0 0 0 36 98 253 129 50 254 155 202 128 229 86 254 15 7 202 10 50 5 212 159 103 118 88 45 109 215 190 115 58 232 57 180 235 1 134 149 52 231 5 40 105 215 136 89 202 218 222 178 125 88 202 113 198 27 234 182 85 90 97 158 36 70 222 138 104 167 36 92 29 139 62 155 185 159 172 226 177 24 132 129 143 254 232 228 8 159 255 61 218 124 151 7 207 247 101 58 109 109 117 103 148 211 16 191 38 148 150 93 189 103 230 199 214 181 224 142 191 0 0 0 0 0
0 0 0 0 0 0 159 105 249 254 63 118 63 26 174 169 210 100 142 123 140 210 146 171 179 198 245 117 248 195 218 220 89 247 141 195 203 158 119 20 84 219 87 164 154 93 199 157 219 215 110 193 208 159 60 36 116 16 74 79 2 185 204 94 204 44 22 80 255 22 8 166 105 128 230 171 248 71 42 49 218 115 215 58 185 104 113 115 3 102 154 69 130 14 144 136 50 123 251 137 190 52 27 85 189 229 80 196 185 224 132 169 15 171 105 137 42 214 223 233 33 161 224 0 0 0 0 0
0 0 0 0 0 88 60 79 216 184 214 216 199 178 1 112 152 243 96 252 198 203 255 52 81 29 17 133 144 195 184 127 91 43 230 149 189 85 5 136 90 197 61 156 221 180 231 216 160 193 42 131 221 230 64 253 255 134 191 129 16 163 40 193 24 11 197 174 159 97 224 16 193 119 76 114 166 128 14 20 83 87 44 157 251 199 8 74 124 248 234 88 226 224 242 9 27 119 159 81 26 165 33 10 3 236 55 119 48 223 223 178 94 0 43 25 198 76 140 92 78 67 191 81 0 0 0 0
0 0 0 0 0 136 122 8 162 37 217 232 75 183 39 97 114 128 69 191 27 95 79 81 43 28 2 3 142 153 188 108 113 39 134 154 154 89 41 45 52 99 60 154 163 18 56 140 252 76 98 237 62 191 159 169 205 37 82 211 216 34 2 127 122 225 15 115 93 15 85 36 177 202 165 222 146 141 123 131 29 26 192 245 46 56 147 95 236 16 186 33 216 36 189 59 207 146 248 92 42 186 60 174 125 53 231 61 140 147 80 51 5 169 11 83 226 93 159 42 35 225 173 190 0 0 0 0
0 0 0 0 107 187 69 156 133 242 130 5 136 94 153 186 3 151 51 248 169 153 142 88 173 114 89 207 199 84 185 137 12 192 8 99 241 18 76 54 98 59 214 195 242 205 26 43 86 9 230 157 153 19 35 185 5 220 125 235 129 188 17 115 109 198 221 9 234 56 11 12 29 97 247 153 85 100 91 172 195 147 37 25 19 169 130 28 19 136 37 27 90 79 154 89 148 185 66 56 180 63 89 53 43 243 42 21 231 139 111 116 65 85 135 77 13 18 202 171 24 216 112 40 51 0 0 0
0 0 0 0 10 45 137 140 25 224 69 169 130 172 200 49 119 180 41 91 202 51 213 199 204 11 254 225 119 218 199 223 19 99 74 19 210 228 114 246 23 139 216 150 194 43 163 49 170 85 127 95 27 76 142 184 179 96 63 172 148 31 201 43 243 222 89 242 115 2 246 41 18 35 140 78 200 127 1 187 152 178 93 152 66 180 55 115 40 170 219 143 136 113 48 41 94 16 225 226 42 165 75 218 49 228 27 76 46 182 68 11 22 196 177 42 47 161 201 51 67 138 228 60 136 0 0 0
0 0 0 0 154 223 228 147 204 129 166 132 169 79 55 150 123 9 83 176 103 43 252 32 238 222 95 100 138 167 93 205 61 36 81 29 196 4 19 252 99 44 239 11 87 58 204 59 239 129 41 38 171 11 121 43 14 4 205 168 113 118 74 222 226 190 184 164 188 120 251 223 17 155 96 105 73 37 249 186 111 102 144 209 65 59 54 23 233 1 250 128 199 50 43 162 169 130 130 4 57 77 119 207 250 52 153 95 253 80 244 35 240 126 243 96 113 119 234 112 61 17 199 63 173 0 0 0
0 0 0 100 41 61 152 12 138 202 28 168 120 32 233 64 184 253 188 101 88 15 121 187 138 132 156 217 50 7 39 240 183 98 20 71 183 108 119 204 249 145 6 229 21 100 141 242 48 106 210 187 175 97 195 224 213 102 240 122 171 218 13 19 248 105 199 78 134 231 205 78 43 9 56 95 167 88 198 245 65 96 91 112 116 185 219 225 48 190 107 236 132 96 52 56 52 106 68 230 202 87 146 70 166 65 172 63 219 218 75 226 224 30 236 102 153 67 229 97 167 57 10 154 82 146 0 0
0 0 0 99 26 69 235 133 180 239 130 20 76 169 31 86 220 106 220 223 175 229 243 73 72 27 146 234 132 71 118 58 23 87 251 221 92 224 9 60 78 244 88 217 140 7 167 123 124 225 156 246 4 254 60 172 194 239 113 178 184 223 53 255 28 175 246 203 60 191 168 150 59 59 51 47 80 174 108 46 211 62 112 119 242 10 115 1 155 144 153 33 27 74 35 91 252 27 218 160 36 104 38 113 165 224 131 108 34 208 142 36 159 83 94 220 214 30 113 65 52 170 197 45 250 168 0 0
0 0 0 119 31 193 72 102 101 185 184 137 77 116 12 194 243 103 164 1 38 77 168 59 194 157 70 190 201 226 123 92 29 55 32 206 242 251 168 223 183 18 6 133 107 107 147 37 42 175 41 43 81 160 90 189 5 234 125 53 232 123 172 71 158 200 145 98 136 251 97 38 151 98 72 203 118 164 248 204 144 134 232 186 221 221 104 152 152 182 91 70 74 22 157 99 155 66 133 206 164 91 143 176 129 127 52 171 243 248 48 241 115 238 75 177 57 55 181 79 1 224 102 1 133 160 0 0
0 0 0 243 207 253 254 59 148 229 144 53 105 49 38 3 27 162 214 228 202 200 169 13 24 207 131 10 142 20 90 24 166 143 74 251 185 194 178 220 140 58 45 232 84 78 23 169 228 54 52 234 203 131 34 148 118 75 229 25 79 120 188 186 16 82 139 100 196 171 216 174 121 109 221 159 110 116 120 132 81 44 5 240 89 75 176 221 230 168 252 178 104 13 79 221 6 78 14 109 37 18 243 244 184 219 160 203 112 126 113 128 126 72 68 53 252 132 22 20 223 23 70 152 78 156 0 0
0 0 253 161 71 183 217 238 132 19 116 93 39 60 208 92 75 5 180 200 0 59 99 230 83 82 27 64 64 207 24 236 49 152 136 74 202 52 128 197 114 243 30 2 43 203 244 167 31 167 2 131 24 117 2 184 176 20 12 142 176 254 247 161 55 91 12 191 37 208 63 240 211 68 44 95 61 110 132 241 223 250 17 184 198 25 200 138 165 105 22 75 22 108 16 70 240 1 97 35 241 96 22 201 177 155 71 92 22 38 52 35 85 231 197 219 128 91 76 125 187 193 180 107 84 227 214 0
0 0 56 97 53 49 20 80 13 108 202 230 3 198 144 139 17 152 193 41 196 32 227 46 217 92 153 169 59 182 47 230 45 108 60 124 146 68 250 35 190 221 96 178 170 31 100 39 85 57 78 49 51 191 253 64 68 151 49 111 7 29 166 58 142 240 50 149 234 63 97 63 104 209 68 249 61 86 123 96 42 221 16 29 59 176 107 227 217 210 77 46 194 182 155 107 110 73 215 46 115 141 196 241 87 163 65 227 44 128 173 185 103 20 114 186 200 181 81 194 100 165 147 109 251 107 127 0
0 0 123 203 203 44 43 87 228 235 196 150 8 98 105 41 101 176 183 70 142 128 76 239 129 160 201 73 14 80 120 159 105 81 223 215 203 212 111 90 35 74 46 3 204 231 138 30 68 200 126 100 214 33 181 147 234 78 154 40 115 154 219 100 234 215 205 87 38 195 35 16 83 245 180 158 93 131 174 144 154 239 154 51 89 51 96 46 37 145 21 84 25 255 201 245 115 35 208 130 46 73 66 131 193 121 190 8 40 181 162 205 247 243 17 63 9 151 184 223 85 222 125 128 131 109 205 0
0 0 76 184 167 153 110 162 150 82 240 67 181 82 47 103 7 122 8 187 173 33 65 12 247 22 14 148 32 38 68 76 255 39 105 214 42 38 62 103 3 94 145 87 245 129 190 60 167 74 145 232 30 111 48 179 209 128 2 168 195 115 125 105 247 11 230 127 129 36 27 139 114 221 101 163 4 185 112 190 84 55 10 161 89 115 27 38 96 68 172 33 138 189 209 78 120 177 119 31 8 165 61 139 191 137 215 195 158 143 95 253 206 125 150 86 163 18 86 164 98 80 178 213 157 28 40 0
0 189 29 204 162 130 7 216 124 72 5 152 190 148 249 164 211 149 141 222 72 255 113 48 252 42 228 248 4 1 120 8 251 187 239 8 67 123 71 77 54 115 155 208 160 201 40 184 127 91 111 150 183 90 203 178 56 205 45 227 68 178 204 54 110 145 72 110 237 77 193 200 253 169 245 111 82 147 219 191 194 186 131 79 49 43 167 90 75 52 239 80 166 107 191 51 10 166 119 131 164 222 214 42 188 36 185 192 104 253 229 220 103 18 147 215 129 8 168 20 23 198 150 103 233 174 148 59
0 252 130 81 178 11 102 3 99 211 93 73 224 84 251 100 14 203 62 155 203 181 152 112 29 114 115 69 154 218 143 60 187 70 237 247 44 147 13 22 173 77 84 67 246 100 151 254 27 28 90 212 243 177 73 65 181 218 194 238 247 200 219 222 181 149 137 245 242 186 53 172 111 255 177 162 210 153 112 250 157 148 243 76 115 142 150 172 161 86 50 207 100 76 185 101 181 225 25 60 245 76 51 151 213 58 126 116 96 173 139 90 233 166 252 159 38 86 102 237 108 80 133 164 89 115 90 129
0 148 121 245 228 10 79 232 53 29 98 154 87 179 51 71 232 90 177 160 220 231 238 21 216 242 186 6 85 62 178 64 109 21 93 0 52 156 67 173 180 58 227 10 252 96 225 207 98 52 28 101 147 172 62 192 45 60 152 118 16 100 58 108 39 189 22 77 254 107 35 33 6 24 83 131 135 18 104 222 253 72 163 124 220 241 147 11 168 66 226 248 148 170 53 6 151 38 13 113 162 30 115 152 177 214 17 223 86 123 66 230 204 183 139 14 115 44 151 65 115 47 112 145 33 72 104 91
0 2 133 196 25 88 227 106 193 196 199 38 239 103 207 231 220 56 21 133 220 175 6 50 193 182 133 212 183 90 218 151 29 112 251 246 127 35 187 234 58 247 187 150 210 224 86 147 157 71 59 108 120 60 239 22 73 162 242 62 234 40 245 229 216 29 123 61 202 132 202 91 230 92 153 14 29 207 37 142 185 209 85 88 65 97 112 88 3 105 159 115 255 157 108 207 196 9 180 179 133 50 33 64 112 42 125 125 7 31 115 140 13 68 204 251 155 163 91 214 93 177 87 226 78 103 206 102
0 155 6 173 241 109 85 28 42 167 86 246 24 103 234 62 107 235 213 120 21 117 14 227 119 150 213 246 195 199 19 218 111 9 174 79 194 244 53 7 181 81 233 254 252 211 198 76 139 145 175 121 229 50 211 84 108 65 246 21 161 120 214 34 90 32 38 204 252 227 175 31 209 221 251 13 34 36 196 95 153 52 237 72 236 249 107 114 155 149 167 36 14 161 114 147 170 119 160 21 38 212 20 55 186 148 235 20 147 90 236 203 50 1 61 139 81 245 113 22 78 195 185 204 56 202 182 169
0 21 53 174 173 101 243 210 118 118 191 55 251 218 203 19 183 192 19 35 126 58 248 21 194 225 108 209 107 70 137 129 2 212 21 0 110 194 174 169 86 16 164 156 40 56 57 192 122 246 176 202 177 65 94 237 142 40 137 137 34 39 106 73 208 190 137 41 95 238 161 175 189 101 108 234 160 7 45 32 162 159 39 140 14 189 74 19 162 238 26 123 49 136 74 62 223 39 231 50 118 222 227 65 66 170 205 169 246 111 243 127 227 65 99 208 9 111 62 197 251 49 37 109 180 63 180 75
0 146 184 76 91 138 250 131 2 234 209 137 132 23 26 110 144 22 102 172 233 223 55 50 124 18 154 110 76 214 125 144 181 167 108 82 179 138 167 92 2 53 33 210 68 183 134 215 15 223 127 26 244 129 27 97 16 36 185 38 130 17 43 77 64 96 162 51 87 110 221 100 195 0 19 240 31 245 85 207 5 51 193 128 123 221 115 191 145 95 93 91 122 187 77 189 54 66 124 79 156 8 117 41 199 74 14 94 112 219 200 107 130 18 2 109 181 82 85 196 78 110 98 105 192 55 54 191
0 74 97 23 225 229 16 109 255 193 155 168 43 34 49 99 205 155 180 93 68 53 73 200 97 0 143 29 135 194 74 172 224 20 192 166 176 223 158 241 116 199 150 75 14 15 183 214 221 21 91 53 60 71 255 147 161 221 156 200 234 93 166 238 62 96 28 74 110 7 129 228 150 17 149 132 134 140 230 228 29 250 47 150 69 205 11 164 217 228 99 83 214 175 42 89 201 197 194 28 189 90 67 134 103 200 208 33 163 18 103 62 214 152 19 200 56 169 42 182 106 207 225 177 29 159 31 39
0 198 231 175 205 176 26 163 168 153 147 211 186 249 230 17 166 186 33 86 91 110 187 26 253 23 133 68 96 239 132 49 72 65 42 171 125 128 89 12 136 248 0 109 148 1 172 84 32 235 69 191 51 57 116 124 59 150 113 246 36 220 176 197 86 66 17 70 150 195 169 205 168 15 39 154 242 211 210 255 172 158 128 136 234 55 228 89 17 68 124 130 63 7 203 223 26 251 3 197 148 24 141 253 221 225 175 152 231 0 90 147 223 230 175 195 63 222 92 219 213 87 130 81 188 213 232 23
0 130 187 137 173 61 244 71 12 116 194 226 58 230 233 242 131 72 87 72 39 94 121 29 153 246 159 106 48 101 189 38 225 253 155 136 22 112 34 78 173 143 106 201 195 68 99 249 81 94 214 3 10 238 215 23 230 6 2 66 38 195 159 14 121 23 155 167 8 88 154 52 164 119 208 234 141 253 215 104 101 241 232 248 228 61 146 237 234 93 192 161 5 29 78 50 229 85 157 108 169 107 223 125 249 65 134 95 78 77 113 75 211 141 79 66 83 218 245 188 190 108 120 229 115 185 106 160
0 217 118 103 93 49 51 116 120 70 165 111 125 132 101 218 173 114 55 83 148 232 59 201 253 216 107 143 241 76 216 144 145 139 194 172 134 208 97 164 250 238 26 5 160 124 7 26 232 7 94 146 179 97 179 64 202 226 107 193 246 113 194 5 17 200 84 72 86 137 103 129 76 186 1 69 68 66 167 154 40 107 16 239 161 136 124 205 142 41 7 27 223 107 221 56 168 248 65 174 220 149 144 164 152 164 240 10 155 37 46 255 125 190 158 68 9 86 176 183 157 6 53 11 53 218 152 110
67 102 76 187 43 237 229 89 223 166 184 91 209 34 50 20 108 84 76 213 137 6 113 47 35 192 173 47 164 77 39 67 157 70 226 228 83 192 14 223 126 187 90 89 27 152 175 111 1 127 243 179 83 201 116 130 171 14 210 59 6 244 156 150 57 84 108 100 254 15 99 30 228 165 60 194 115 43 123 44 56 184 124 160 219 2 18 215 13 115 226 119 48 199 57 162 216 85 84 218 216 172 169 42 197 159 234 132 133 3 25 172 133 1 108 208 72 192 90 214 159 168 178 2 203 90 158 65
0 167 131 241 153 226 42 32 133 97 201 203 34 248 185 233 113 226 224 22 55 22 243 41 226 36 223 84 52 189 157 130 163 177 201 161 229 53 226 34 98 149 66 192 160 35 187 77 198 73 221 28 214 140 252 97 24 229 184 136 77 244 214 110 66 0 81 64 113 9 3 170 214 163 151 87 70 115 8 182 226 34 39 172 119 198 215 101 182 214 254 80 61 245 114 138 208 22 18 225 79 70 237 109 32 232 229 14 159 148 2 140 65 122 53 150 164 47 142 207 1 123 37 157 138 12 185 247
0 60 104 96 123 255 100 245 201 222 34 103 25 220 92 212 133 177 50 163 153 178 198 165 142 130 173 188 222 24 89 40 45 234 4 38 102 58 139 47 90 134 37 104 238 0 172 75 192 79 170 193 171 215 187 216 189 151 170 14 211 11 227 230 223 115 57 207 119 126 80 178 212 63 31 176 3 88 107 246 127 201 14 237 75 2 148 7 216 67 19 12 216 170 174 180 59 195 190 251 39 238 89 126 188 198 175 114 141 186 249 180 225 172 224 39 141 77 200 40 213 67 118 71 226 252 15 205
0 214 239 72 200 221 146 61 70 103 218 119 250 26 195 202 191 239 92 0 131 13 171 6 230 193 50 245 39 194 16 225 186 191 81 25 90 113 29 215 247 183 134 249 175 231 68 126 45 251 65 137 179 240 251 195 22 184 100 35 30 242 226 137 106 233 66 149 125 79 41 239 254 52 147 253 118 45 114 62 11 39 36 199 152 93 95 196 39 162 217 40 186 212 29 245 171 108 82 65 154 162 207 93 65 115 153 99 142 182 5 118 206 214 183 162 84 119 167 63 101 190 238 12 88 208 132 54
0 75 23 122 242 49 158 9 13 144 179 71 185 179 178 232 229 3 87 111 250 92 148 48 72 148 100 110 59 184 25 101 82 40 116 247 147 176 237 163 228 163 25 119 219 141 234 71 147 75 159 12 204 136 60 137 98 212 132 99 20 140 84 36 76 149 197 85 179 211 170 103 172 209 58 79 62 201 191 23 106 253 11 219 146 160 19 127 186 245 0 92 243 19 223 246 161 231 231 82 201 244 192 70 190 133 226 82 161 206 71 247 82 185 210 38 239 216 208 230 87 105 29 75 225 163 152 107
0 179 186 119 244 29 147 68 144 28 101 43 61 68 89 162 43 205 202 34 26 71 96 247 138 116 171 103 18 222 42 123 56 4 244 117 79 163 6 111 245 252 169 246 236 200 175 51 136 125 213 157 163 109 153 236 250 79 19 145 121 228 120 72 42 189 32 184 11 36 57 178 50 21 22 148 211 144 175 24 114 196 162 61 106 76 156 29 223 75 128 209 217 75 170 230 149 235 116 248 21 92 170 219 86 159 127 87 23 201 87 200 145 131 217 126 209 246 84 86 0 240 182 251 132 139 233 84
0 82 45 70 71 202 84 90 41 81 197 237 98 58 51 51 155 22 53 192 38 68 117 250 140 117 148 204 161 254 44 202 141 210 79 18 171 21 79 130 132 160 155 106 188 144 90 164 154 15 39 98 199 183 37 239 213 140 236 47 254 230 235 114 6 25 156 136 184 158 138 138 226 224 233 186 15 26 25 6 164 213 100 30 122 159 218 181 109 10 10 193 36 33 108 209 237 255 79 188 69 92 184 159 10 172 181 149 1 193 119 23 70 21 188 205 173 65 36 20 94 55 11 14 146 209 116 143
0 62 166 119 169 253 117 183 196 191 106 166 20 109 233 208 214 112 69 95 79 150 66 126 243 179 248 4 2 106 14 106 146 94 20 203 247 184 238 251 242 211 153 35 163 116 101 215 51 160 191 16 28 124 133 7 3 174 44 69 178 207 144 34 102 210 181 20 106 69 65 17 239 97 130 113 203 25 30 12 48 150 178 232 222 95 164 72 145 104 83 7 23 12 7 193 40 220 246 192 196 68 228 174 230 165 175 4 66 55 125 212 200 245 11 178 250 182 211 190 162 240 24 133 94 19 142 58
0 119 173 103 77 38 66 48 188 12 76 67 57 42 113 11 127 114 15 242 216 150 11 108 67 233 75 145 238 83 172 13 39 208 123 13 201 150 43 218 208 48 220 20 86 71 71 92 193 252 186 212 141 3 221 166 19 163 80 217 65 159 101 195 137 211 106 74 71 9 131 217 210 65 87 193 135 51 248 220 190 135 173 147 249 62 216 102 154 80 240 31 247 211 250 122 82 179 95 140 140 223 103 199 59 236 189 186 176 210 80 8 28 70 1 22 143 116 19 21 75 214 238 136 193 88 5 14
0 69 118 70 9 167 244 117 83 38 242 225 27 174 55 195 150 222 245 109 142 248 90 138 16 59 241 201 102 121 27 15 102 214 167 178 189 13 47 68 81 201 107 235 132 190 141 83 155 130 28 186 252 108 49 110 97 62 177 22 38 22 2 22 77 44 97 167 71 134 155 66 61 178 250 204 143 198 101 75 52 3 117 114 47 118 182 177 242 109 219 29 43 239 204 119 250 204 251 166 95 124 79 38 185 74 161 77 164 216 246 209 15 134 216 11 148 220 176 224 49 87 147 125 23 202 34 156
0 123 189 192 77 90 187 10 193 188 210 107 216 17 240 124 224 229 9 73 255 15 198 156 166 75 247 163 183 104 57 135 225 97 100 145 222 1 200 105 2 178 252 72 185 143 142 118 105 118 160 173 164 11 64 21 121 78 157 178 132 234 116 72 170 123 117 58 164 18 239 107 95 188 67 156 113 55 121 220 16 208 233 144 48 63 201 187 29 30 217 233 49 113 97 208 131 36 106 33 81 120 12 115 110 23 241 148 93 13 167 151 218 142 10 146 62 1 252 196 167 176 129 234 63 252 61 141
0 241 218 130 161 123 84 234 60 23 21 96 30 130 217 155 67 36 164 138 109 101 243 44 16 16 192 113 125 108 209 139 201 229 181 215 169 223 214 123 46 254 218 178 169 255 50 190 78 6 149 18 186 182 14 244 42 38 44 43 199 11 40 250 88 39 170 81 71 111 26 93 204 102 235 115 37 240 206 139 251 225 200 120 109 27 155 155 35 105 72 101 249 121 46 191 183 10 64 54 234 12 39 109 234 255 106 193 168 156 41 86 61 97 97 145 53 235 16 12 177 151 33 103 204 104 116 239
0 0 253 102 162 166 23 27 233 154 124 179 98 113 106 70 216 141 123 135 125 168 43 241 21 103 132 27 249 194 59 54 93 161 21 124 187 101 211 36 55 210 217 206 188 254 128 113 13 250 93 20 55 155 161 227 102 209 182 199 130 108 135 211 43 118 198 77 182 249 229 173 44 155 85 94 198 209 37 195 85 90 51 132 137 24 99 204 80 211 210 36 240 244 169 151 31 29 19 225 34 102 44 185 98 221 169 108 41 26 20 138 152 144 122 54 23 246 66 10 136 235 180 141 170 152 226 0
0 0 197 253 80 246 210 224 212 180 167 63 23 88 134 60 44 148 110 102 162 196 17 100 91 246 173 154 21 226 3 215 30 153 41 57 23 6 150 137 193 123 74 234 150 76 102 112 31 178 56 22 61 250 159 195 158 109 169 155 90 181 154 183 221 255 162 49 99 94 89 132 58 238 57 161 145 144 223 202 206 57 92 203 101 97 22 203 103 123 11 24 74 71 5 66 219 155 126 25 198 48 222 220 80 57 199 167 118 141 160 190 185 200 183 247 108 98 38 69 166 75 167 59 35 230 253 0
0 0 53 54 0 87 87 10 39 200 35 136 29 246 39 239 195 225 153 65 90 20 48 184 15 76 97 204 151 25 222 22 118 255 37 182 67 150 182 92 36 162 74 190 141 154 204 247 70 157 229 175 118 50 85 178 205 233 242 99 105 91 147 204 199 154 87 5 188 16 25 67 216 173 211 110 125 65 223 198 167 11 236 32 166 247 60 91 179 65 22 200 168 195 108 86 82 210 27 117 113 149 73 122 117 104 118 198 142 115 164 231 152 217 79 29 227 173 252 235 94 132 229 243 170 144 182 0
0 0 255 172 158 245 139 100 94 171 0 178 155 37 54 4 216 205 153 167 98 38 252 179 179 21 51 115 160 241 170 101 27 151 206 114 115 103 125 6 165 141 57 196 122 140 193 177 213 59 73 205 161 236 239 255 202 170 234 190 246 163 239 247 92 160 187 161 201 126 245 56 233 130 61 11 136 144 109 164 94 135 235 176 28 174 211 59 226 2 207 65 23 239 5 55 62 237 94 196 4 79 240 165 165 57 248 19 97 93 108 10 221 17 167 179 167 27 56 222 181 213 242 242 234 4 70 0
0 0 0 219 195 112 43 52 138 226 159 91 200 67 22 179 239 92 35 9 218 223 135 75 253 180 169 250 50 171 36 88 206 0 212 255 107 154 221 3 12 70 168 12 95 74 144 122 120 31 75 207 75 115 131 221 4 83 244 2 254 98 84 91 206 183 122 113 15 166 254 130 182 77 4 189 148 253 203 8 242 98 239 202 166 89 74 198 180 195 127 168 102 52 98 208 159 173 221 30 235 105 122 126 170 39 233 200 130 10 184 21 89 196 119 180 14 141 45 204 233 152 53 164 223 104 0 0
0 0 0 183 110 67 45 87 239 139 175 107 214 80 55 97 255 239 221 34 63 83 59 170 6 89 14 69 58 216 228 220 145 196 185 79 155 180 129 223 247 38 220 144 212 19 125 63 105 17 13 16 174 120 96 162 190 248 58 247 81 40 9 237 13 74 5 1 66 0 30 57 181 105 198 8 240 53 212 75 91 230 45 196 55 128 120 160 44 54 191 80 12 27 195 88 117 80 31 246 194 89 53 49 153 63 228 232 181 3 158 48 126 53 142 175 158 109 192 249 3 169 82 142 250 49 0 0
0 0 0 9 143 180 164 183 48 35 188 159 21 125 156 142 21 152 106 253 128 38 98 239 64 235 255 187 204 0 142 218 176 223 223 133 47 81 58 35 192 86 28 5 221 31 27 124 251 183 137 232 44 131 196 142 117 117 30 65 1 41 245 203 79 238 222 140 129 32 93 168 177 222 12 90 192 144 159 99 16 153 31 137 65 185 88 167 184 144 120 129 134 97 71 252 0 99 29 124 104 222 205 212 76 94 224 165 128 9 236 96 199 229 154 94 112 129 111 5 18 3 78 207 105 125 0 0
0 0 0 160 163 29 143 118 245 164 175 81 27 85 156 82 5 72 51 242 128 235 27 167 91 81 209 50 110 20 119 23 98 18 50 229 253 238 175 149 97 13 74 66 84 131 151 110 116 128 202 166 246 131 88 50 208 75 150 167 135 1 198 126 176 157 33 39 226 189 191 98 156 94 3 9 48 10 114 242 4 0 166 114 87 220 119 123 212 171 107 123 116 62 179 149 123 184 61 50 248 85 115 32 123 96 225 95 42 246 60 33 64 184 67 142 9 189 154 16 222 78 176 202 20 92 0 0
0 0 0 0 33 77 45 198 20 195 132 178 110 182 168 183 181 195 139 243 69 62 69 7 223 5 196 94 55 151 121 109 131 95 246 215 4 95 207 139 90 135 53 53 172 205 217 95 206 68 241 24 13 80 170 237 64 31 71 47 110 174 245 241 157 139 196 83 97 210 49 157 206 56 119 143 42 235 225 205 158 242 236 153 252 86 152 29 16 23 129 129 158 121 173 40 163 123 223 155 254 30 116 105 222 244 157 172 213 189 232 47 229 170 127 148 109 69 141 165 173 153 146 132 234 0 0 0
0 0 0 0 235 118 159 48 138 253 0 99 209 251 229 76 71 192 200 204 58 92 57 117 5 136 125 144 229 175 213 58 92 250 98 190 10 194 74 244 34 247 192 161 222 168 50 133 129 82 232 50 67 255 71 228 61 109 205 151 5 68 168 228 52 5 239 225 55 206 225 183 132 229 23 69 195 224 233 103 42 209 206 30 46 3 201 130 206 226 38 224 86 137 196 71 216 163 103 242 211 218 98 91 109 97 255 104 250 128 89 61 90 49 227 66 175 55 8 66 40 38 82 110 121 0 0 0
0 0 0 0 31 12 106 48 39 214 181 184 219 146 217 92 68 206 113 19 241 150 81 178 216 252 26 117 177 89 181 124 139 4 5 119 161 51 33 119 74 237 204 14 31 146 200 107 160 29 8 226 149 19 158 30 126 214 96 218 112 224 144 156 186 222 169 209 19 53 6 28 36 80 115 224 140 181 86 243 90 206 100 113 188 72 150 101 6 17 188 196 74 114 163 33 228 228 141 236 125 51 87 101 129 233 164 208 145 36 16 251 142 17 252 26 20 218 66 223 232 222 120 112 232 0 0 0
0 0 0 0 0 8 176 204 241 152 89 209 25 103 29 226 25 91 213 178 180 246 69 61 209 134 200 50 207 8 101 178 30 2 115 179 211 91 198 113 205 52 2 108 196 36 180 240 237 175 92 239 62 200 46 47 1 200 158 206 136 54 118 106 159 125 30 149 198 19 136 193 86 29 135 110 137 191 118 74 182 82 193 24 182 8 89 238 128 229 105 229 55 150 70 1 200 81 239 192 193 86 46 120 203 164 186 40 1 199 192 21 13 65 142 10 219 121 239 72 99 222 17 240 0 0 0 0
0 0 0 0 0 19 88 90 111 111 37 125 236 123 135 131 141 55 60 85 200 156 99 146 252 21 172 50 211 3 92 11 236 35 227 168 79 156 153 156 146 225 152 198 22 30 153 219 141 106 142 100 131 99 146 178 8 136 181 160 220 255 55 167 37 68 116 104 206 178 45 66 79 209 123 63 226 159 255 182 62 103 142 27 3 66 232 13 243 35 82 4 62 241 181 102 74 134 152 30 25 144 0 73 86 227 121 136 241 215 237 246 43 121 254 200 158 85 25 39 179 86 124 160 0 0 0 0
0 0 0 0 0 0 6 141 196 156 211 105 15 59 93 54 12 92 114 114 64 196 26 43 31 68 250 10 144 46 146 58 178 167 197 41 137 117 19 148 123 121 139 88 234 175 53 7 91 39 62 12 49 225 205 152 189 72 58 43 196 76 123 231 144 13 34 110 52 254 36 218 222 129 212 39 86 217 218 61 199 146 26 172 175 27 234 195 88 159 35 12 81 47 92 9 190 229 179 102 161 68 114 91 28 104 115 151 166 20 243 31 16 159 240 49 74 158 37 41 32 74 114 0 0 0 0 0
0 0 0 0 0 0 40 16 195 154 169 199 179 232 254 24 245 112 227 225 206 244 162 112 150 216 135 75 12 128 79 160 163 44 113 160 83 121 100 95 189 216 35 190 249 213 55 219 154 143 218 145 119 0 127 250 32 175 43 28 230 99 47 135 235 53 142 124 129 217 11 4 76 52 6 59 123 170 149 190 89 39 56 97 3 200 130 228 17 29 144 150 11 243 249 76 119 48 39 205 191 144 62 89 57 244 101 174 140 61 146 232 85 197 76 203 236 96 252 55 19 140 81 0 0 0 0 0
0 0 0 0 0 0 89 25 178 107 71 125 7 207 246 188 238 86 167 233 85 197 215 193 143 143 52 102 48 28 123 31 37 118 65 198 25 107 6 1 185 20 119 229 158 220 102 129 30 14 179 123 180 114 12 119 183 244 153 35 101 210 72 79 163 203 238 239 109 211 117 24 29 13 213 127 2 202 251 10 69 33 190 247 27 109 223 196 32 216 22 222 79 145 227 232 33 50 10 206 88 224 239 198 81 249 52 183 113 251 74 9 176 56 213 214 9 176 202 93 203 138 131 0 0 0 0 0
0 0 0 0 0 0 0 112 92 227 94 8 20 51 157 223 136 100 206 156 141 19 31 56 98 248 196 99 103 165 83 244 58 105 201 218 9 138 30 231 111 30 106 139 221 71 161 129 70 185 221 122 184 71 29 8 190 133 109 39 194 166 27 1 13 229 243 210 25 52 94 53 204 208 154 205 209 53 143 235 43 204 247 58 233 146 175 241 44 47 0 138 231 28 164 207 237 101 19 242 219 215 6 147 183 136 197 118 122 215 242 15 96 215 84 63 166 46 189 187 40 59 0 0 0 0 0 0
0 0 0 0 0 0 0 114 250 198 108 192 54 53 64 239 207 98 30 166 127 154 150 234 51 12 37 80 151 171 213 175 50 135 16 19 100 245 2 34 77 32 234 3 134 32 212 0 181 38 159 44 236 244 102 71 8 225 154 25 226 225 251 150 3 190 81 114 197 58 194 148 115 98 41 136 126 109 137 129 225 70 10 12 1 55 141 178 243 174 168 178 9 184 252 106 162 251 162 196 197 227 35 202 156 239 228 55 69 165 37 97 192 230 107 18 43 200 230 181 180 172 0 0 0 0 0 0
0 0 0 0 0 0 0 0 235 152 72 77 3 124 19 32 213 63 205 205 125 28 221 232 181 128 205 11 101 3 68 26 29 249 125 97 155 46 44 29 217 72 21 109 56 100 189 3 208 1 166 150 60 25 198 34 93 118 20 60 169 204 167 227 175 103 192 121 89 96 191 5 222 87 71 141 64 143 76 63 20 51 73 31 50 206 103 187 11 231 199 19 205 164 37 145 132 215 168 33 119 249 33 157 193 105 147 54 142 106 145 100 167 164 229 224 143 169 70 147 223 0 0 0 0 0 0 0
0 0 0 0 0 0 0 0 0 210 215 84 115 54 238 42 163 136 203 46 176 64 146 108 131 52 130 78 223 28 200 81 221 76 247 247 172 197 102 108 140 181 228 60 46 38 194 229 59 65 10 163 59 57 53 2 191 118 210 141 72 49 14 9 211 56 130 100 156 125 20 254 70 99 19 40 184 91 30 32 182 104 203 250 134 148 26 249 150 27 241 125 235 226 46 10 94 80 145 10 85 105 69 37 57 16 21 120 233 138 41 25 129 134 36 246 34 112 66 40 0 0 0 0 0 0 0 0
0 0 0 0 0 0 0 0 0 146 236 205 99 163 144 41 248 4 58 63 208 53 99 89 107 54 119 243 102 115 167 195 172 198 87 214 171 242 161 144 191 31 51 88 236 119 66 148 49 125 43 68 207 42 112 163 208 133 131 208 53 17 247 136 138 241 126 74 158 130 174 119 5 37 98 178 200 212 175 1 147 49 200 179 214 93 211 168 95 139 0 232 109 218 1 92 180 98 238 159 233 140 174 231 39 180 89 98 200 116 1 151 2 3 145 166 29 64 1 119 0 0 0 0 0 0 0 0
0 0 0 0 0 0 0 0 0 0 35 235 125 200 7 158 254 199 160 24 3 81 183 62 211 90 192 206 13 47 25 84 248 16 105 206 24 254 192 186 186 73 229 181 81 145 56 212 66 183 127 76 14 144 131 154 129 104 47 80 95 214 157 110 45 30 14 125 195 255 11 184 66 199 218 13 213 1 152 63 207 17 116 75 199 31 37 145 175 209 143 116 137 64 165 85 224 23 137 200 109 193 50 128 167 255 144 178 187 186 147 43 182 100 69 136 99 121 159 0 0 0 0 0 0 0 0 0
0 0 0 0 0 0 0 0 0 0 226 239 233 14 90 219 243 66 139 6 198 234 127 31 192 73 240 217 242 41 201 20 77 20 159 10 133 239 162 237 14 134 165 130 60 243 215 236 247 207 126 173 131 34 187 229 83 57 121 187 42 152 62 132 214 155 126 117 177 156 186 184 167 185 186 159 136 227 39 93 31 183 222 6 216 9 252 160 152 4 240 163 132 234 249 15 243 102 104 24 83 129 97 75 130 254 23 83 136 106 215 175 106 140 166 214 159 114 230 0 0 0 0 0 0 0 0 0
0 0 0 0 0 0 0 0 0 0 0 5 161 239 20 24 61 98 198 211 81 35 163 75 23 149 210 175 152 70 213 99 137 254 81 73 184 129 161 119 183 143 123 124 79 106 230 110 26 83 158 176 112 135 181 251 214 211 176 124 36 89 220 197 8 188 82 226 39 46 43 11 101 146 151 245 245 95 45 198 38 98 195 1 234 1 167 127 63 23 180 88 116 16 175 36 18 243 219 130 86 15 248 49 138 212 162 71 55 157 203 192 133 192 168 12 154 218 0 0 0 0 0 0 0 0 0 0
0 0 0 0 0 0 0 0 0 0 0 0 218 192 203 48 215 46 33 88 130 67 112 246 213 195 82 5 251 45 253 62 142 245 176 247 65 46 62 100 172 154 111 95 95 230 55 11 55 69 100 196 155 177 184 110 236 4 202 142 0 232 20 174 113 24 205 211 68 241 185 239 123 254 242 207 197 46 59 208 215 206 148 63 109 239 204 144 16 20 138 123 110 33 60 132 146 187 110 129 243 16 226 29 65 59 24 185 164 118 250 180 101 222 45 168 150 0 0 0 0 0 0 0 0 0 0 0
0 0 0 0 0 0 0 0 0 0 0 0 55 39 230 181 124 59 161 228 50 60 148 76 84 30 32 65 177 180 2 60 249 10 83 240 212 162 39 31 11 70 22 154 236 179 96 86 203 130 222 47 160 12 97 36 143 224 184 36 16 43 92 35 218 253 80 64 66 245 163 208 109 64 141 200 228 170 251 183 226 59 131 22 132 70 7 29 57 99 197 192 102 11 88 96 92 18 114 217 33 172 14 233 237 211 213 166 112 14 183 30 138 132 113 152 16 0 0 0 0 0 0 0 0 0 0 0
0 0 0 0 0 0 0 0 0 0 0 0 0 148 101 17 164 173 197 222 209 70 168 9 30 93 198 49 154 205 112 14 153 118 39 237 218 207 146 92 179 142 96 91 18 133 9 66 115 192 140 33 148 181 117 80 98 159 24 175 184 16 117 138 86 6 5 215 43 102 143 162 143 15 217 153 141 220 201 246 160 141 76 240 40 164 106 20 140 151 21 235 60 226 244 86 254 146 73 50 140 52 10 26 121 9 97 161 150 9 36 20 61 228 207 89 0 0 0 0 0 0 0 0 0 0 0 0
0 0 0 0 0 0 0 0 0 0 0 0 0 0 163 20 134 35 46 191 69 89 44 15 151 79 13 68 166 48 23 218 198 179 177 119 104 95 121 46 189 112 211 66 253 16 52 70 98 10 24 211 74 80 241 18 230 220 251 117 174 236 91 40 53 213 207 214 236 228 61 81 10 203 142 50 231 78 62 192 161 10 8 39 55 60 88 190 125 214 55 133 254 152 153 165 40 132 158 65 38 245 26 20 25 172 84 255 113 114 197 171 28 145 137 0 0 0 0 0 0 0 0 0 0 0 0 0
0 0 0 0 0 0 0 0 0 0 0 0 0 0 0 82 116 122 7 98 110 238 173 3 79 48 149 181 164 55 178 181 175 248 80 66 60 133 156 255 97 147 199 163 103 231 19 132 36 107 58 88 165 242 245 48 200 233 226 186 31 17 42 10 165 133 160 62 42 244 123 39 0 84 233 215 69 109 159 128 99 62 240 13 203 20 182 249 42 26 98 210 78 187 141 152 48 86 254 23 77 34 54 153 203 33 43 209 205 226 53 140 137 69 0 0 0 0 0 0 0 0 0 0 0 0 0 0
0 0 0 0 0 0 0 0 0 0 0 0 0 0 0 245 137 4 225 104 194 144 226 251 112 144 102 198 161 70 251 182 89 27 219 225 253 66 4 236 107 229 57 26 180 132 227 216 213 180 185 168 97 191 104 179 195 9 210 237 5 252 182 210 81 17 145 191 97 61 88 18 34 85 111 46 104 174 31 200 76 120 111 144 237 6 244 178 173 124 39 97 254 230 77 100 77 114 44 147 127 125 68 159 119 42 147 50 23 56 66 206 224 73 0 0 0 0 0 0 0 0 0 0 0 0 0 0
0 0 0 0 0 0 0 0 0 0 0 0 0 0 0 0 254 222 156 196 145 100 168 253 214 136 20 127 226 183 34 106 0 191 74 247 176 62 98 221 161 82 14 223 29 99 128 123 112 194 167 168 255 39 138 243 166 29 69 129 147 181 32 44 172 7 125 99 122 106 9 140 94 211 228 167 2 197 86 213 56 34 0 117 194 146 34 7 83 1 2 51 203 160 19 107 66 200 199 195 254 226 152 34 49 93 127 124 0 200 220 157 4 0 0 0 0 0 0 0 0 0 0 0 0 0 0 0
0 0 0 0 0 0 0 0 0 0 0 0 0 0 0 0 0 102 56 198 201 118 47 225 134 6 176 6 184 164 158 19 193 1 152 41 211 169 1 114 63 15 99 175 18 250 226 85 189 159 144 191 51 200 227 72 86 103 6 19 243 48 234 203 166 53 161 217 47 229 111 21 70 116 147 202 205 69 88 203 62 48 218 24 146 222 105 86 156 128 29 185 174 99 25 189 183 95 230 242 155 212 55 63 96 188 58 157 126 177 221 205 0 0 0 0 0 0 0 0 0 0 0 0 0 0 0 0
0 0 0 0 0 0 0 0 0 0 0 0 0 0 0 0 0 0 211 252 88 61 191 100 210 102 4 173 81 109 199 75 110 98 232 221 114 41 239 166 125 202 178 233 50 190 17 91 26 87 97 232 119 196 76 69 143 92 204 71 0 80 236 124 173 212 69 159 101 163 195 15 211 50 222 106 227 252 127 109 142 187 160 140 134 101 167 143 175 51 16 172 186 190 103 200 94 196 167 144 209 131 119 205 58 43 44 17 106 165 92 0 0 0 0 0 0 0 0 0 0 0 0 0 0 0 0 0
0 0 0 0 0 0 0 0 0 0 0 0 0 0 0 0 0 0 0 174 86 129 240 85 140 24 209 72 217 50 237 137 197 129 73 130 228 161 57 64 242 158 89 128 198 241 176 3 87 196 49 245 127 119 161 15 162 163 252 43 238 134 197 179 145 118 29 169 226 81 248 197 80 153 34 103 243 208 56 222 242 179 214 48 158 19 10 64 109 43 147 100 172 7 73 0 225 27 235 67 19 234 58 19 6 236 90 158 253 100 0 0 0 0 0 0 0 0 0 0 0 0 0 0 0 0 0 0
0 0 0 0 0 0 0 0 0 0 0 0 0 0 0 0 0 0 0 0 230 154 32 23 32 12 56 115 97 124 90 26 214 230 24 151 123 231 222 173 44 112 211 222 248 80 93 194 111 126 115 77 57 179 11 200 114 1 36 97 123 180 193 56 144 12 2 123 148 166 212 105 205 75 72 107 8 37 18 115 203 22 51 153 232 104 141 36 189 50 214 30 247 28 192 99 29 75 198 129 137 81 109 4 168 16 245 3 7 0 0 0 0 0 0 0 0 0 0 0 0 0 0 0 0 0 0 0
0 0 0 0 0 0 0 0 0 0 0 0 0 0 0 0 0 0 0 0 0 225 117 176 60 199 182 20 162 90 25 10 33 236 179 55 197 22 48 134 113 199 114 39 155 79 144 112 54 106 177 106 155 76 223 222 32 214 148 110 142 44 110 204 5 213 235 17 243 146 28 77 135 45 203 141 206 66 234 37 34 60 77 13 48 191 199 57 90 172 71 53 159 216 158 53 119 104 46 248 25 117 162 252 31 105 215 62 0 0 0 0 0 0 0 0 0 0 0 0 0 0 0 0 0 0 0 0
0 0 0 0 0 0 0 0 0 0 0 0 0 0 0 0 0 0 0 0 0 0 135 60 197 42 232 74 111 172 189 38 154 63 202 21 193 202 226 177 75 146 8 206 197 151 251 47 189 114 63 171 225 136 1 57 19 190 101 231 203 123 100 121 116 65 21 133 228 117 33 215 122 241 160 107 156 148 132 207 165 86 189 64 89 192 104 250 201 238 20 235 48 101 124 69 113 253 232 247 30 18 205 69 120 172 55 0 0 0 0 0 0 0 0 0 0 0 0 0 0 0 0 0 0 0 0 0
0 0 0 0 0 0 0 0 0 0 0 0 0 0 0 0 0 0 0 0 0 0 0 41 51 197 251 21 219 84 115 130 72 118 156 39 129 116 243 149 241 46 64 65 35 139 183 61 224 232 172 163 252 43 188 212 59 146 158 194 232 201 190 115 232 38 123 9 251 172 155 142 125 73 199 63 55 17 190 240 2 131 74 107 199 180 217 51 73 89 250 34 230 197 228 246 171 39 106 236 241 129 22 38 73 131 0 0 0 0 0 0 0 0 0 0 0 0 0 0 0 0 0 0 0 0 0 0
0 0 0 0 0 0 0 0 0 0 0 0 0 0 0 0 0 0 0 0 0 0 0 0 0 96 117 13 5 159 166 139 83 6 241 209 56 186 203 71 9 107 187 193 199 181 100 114 163 207 184 149 3 78 55 132 156 20 196 189 104 191 135 18 168 125 245 35 190 132 193 211 222 213 32 24 189 184 162 22 155 61 204 13 191 32 139 9 58 23 232 95 220 235 251 172 29 156 55 227 199 152 158 28 0 0 0 0 0 0 0 0 0 0 0 0 0 0 0 0 0 0 0 0 0 0 0 0
0 0 0 0 0 0 0 0 0 0 0 0 0 0 0 0 0 0 0 0 0 0 0 0 0 0 200 186 182 32 22 71 37 221 129 66 234 195 115 71 241 180 181 69 230 236 196 46 75 145 178 87 140 236 102 210 11 151 123 88 63 185 228 179 95 69 104 214 130 79 202 179 30 236 123 189 138 192 32 75 71 43 252 171 172 210 161 130 138 91 181 114 121 64 177 37 180 144 94 240 23 110 16 0 0 0 0 0 0 0 0 0 0 0 0 0 0 0 0 0 0 0 0 0 0 0 0 0
0 0 0 0 0 0 0 0 0 0 0 0 0 0 0 0 0 0 0 0 0 0 0 0 0 0 0 235 205 125 160 42 90 244 93 193 117 85 50 33 173 26 165 120 26 111 98 63 64 147 177 56 50 79 60 54 123 70 133 129 214 34 253 8 139 254 118 232 191 81 28 204 210 10 36 78 103 19 240 75 60 107 167 195 85 10 245 192 142 92 14 205 9 220 241 51 90 140 43 207 134 133 0 0 0 0 0 0 0 0 0 0 0 0 0 0 0 0 0 0 0 0 0 0 0 0 0 0
0 0 0 0 0 0 0 0 0 0 0 0 0 0 0 0 0 0 0 0 0 0 0 0 0 0 0 0 0 175 158 179 66 78 12 92 228 64 196 93 217 222 47 54 235 190 104 34 6 14 246 79 174 153 202 71 143 185 30 79 241 118 100 27 81 253 86 79 18 58 69 9 237 93 153 98 246 120 45 68 170 46 22 64 182 72 129 88 181 63 111 19 194 130 121 81 98 129 36 69 0 0 0 0 0 0 0 0 0 0 0 0 0 0 0 0 0 0 0 0 0 0 0 0 0 0 0 0
0 0 0 0 0 0 0 0 0 0 0 0 0 0 0 0 0 0 0 0 0 0 0 0 0 0 0 0 0 0 67 251 12 18 201 164 39 18 51 190 165 246 0 176 188 220 33 15 209 114 100 8 42 158 255 56 172 189 199 137 83 9 101 138 22 147 44 121 115 128 192 186 105 88 162 151 154 196 105 177 30 92 26 138 105 71 110 194 79 31 171 124 126 47 136 233 5 159 237 0 0 0 0 0 0 0 0 0 0 0 0 0 0 0 0 0 0 0 0 0 0 0 0 0 0 0 0 0
0 0 0 0 0 0 0 0 0 0 0 0 0 0 0 0 0 0 0 0 0 0 0 0 0 0 0 0 0 0 0 0 58 233 66 92 2 74 207 1 19 190 29 65 6 31 92 197 46 45 113 218 200 143 126 72 206 71 3 234 221 180 244 100 125 58 218 221 36 63 155 203 235 167 235 204 238 18 156 183 120 241 6 42 156 8 86 1 244 207 168 119 61 217 200 41 88 0 0 0 0 0 0 0 0 0 0 0 0 0 0 0 0 0 0 0 0 0 0 0 0 0 0 0 0 0 0 0
0 0 0 0 0 0 0 0 0 0 0 0 0 0 0 0 0 0 0 0 0 0 0 0 0 0 0 0 0 0 0 0 0 0 51 31 93 113 100 163 3 112 143 235 86 162 151 112 212 108 147 16 239 135 85 3 28 179 187 250 142 113 220 104 131 219 85 212 162 131 247 90 104 153 174 11 119 248 68 236 216 139 108 198 94 151 207 129 150 250 148 82 85 107 116 0 0 0 0 0 0 0 0 0 0 0 0 0 0 0 0 0 0 0 0 0 0 0 0 0 0 0 0 0 0 0 0 0
0 0 0 0 0 0 0 0 0 0 0 0 0 0 0 0 0 0 0 0 0 0 0 0 0 0 0 0 0 0 0 0 0 0 0 27 190 6 97 169 215 124 46 33 189 236 254 16 72 43 28 10 145 97 72 17 40 72 175 57 209 238 84 116 175 176 7 96 155 88 251 8 185 112 173 63 150 34 49 248 27 86 212 223 225 13 77 201 148 246 52 75 71 243 0 0 0 0 0 0 0 0 0 0 0 0 0 0 0 0 0 0 0 0 0 0 0 0 0 0 0 0 0 0 0 0 0 0
0 0 0 0 0 0 0 0 0 0 0 0 0 0 0 0 0 0 0 0 0 0 0 0 0 0 0 0 0 0 0 0 0 0 0 0 0 47 9 131 180 123 47 61 244 221 95 120 245 234 7 213 55 58 178 96 54 112 116 68 229 225 47 215 212 73 121 131 229 13 226 4 99 25 141 123 107 80 104 29 157 78 255 242 85 237 216 4 108 6 200 206 0 0 0 0 0 0 0 0 0 0 0 0 0 0 0 0 0 0 0 0 0 0 0 0 0 0 0 0 0 0 0 0 0 0 0 0
0 0 0 0 0 0 0 0 0 0 0 0 0 0 0 0 0 0 0 0 0 0 0 0 0 0 0 0 0 0 0 0 0 0 0 0 0 0 0 0 73 126 234 34 61 67 111 11 151 183 50 80 8 114 51 103 149 114 128 209 23 144 146 13 142 96 150 63 248 162 246 80 143 52 98 66 172 191 209 225 12 120 89 52 214 77 103 116 33 0 0 0 0 0 0 0 0 0 0 0 0 0 0 0 0 0 0 0 0 0 0 0 0 0 0 0 0 0 0 0 0 0 0 0 0 0 0 0
0 0 0 0 0 0 0 0 0 0 0 0 0 0 0 0 0 0 0 0 0 0 0 0 0 0 0 0 0 0 0 0 0 0 0 0 0 0 0 0 0 0 131 1 146 218 102 30 83 39 115 170 157 121 86 163 161 203 103 74 212 7 81 32 139 61 99 84 148 26 206 243 47 92 174 45 58 131 192 54 87 161 5 19 64 200 251 0 0 0 0 0 0 0 0 0 0 0 0 0 0 0 0 0 0 0 0 0 0 0 0 0 0 0 0 0 0 0 0 0 0 0 0 0 0 0 0 0
0 0 0 0 0 0 0 0 0 0 0 0 0 0 0 0 0 0 0 0 0 0 0 0 0 0 0 0 0 0 0 0 0 0 0 0 0 0 0 0 0 0 0 0 0 255 116 210 139 79 141 77 110 126 144 145 33 51 101 183 96 230 44 48 201 22 162 69 110 61 186 51 212 204 166 38 214 0 0 142 123 39 35 214 0 0 0 0 0 0 0 0 0 0 0 0 0 0 0 0 0 0 0 0 0 0 0 0 0 0 0 0 0 0 0 0 0 0 0 0 0 0 0 0 0 0 0 0
0 0 0 0 0 0 0 0 0 0 0 0 0 0 0 0 0 0 0 0 0 0 0 0 0 0 0 0 0 0 0 0 0 0 0 0 0 0 0 0 0 0 0 0 0 0 0 0 0 143 137 240 206 67 196 113 112 31 155 17 120 230 227 80 81 131 28 210 96 169 48 127 55 125 49 149 56 80 163 174 0 0 0 0 0 0 0 0 0 0 0 0 0 0 0 0 0 0 0 0 0 0 0 0 0 0 0 0 0 0 0 0 0 0 0 0 0 0 0 0 0 0 0 0 0 0 0 0
0 0 0 0 0 0 0 0 0 0 0 0 0 0 0 0 0 0 0 0 0 0 0 0 0 0 0 0 0 0 0 0 0 0 0 0 0 0 0 0 0 0 0 0 0 0 0 0 0 0 0 0 0 86 30 144 108 74 5 3 34 34 62 131 96 245 182 116 162 253 34 4 192 73 190 155 0 0 0 0 0 0 0 0 0 0 0 0 0 0 0 0 0 0 0 0 0 0 0 0 0 0 0 0 0 0 0 0 0 0 0 0 0 0 0 0 0 0 0 0 0 0 0 0 0 0 0 0
