128
0 0 0 0 0 0 0 0 0 0 0 0 0 0 0 0 0 0 0 0 0 0 0 0 0 0 0 0 0 0 0 0 0 0 0 0 0 0 0 0 0 0 0 0 0 0 0 0 0 0 0 0 0 0 0 0 0 0 0 0 0 0 0 0 64 0 0 0 0 0 0 0 0 0 0 0 0 0 0 0 0 0 0 0 0 0 0 0 0 0 0 0 0 0 0 0 0 0 0 0 0 0 0 0 0 0 0 0 0 0 0 0 0 0 0 0 0 0 0 0 0 0 0 0 0 0 0 0
0 0 0 0 0 0 0 0 0 0 0 0 0 0 0 0 0 0 0 0 0 0 0 0 0 0 0 0 0 0 0 0 0 0 0 0 0 0 0 0 0 0 0 0 0 0 0 0 0 0 0 0 0 146 188 6 88 58 54 72 252 67 247 71 158 238 176 178 211 221 133 14 73 152 46 1 0 0 0 0 0 0 0 0 0 0 0 0 0 0 0 0 0 0 0 0 0 0 0 0 0 0 0 0 0 0 0 0 0 0 0 0 0 0 0 0 0 0 0 0 0 0 0 0 0 0 0 0
0 0 0 0 0 0 0 0 0 0 0 0 0 0 0 0 0 0 0 0 0 0 0 0 0 0 0 0 0 0 0 0 0 0 0 0 0 0 0 0 0 0 0 0 0 0 0 0 0 42 11 96 120 169 126 135 119 37 242 99 179 222 167 117 101 211 153 101 130 235 103 66 244 15 131 56 90 89 122 99 0 0 0 0 0 0 0 0 0 0 0 0 0 0 0 0 0 0 0 0 0 0 0 0 0 0 0 0 0 0 0 0 0 0 0 0 0 0 0 0 0 0 0 0 0 0 0 0
0 0 0 0 0 0 0 0 0 0 0 0 0 0 0 0 0 0 0 0 0 0 0 0 0 0 0 0 0 0 0 0 0 0 0 0 0 0 0 0 0 0 0 0 0 27 234 68 13 111 252 162 254 246 131 78 43 65 7 255 191 71 165 104 78 108 169 11 201 37 81 45 55 254 153 76 114 80 173 121 13 184 0 15 0 0 0 0 0 0 0 0 0 0 0 0 0 0 0 0 0 0 0 0 0 0 0 0 0 0 0 0 0 0 0 0 0 0 0 0 0 0 0 0 0 0 0 0
0 0 0 0 0 0 0 0 0 0 0 0 0 0 0 0 0 0 0 0 0 0 0 0 0 0 0 0 0 0 0 0 0 0 0 0 0 0 0 0 0 0 126 161 186 226 2 102 73 186 175 69 112 216 115 188 157 171 38 181 219 170 25 249 196 49 227 120 10 39 24 213 213 25 52 111 19 131 164 171 50 41 216 137 11 117 124 0 0 0 0 0 0 0 0 0 0 0 0 0 0 0 0 0 0 0 0 0 0 0 0 0 0 0 0 0 0 0 0 0 0 0 0 0 0 0 0 0
0 0 0 0 0 0 0 0 0 0 0 0 0 0 0 0 0 0 0 0 0 0 0 0 0 0 0 0 0 0 0 0 0 0 0 0 0 0 0 0 31 213 221 200 104 47 241 156 225 187 129 206 193 28 207 67 14 33 214 82 69 229 84 86 152 237 100 27 56 184 183 222 80 171 66 200 141 18 29 204 84 147 57 243 183 186 129 62 230 0 0 0 0 0 0 0 0 0 0 0 0 0 0 0 0 0 0 0 0 0 0 0 0 0 0 0 0 0 0 0 0 0 0 0 0 0 0 0
0 0 0 0 0 0 0 0 0 0 0 0 0 0 0 0 0 0 0 0 0 0 0 0 0 0 0 0 0 0 0 0 0 0 0 0 0 64 24 27 103 108 66 180 184 158 29 123 200 13 241 29 77 21 84 220 68 186 30 81 118 129 235 62 193 221 153 203 145 185 168 104 145 212 170 20 133 10 252 8 135 159 2 64 219 11 248 33 165 219 138 199 0 0 0 0 0 0 0 0 0 0 0 0 0 0 0 0 0 0 0 0 0 0 0 0 0 0 0 0 0 0 0 0 0 0 0 0
0 0 0 0 0 0 0 0 0 0 0 0 0 0 0 0 0 0 0 0 0 0 0 0 0 0 0 0 0 0 0 0 0 0 0 220 160 26 31 141 126 209 68 54 153 62 30 19 62 247 78 113 229 49 60 214 199 63 246 161 250 254 64 13 227 46 61 221 192 215 58 165 100 179 242 197 117 141 82 114 219 30 2 80 136 197 28 252 248 133 172 13 40 148 0 0 0 0 0 0 0 0 0 0 0 0 0 0 0 0 0 0 0 0 0 0 0 0 0 0 0 0 0 0 0 0 0 0
0 0 0 0 0 0 0 0 0 0 0 0 0 0 0 0 0 0 0 0 0 0 0 0 0 0 0 0 0 0 0 0 0 0 188 144 160 68 208 237 167 86 130 143 77 108 134 142 217 44 146 221 101 116 23 236 111 51 71 68 203 29 109 49 124 107 53 191 140 45 235 204 231 239 220 85 255 164 242 247 176 200 58 72 133 47 86 215 255 243 83 11 172 201 15 0 0 0 0 0 0 0 0 0 0 0 0 0 0 0 0 0 0 0 0 0 0 0 0 0 0 0 0 0 0 0 0 0
0 0 0 0 0 0 0 0 0 0 0 0 0 0 0 0 0 0 0 0 0 0 0 0 0 0 0 0 0 0 0 0 11 59 141 221 127 36 104 177 70 114 95 231 28 129 137 99 24 238 28 75 32 105 61 125 110 164 214 19 2 150 34 54 248 113 43 187 163 12 129 229 42 234 51 38 225 99 198 175 238 32 158 148 131 180 51 131 241 193 230 6 171 240 125 66 182 0 0 0 0 0 0 0 0 0 0 0 0 0 0 0 0 0 0 0 0 0 0 0 0 0 0 0 0 0 0 0
0 0 0 0 0 0 0 0 0 0 0 0 0 0 0 0 0 0 0 0 0 0 0 0 0 0 0 0 0 0 6 202 105 188 250 41 95 219 46 233 237 243 155 88 246 252 41 207 35 241 146 104 206 250 155 228 29 156 148 216 173 164 169 45 65 222 10 165 13 193 137 116 233 52 102 116 144 168 178 58 153 193 32 143 33 102 11 114 46 122 222 217 121 70 130 70 177 232 171 0 0 0 0 0 0 0 0 0 0 0 0 0 0 0 0 0 0 0 0 0 0 0 0 0 0 0 0 0
0 0 0 0 0 0 0 0 0 0 0 0 0 0 0 0 0 0 0 0 0 0 0 0 0 0 0 0 0 144 208 121 119 174 239 94 90 177 69 54 238 170 190 228 134 147 75 184 134 132 167 77 21 103 236 137 196 70 6 216 134 173 9 153 12 198 141 41 78 7 116 77 14 67 255 110 139 126 203 104 124 194 115 62 196 251 49 9 220 255 197 139 88 87 153 219 233 194 210 75 0 0 0 0 0 0 0 0 0 0 0 0 0 0 0 0 0 0 0 0 0 0 0 0 0 0 0 0
0 0 0 0 0 0 0 0 0 0 0 0 0 0 0 0 0 0 0 0 0 0 0 0 0 0 0 192 69 244 200 49 173 111 175 238 29 243 166 144 126 14 62 167 42 123 126 15 199 212 2 74 122 78 106 165 8 75 133 117 59 140 173 106 124 162 32 36 78 145 64 60 11 127 128 179 22 87 175 72 246 66 254 198 125 74 161 231 217 196 115 69 116 80 156 10 224 228 101 46 7 205 0 0 0 0 0 0 0 0 0 0 0 0 0 0 0 0 0 0 0 0 0 0 0 0 0 0
0 0 0 0 0 0 0 0 0 0 0 0 0 0 0 0 0 0 0 0 0 0 0 0 0 0 163 143 143 68 184 211 200 29 213 137 199 143 127 41 231 46 22 181 42 140 58 185 199 240 46 180 164 69 65 145 220 124 13 65 3 200 209 79 199 253 49 88 7 231 160 201 32 245 250 13 109 138 23 131 176 141 197 206 186 211 135 217 237 65 249 87 121 251 210 152 169 20 129 162 28 168 235 0 0 0 0 0 0 0 0 0 0 0 0 0 0 0 0 0 0 0 0 0 0 0 0 0
0 0 0 0 0 0 0 0 0 0 0 0 0 0 0 0 0 0 0 0 0 0 0 0 0 212 210 105 114 176 31 72 0 181 37 218 199 1 181 183 133 143 22 227 119 126 17 200 46 39 179 24 56 162 74 110 219 250 27 245 185 148 73 203 88 208 17 63 17 110 253 167 71 25 157 103 25 120 192 3 221 0 78 53 231 114 109 160 123 98 89 137 5 176 250 24 26 181 168 193 186 207 100 183 0 0 0 0 0 0 0 0 0 0 0 0 0 0 0 0 0 0 0 0 0 0 0 0
0 0 0 0 0 0 0 0 0 0 0 0 0 0 0 0 0 0 0 0 0 0 0 141 96 124 123 26 46 111 18 38 224 55 154 202 218 155 162 237 195 68 12 250 37 205 81 209 199 63 198 145 241 65 156 186 178 66 40 166 171 122 17 245 206 142 170 216 106 193 17 172 93 173 39 64 133 176 43 97 60 124 108 48 31 29 121 40 133 160 11 239 90 117 155 80 163 230 211 82 144 243 213 23 20 21 0 0 0 0 0 0 0 0 0 0 0 0 0 0 0 0 0 0 0 0 0 0
0 0 0 0 0 0 0 0 0 0 0 0 0 0 0 0 0 0 0 0 0 0 219 55 141 81 8 222 41 36 178 107 203 1 62 99 240 56 0 25 52 92 102 112 246 251 51 116 113 144 212 244 75 192 67 109 152 99 154 153 137 207 176 123 246 170 148 206 113 54 115 11 121 192 175 223 26 39 74 24 65 10 158 120 134 83 95 209 161 90 31 88 223 80 182 210 235 170 29 49 253 92 149 34 116 202 98 0 0 0 0 0 0 0 0 0 0 0 0 0 0 0 0 0 0 0 0 0
0 0 0 0 0 0 0 0 0 0 0 0 0 0 0 0 0 0 0 0 0 92 91 106 70 18 19 95 34 224 101 1 188 230 176 43 158 86 93 0 212 72 232 80 159 252 167 154 72 34 151 230 195 151 235 217 73 153 44 9 89 95 218 235 224 250 125 136 201 31 96 234 204 194 184 113 197 36 139 203 203 229 111 239 123 141 96 49 13 194 247 142 225 34 4 214 98 221 33 108 65 169 224 11 158 45 51 6 0 0 0 0 0 0 0 0 0 0 0 0 0 0 0 0 0 0 0 0
0 0 0 0 0 0 0 0 0 0 0 0 0 0 0 0 0 0 0 0 152 68 43 180 208 153 96 177 109 194 75 194 125 35 218 162 93 58 192 203 149 116 142 64 124 91 45 253 170 0 138 233 73 225 158 97 241 94 68 9 117 51 20 23 71 156 154 12 159 65 49 88 202 172 186 6 7 5 248 111 0 204 11 115 243 18 194 165 15 229 71 92 95 97 92 79 250 209 121 97 180 206 171 239 76 102 61 24 79 0 0 0 0 0 0 0 0 0 0 0 0 0 0 0 0 0 0 0
0 0 0 0 0 0 0 0 0 0 0 0 0 0 0 0 0 0 0 204 63 176 150 120 83 207 3 95 91 79 5 222 118 1 102 112 34 139 126 227 165 22 35 91 195 68 107 124 40 15 190 60 135 119 134 82 55 162 193 29 82 97 255 200 137 63 239 235 138 142 50 129 159 188 178 50 250 35 88 100 163 66 138 81 207 174 220 59 239 182 2 47 47 80 136 147 115 251 122 124 237 17 242 144 149 11 9 126 244 64 0 0 0 0 0 0 0 0 0 0 0 0 0 0 0 0 0 0
0 0 0 0 0 0 0 0 0 0 0 0 0 0 0 0 0 0 93 179 75 60 88 169 177 244 63 40 68 50 218 197 217 201 242 129 232 254 62 122 245 233 4 4 75 171 63 169 93 113 1 87 203 235 224 31 235 226 126 12 99 47 132 252 91 254 207 152 255 149 140 81 44 7 6 224 243 229 186 26 192 41 192 208 249 122 205 161 144 221 80 138 252 184 247 73 107 128 200 23 179 215 150 254 106 132 85 38 12 199 121 0 0 0 0 0 0 0 0 0 0 0 0 0 0 0 0 0
0 0 0 0 0 0 0 0 0 0 0 0 0 0 0 0 0 125 192 170 63 54 154 133 245 5 88 176 12 219 141 22 174 201 203 196 193 235 96 58 188 8 225 74 110 14 201 205 160 31 220 199 241 220 36 95 36 129 208 128 248 106 51 16 78 175 220 138 146 192 127 202 190 43 64 77 103 207 33 243 156 47 188 119 176 71 183 169 58 184 45 102 121 250 221 50 142 128 236 229 74 233 144 221 189 130 13 250 244 244 249 216 0 0 0 0 0 0 0 0 0 0 0 0 0 0 0 0
0 0 0 0 0 0 0 0 0 0 0 0 0 0 0 0 65 113 91 215 40 94 229 197 208 244 151 18 216 64 238 228 194 133 139 59 65 86 209 186 120 51 232 82 146 69 125 100 59 184 142 94 103 237 140 81 234 106 16 196 175 245 193 60 68 90 75 177 151 131 16 230 54 244 226 42 96 58 202 6 152 101 83 147 142 60 226 95 15 185 125 47 245 222 242 64 29 78 36 182 35 63 32 121 37 140 66 18 135 108 250 18 22 0 0 0 0 0 0 0 0 0 0 0 0 0 0 0
0 0 0 0 0 0 0 0 0 0 0 0 0 0 0 179 70 55 202 59 255 30 129 3 78 47 126 153 97 197 112 186 93 98 153 253 169 154 247 225 182 241 157 210 47 198 72 212 74 43 157 76 71 167 72 40 22 75 229 191 204 97 20 46 183 219 38 60 234 39 112 103 209 236 31 79 44 176 237 8 157 206 241 246 231 254 243 93 229 130 152 166 86 71 134 198 49 228 242 254 253 113 43 124 252 31 77 147 64 98 17 112 101 101 0 0 0 0 0 0 0 0 0 0 0 0 0 0
0 0 0 0 0 0 0 0 0 0 0 0 0 0 0 199 196 139 40 141 11 159 4 96 13 237 24 120 204 143 38 62 74 10 148 51 157 245 119 43 119 22 198 91 220 11 232 216 123 114 231 214 108 149 51 178 168 91 231 148 10 0 231 62 59 169 36 110 234 248 201 130 246 53 184 227 102 156 91 15 50 33 99 159 42 107 85 66 235 193 46 66 49 126 128 79 103 80 52 170 61 134 197 128 194 149 51 138 183 238 114 218 102 37 0 0 0 0 0 0 0 0 0 0 0 0 0 0
0 0 0 0 0 0 0 0 0 0 0 0 0 0 19 197 162 169 85 69 179 39 253 230 116 13 76 242 233 142 168 12 142 206 139 135 164 210 200 52 210 205 20 247 28 41 174 115 29 182 93 46 100 144 183 97 210 161 212 124 212 101 206 254 224 96 2 68 90 218 211 43 57 120 150 144 35 101 170 93 143 180 50 45 245 112 45 16 215 42 45 26 151 215 177 50 53 168 179 104 162 166 106 91 23 140 31 201 109 213 18 21 117 104 101 0 0 0 0 0 0 0 0 0 0 0 0 0
0 0 0 0 0 0 0 0 0 0 0 0 0 51 1 124 67 201 30 191 122 66 113 102 25 147 177 244 237 94 206 102 79 119 86 88 205 241 244 143 147 245 209 190 168 119 38 55 189 252 243 170 23 119 95 168 9 92 242 34 215 236 126 232 136 166 192 93 163 162 56 205 215 38 9 211 134 102 27 63 83 1 174 89 118 217 88 71 46 120 42 147 40 139 130 79 22 202 187 51 112 248 137 91 212 189 117 111 128 184 84 76 147 18 8 96 0 0 0 0 0 0 0 0 0 0 0 0
0 0 0 0 0 0 0 0 0 0 0 0 99 172 171 53 32 192 249 112 112 107 118 24 59 218 1 197 129 71 107 72 30 145 253 165 90 93 42 92 144 63 196 2 193 71 160 158 63 240 69 116 23 159 7 12 80 130 104 187 8 10 91 252 246 152 200 4 119 100 146 80 232 155 60 112 247 229 152 110 1 206 169 16 108 238 216 81 156 60 236 18 14 146 221 169 32 146 87 57 51 25 176 166 63 75 49 216 140 126 87 191 215 148 26 11 188 0 0 0 0 0 0 0 0 0 0 0
0 0 0 0 0 0 0 0 0 0 0 0 24 100 60 249 95 2 163 167 188 15 184 9 105 217 255 48 12 91 113 25 43 237 64 250 111 48 131 204 216 71 204 118 249 229 9 255 214 30 176 237 226 120 155 71 165 248 119 51 41 179 104 178 250 215 74 205 91 158 227 13 149 122 166 97 29 138 29 21 222 18 164 239 57 56 201 181 249 90 120 137 68 187 211 169 103 103 3 207 152 7 159 229 181 156 61 202 84 120 160 179 178 230 124 73 183 0 0 0 0 0 0 0 0 0 0 0
0 0 0 0 0 0 0 0 0 0 0 125 188 190 38 178 62 166 163 49 201 240 43 153 98 129 143 164 90 251 44 184 186 215 131 42 145 248 153 142 182 183 61 92 33 162 71 209 117 13 72 203 245 5 191 18 8 126 154 17 105 0 150 161 73 3 163 186 101 28 249 232 1 67 209 72 134 216 165 9 11 203 52 160 237 133 79 251 143 129 240 71 218 249 244 143 181 160 227 79 225 156 61 162 167 215 164 38 243 170 74 61 24 63 73 218 235 23 0 0 0 0 0 0 0 0 0 0
0 0 0 0 0 0 0 0 0 0 183 12 238 205 105 35 41 128 90 82 218 2 246 242 20 96 53 59 89 152 182 143 241 117 127 31 117 195 157 159 212 43 207 251 226 237 129 116 37 24 216 44 90 196 15 53 173 14 112 99 15 82 21 84 104 57 166 60 150 72 60 185 91 213 63 230 162 87 106 95 82 159 80 151 136 189 116 88 97 226 4 7 124 37 217 174 63 194 168 248 39 159 69 60 122 209 211 0 213 40 110 230 90 59 62 20 142 132 88 0 0 0 0 0 0 0 0 0
0 0 0 0 0 0 0 0 0 0 109 83 42 128 192 72 123 151 200 240 188 93 34 241 6 201 71 61 113 114 96 101 81 54 230 174 170 247 189 76 11 246 139 125 60 68 3 17 216 59 200 56 73 11 135 90 214 187 57 49 39 50 248 184 240 69 23 54 132 12 49 19 218 81 59 72 37 224 157 196 202 11 143 221 230 62 29 164 181 78 100 246 165 187 132 39 127 208 231 101 185 220 79 106 69 185 199 130 87 110 229 60 14 189 43 194 229 181 97 0 0 0 0 0 0 0 0 0
0 0 0 0 0 0 0 0 0 133 39 11 61 195 110 143 81 229 239 154 245 82 87 203 248 203 99 98 57 138 48 199 40 19 31 42 17 7 37 152 119 68 220 40 47 167 53 8 158 238 93 6 21 7 214 90 206 191 70 235 1 30 91 207 77 208 214 70 116 138 4 82 234 180 150 203 78 238 92 252 78 122 242 167 183 185 54 204 17 224 227 114 159 167 77 166 82 112 26 221 149 224 193 139 137 53 198 126 141 223 105 253 33 56 238 253 183 131 121 153 0 0 0 0 0 0 0 0
0 0 0 0 0 0 0 0 0 86 8 50 226 74 228 104 245 63 146 164 59 187 75 11 183 225 184 213 117 125 212 167 192 39 17 118 51 38 12 49 15 148 163 235 199 3 47 7 166 4 253 162 2 153 133 143 194 50 22 119 154 209 241 252 152 10 198 73 192 216 241 26 206 88 56 65 48 48 124 164 93 233 116 116 59 254 189 178 27 134 26 221 44 166 8 200 26 71 213 62 86 209 3 187 2 106 206 225 12 9 231 200 26 28 69 109 210 168 37 173 0 0 0 0 0 0 0 0
0 0 0 0 0 0 0 0 166 133 125 67 144 141 227 106 97 161 121 4 155 181 59 119 105 27 8 78 198 149 208 99 54 84 37 6 154 213 132 1 6 141 162 198 18 166 243 92 226 86 128 250 43 143 227 233 195 222 21 109 244 203 160 215 145 178 234 41 192 14 3 124 51 176 75 122 146 23 133 73 244 192 60 3 68 171 114 53 51 155 58 239 174 65 80 191 253 166 230 6 136 110 228 101 0 161 40 139 214 166 6 163 197 211 251 64 178 205 252 235 215 0 0 0 0 0 0 0
0 0 0 0 0 0 0 232 191 25 133 190 104 205 116 199 26 53 158 162 24 208 224 145 235 164 63 228 129 122 182 166 252 19 210 165 242 31 56 23 163 188 77 104 142 107 120 100 49 129 110 179 176 28 241 156 167 134 27 92 171 129 197 1 24 241 228 33 0 16 204 242 87 46 162 104 74 120 138 48 55 152 241 103 100 32 148 174 117 192 171 136 212 60 90 104 62 39 208 227 38 45 23 179 179 96 175 95 137 87 19 184 66 176 73 45 133 248 6 225 78 6 0 0 0 0 0 0
0 0 0 0 0 0 0 145 71 128 150 50 121 59 115 220 244 122 22 22 174 166 187 129 135 98 203 80 210 170 94 104 229 70 116 67 253 81 50 225 171 203 33 34 220 56 12 197 90 11 11 210 159 184 67 73 205 134 228 93 81 53 126 202 220 147 55 85 156 178 137 39 106 33 146 233 7 88 176 116 78 14 9 252 232 46 5 31 151 153 47 210 168 159 128 70 163 195 57 199 126 238 19 53 90 109 20 73 228 107 103 223 210 139 183 1 53 17 56 35 114 243 0 0 0 0 0 0
0 0 0 0 0 0 19 118 7 127 89 242 196 250 204 202 250 207 219 231 70 130 222 0 52 228 200 42 216 233 163 132 45 129 214 66 248 120 138 111 117 48 181 178 109 85 78 54 47 167 114 243 137 100 173 111 224 225 29 7 115 4 85 49 249 199 107 169 156 151 242 163 120 29 18 131 254 167 173 30 101 202 14 141 109 8 246 29 196 87 69 162 214 223 148 62 141 58 93 108 59 254 64 38 75 156 238 232 183 58 204 101 34 219 99 189 71 79 2 13 254 143 19 0 0 0 0 0
0 0 0 0 0 0 222 66 206 155 189 151 153 166 243 217 132 2 165 90 10 69 126 190 238 120 80 253 231 199 25 191 242 212 34 10 212 19 112 228 83 75 123 86 228 73 83 27 59 61 140 19 101 77 204 241 9 67 31 195 1 128 72 84 254 99 107 80 232 221 137 168 3 103 55 106 119 51 26 128 226 69 44 227 136 164 78 78 15 199 153 31 113 217 64 132 193 197 213 95 245 129 220 99 21 234 47 146 227 66 97 213 139 5 218 126 145 186 228 235 6 232 50 0 0 0 0 0
0 0 0 0 0 0 170 195 155 53 104 252 111 97 243 220 48 204 132 37 38 6 217 247 0 229 186 233 177 37 17 22 132 202 81 134 26 120 9 135 105 42 43 168 220 110 179 13 226 184 160 35 219 74 101 185 51 170 159 248 242 70 111 161 213 86 60 96 104 49 216 223 88 233 126 228 205 135 55 22 109 170 142 92 132 113 115 135 155 233 47 246 181 231 113 238 157 245 242 237 80 145 195 20 240 234 201 255 102 45 221 3 112 77 176 166 71 100 140 80 29 166 236 0 0 0 0 0
0 0 0 0 0 221 201 121 173 49 212 206 113 148 152 247 189 73 142 176 63 11 35 119 197 107 200 217 96 33 230 126 186 212 152 247 181 151 1 70 134 0 17 240 160 13 229 35 250 188 154 27 106 230 126 12 198 104 22 245 152 92 67 205 80 145 13 231 207 138 18 205 96 177 102 183 232 101 54 16 8 92 152 188 82 153 40 142 117 90 0 10 19 129 15 214 186 240 90 195 17 252 55 66 140 107 140 3 18 224 157 33 196 122 242 3 114 62 236 45 113 249 212 65 0 0 0 0
0 0 0 0 0 101 253 69 42 85 157 240 18 119 61 12 160 69 225 239 225 16 239 240 217 130 32 57 122 220 102 92 67 1 161 204 28 233 167 5 190 162 25 236 129 118 99 141 151 153 106 0 102 127 196 181 152 66 244 61 240 77 159 28 189 109 97 19 94 191 216 215 25 209 1 51 0 116 4 100 150 247 241 5 118 70 209 189 64 188 28 159 96 35 169 146 98 41 245 73 55 212 149 26 155 152 105 150 2 237 150 60 145 49 107 20 74 222 131 4 150 210 110 221 0 0 0 0
0 0 0 0 136 43 175 126 159 197 234 35 255 123 220 62 250 9 123 244 146 100 208 6 81 169 53 153 82 239 94 26 14 137 175 10 109 158 51 38 253 161 132 37 43 3 169 211 47 27 204 110 133 92 148 194 157 113 93 188 60 201 168 41 205 36 172 131 243 210 200 37 93 37 47 107 111 185 42 218 108 181 45 7 111 189 129 37 144 97 134 47 157 25 21 96 91 196 132 25 124 202 247 75 47 207 165 191 129 36 46 44 232 149 111 133 3 113 100 205 119 7 78 89 209 0 0 0
0 0 0 0 45 250 57 121 242 251 75 75 184 54 37 24 251 161 251 9 7 228 129 38 62 74 238 32 37 189 54 34 240 26 105 210 229 19 156 106 160 47 151 81 33 96 247 210 120 93 68 117 135 175 147 221 177 204 37 234 70 144 59 150 61 113 187 112 161 152 137 131 233 247 73 150 215 124 85 108 203 186 147 123 111 112 193 6 179 248 46 5 141 54 249 96 33 128 97 40 237 125 35 220 101 224 39 178 241 43 31 16 173 229 234 239 15 216 24 169 98 117 102 117 204 0 0 0
0 0 0 0 212 21 151 136 49 246 101 84 132 64 79 23 40 52 119 172 206 190 135 99 164 138 200 177 78 225 185 139 168 190 40 246 130 88 158 86 15 32 201 39 173 16 54 252 233 32 181 251 47 219 41 111 95 177 153 120 192 43 189 179 14 225 27 92 197 76 233 247 80 60 211 200 207 227 242 111 22 215 38 174 87 0 176 76 144 222 37 72 20 31 177 61 92 136 76 104 163 21 227 47 165 245 133 81 22 164 2 52 153 61 71 207 167 211 132 159 155 43 104 147 247 0 0 0
0 0 0 2 234 90 158 89 159 177 181 98 35 129 25 246 97 39 116 241 128 120 92 183 96 121 151 20 206 241 117 119 246 100 184 91 254 235 141 27 70 167 110 42 86 201 93 0 42 109 218 133 108 100 151 57 77 231 231 61 58 181 142 36 25 63 143 156 248 214 175 46 99 33 177 70 46 170 153 227 247 200 181 2 1 178 11 248 21 101 78 21 137 200 128 223 193 114 161 97 156 181 104 195 114 230 58 173 177 224 142 67 190 32 249 10 141 39 69 216 227 253 105 63 50 36 0 0
0 0 0 8 59 238 116 11 14 82 29 157 178 235 183 115 52 149 66 133 236 150 51 73 129 123 95 45 51 74 239 255 72 100 79 36 87 187 232 70 51 162 153 189 100 80 181 213 90 250 2 218 207 151 233 217 185 27 223 253 21 12 96 144 80 21 94 141 23 242 131 191 42 240 52 145 64 116 234 129 67 92 161 215 28 201 212 102 81 96 242 29 29 188 233 117 143 228 2 245 255 148 96 127 136 83 172 216 20 54 53 217 64 215 122 20 248 204 197 141 90 231 143 2 249 209 0 0
0 0 0 192 108 19 110 225 120 87 82 108 133 134 29 6 61 210 212 68 127 73 13 212 94 88 77 163 161 247 225 36 224 175 117 39 188 198 155 96 28 171 218 71 212 45 165 1 162 70 214 236 34 229 161 154 136 79 99 69 67 101 6 19 31 166 54 20 30 52 21 77 49 62 99 96 89 54 189 87 202 148 34 69 201 182 232 250 186 124 215 224 123 173 238 23 70 66 153 0 205 17 131 72 255 57 207 108 172 217 214 72 31 232 126 243 97 122 102 163 70 236 5 208 63 142 0 0
0 0 0 106 49 32 109 59 53 96 82 192 1 186 171 155 225 96 156 66 181 131 8 30 175 251 182 254 149 248 29 33 238 72 11 27 73 164 136 129 92 16 110 130 88 171 122 114 94 11 107 40 27 228 147 233 100 42 119 21 236 43 62 95 190 1 108 109 141 85 153 64 4 126 220 72 69 220 4 231 40 135 218 101 209 203 40 65 46 151 84 170 93 71 201 47 147 146 8 143 126 122 121 244 101 212 76 153 240 201 89 2 132 139 151 130 13 223 2 226 222 47 109 189 251 181 0 0
0 0 97 42 87 117 146 248 18 217 221 56 219 217 7 71 153 225 19 190 77 83 85 34 66 231 67 238 244 42 143 160 134 253 64 206 235 29 202 104 75 180 60 50 96 241 96 243 58 135 122 6 158 37 175 125 67 161 16 19 9 205 84 232 20 50 255 228 46 254 21 120 194 192 252 102 218 237 84 166 142 38 91 194 230 190 145 159 227 241 165 97 112 106 233 250 182 107 234 152 191 126 15 121 123 102 167 81 115 209 24 7 173 45 137 192 43 225 177 69 180 235 11 243 35 237 3 0
0 0 225 164 14 190 148 16 37 159 152 209 226 49 113 67 142 250 105 90 180 133 44 40 11 179 153 32 136 143 25 25 155 53 129 223 174 255 67 153 10 50 178 234 97 190 41 204 211 161 130 159 204 10 157 73 18 45 92 150 103 120 213 118 102 159 201 201 50 49 57 6 59 27 88 69 173 78 178 170 14 79 150 5 241 6 156 35 164 39 166 240 33 53 181 96 35 144 48 116 111 139 109 31 11 183 21 205 9 3 75 75 58 246 117 221 114 141 134 114 235 40 244 195 9 220 42 0
0 0 44 225 5 49 86 114 63 150 135 221 213 202 91 41 9 13 247 218 165 183 217 166 238 253 111 89 71 150 17 242 116 69 9 144 225 254 254 107 119 100 158 197 168 252 94 56 171 87 17 103 11 135 255 93 102 243 50 63 225 18 177 71 116 36 74 9 148 113 88 217 52 55 73 174 197 227 6 172 158 182 78 63 249 21 252 7 87 195 169 81 45 17 123 97 143 144 157 179 50 114 207 160 169 61 74 69 25 212 74 146 102 209 213 183 105 168 95 12 221 122 89 228 212 93 110 0
0 0 245 201 251 254 137 2 143 191 222 35 221 64 41 69 225 44 211 71 191 97 121 101 158 19 244 129 197 114 208 178 110 120 78 132 251 70 98 13 18 215 78 96 33 231 62 37 115 95 244 252 33 137 148 15 27 110 135 59 10 57 132 208 224 156 32 107 3 248 145 163 194 142 188 107 167 87 105 156 33 204 59 38 104 10 30 174 112 28 90 86 43 152 119 61 120 156 12 57 185 168 200 114 170 82 57 56 218 93 144 62 220 234 202 207 40 96 94 68 234 133 3 63 143 114 186 0
0 24 178 85 19 223 200 191 17 241 207 219 121 87 25 222 130 206 28 13 89 73 143 218 58 111 41 43 225 42 142 242 121 130 137 248 183 207 54 213 195 182 39 27 51 13 234 167 5 111 203 217 104 147 210 56 108 142 222 41 53 166 81 137 192 14 38 93 175 251 249 86 109 4 75 139 83 248 85 156 139 137 250 193 132 98 205 181 19 15 81 240 247 197 19 241 162 90 230 153 93 2 212 146 188 5 205 0 234 128 240 215 183 84 6 81 184 132 73 57 216 169 167 150 217 65 2 8
0 42 89 149 220 58 254 214 201 93 42 108 161 83 76 76 183 33 91 17 239 219 164 70 3 253 251 179 24 218 1 220 160 152 60 92 29 94 237 217 237 253 54 169 31 105 91 18 122 238 174 34 175 92 211 200 234 58 23 184 219 157 75 93 174 254 66 201 30 174 20 22 85 83 9 59 103 103 196 129 115 173 181 218 12 175 125 196 109 193 149 158 132 74 186 92 148 127 147 162 196 240 253 146 167 198 235 96 130 252 54 95 107 216 47 246 155 140 73 251 156 187 192 162 78 232 15 73
0 120 211 249 39 127 238 113 210 121 219 65 75 200 31 41 87 172 58 231 90 7 12 248 9 28 196 60 140 145 27 203 173 18 55 123 240 244 137 35 45 249 228 96 81 112 97 56 115 239 10 128 48 133 80 84 91 129 104 85 171 23 150 94 82 203 153 32 49 192 118 166 181 134 0 127 26 82 188 20 186 225 164 30 232 134 64 114 10 52 144 78 149 9 68 47 104 199 44 8 126 116 22 110 101 30 174 15 168 135 40 126 56 48 32 86 72 19 132 120 155 9 39 201 232 254 19 38
0 84 55 128 121 92 145 191 210 99 109 8 104 22 187 237 178 3 32 152 56 227 220 77 47 198 47 42 71 51 166 69 61 52 204 116 110 205 66 106 171 127 175 33 27 202 188 217 233 151 168 218 112 71 130 140 61 94 144 127 248 201 245 203 88 41 49 146 38 81 186 111 153 46 203 167 90 227 121 84 223 131 190 73 45 1 217 100 39 68 167 49 232 29 61 211 119 237 136 119 92 77 166 16 91 70 119 181 28 67 151 163 255 234 169 196 96 141 171 151 96 106 151 71 209 185 20 174
0 141 160 56 174 49 51 60 35 32 144 254 155 42 57 197 244 104 172 145 58 123 100 249 227 219 232 182 253 218 112 177 41 197 199 202 90 214 11 231 207 205 92 231 143 166 4 241 164 95 47 22 61 116 232 244 120 13 186 181 66 101 14 62 161 132 112 141 223 16 34 68 45 187 50 255 1 197 191 30 29 190 45 232 198 63 215 158 217 222 10 90 75 106 18 59 233 160 103 146 32 225 124 153 152 49 34 131 160 202 185 209 31 152 85 145 200 123 127 88 35 211 127 29 166 226 102 83
0 147 219 231 6 184 25 14 1 50 255 107 216 35 158 128 170 193 157 81 235 149 76 143 25 225 8 101 107 17 102 153 227 236 66 86 222 78 73 11 251 68 248 115 131 4 247 226 109 29 1 78 240 55 238 247 57 135 108 39 19 83 255 186 13 179 67 212 255 2 230 166 132 51 109 99 83 239 51 206 55 188 60 209 61 105 25 222 229 9 3 180 214 28 109 202 214 244 186 209 253 162 215 40 55 24 167 140 119 73 194 187 172 109 246 66 202 26 149 206 215 174 60 215 98 65 29 166
0 111 143 118 237 123 59 144 55 144 10 58 236 226 80 99 68 95 178 98 165 80 239 40 217 68 21 139 171 238 129 239 126 116 120 87 88 85 39 175 6 115 183 99 162 27 179 221 215 67 212 188 185 74 194 184 35 219 40 16 150 43 127 16 161 104 150 189 37 49 140 236 181 63 7 211 97 228 158 240 171 80 225 129 188 122 219 124 129 71 21 152 221 28 132 150 178 187 184 209 222 210 121 179 80 166 68 61 104 67 111 185 204 25 116 42 64 197 137 195 98 57 212 240 141 255 215 157
0 215 111 220 45 58 151 100 220 197 181 166 254 232 3 172 62 22 170 12 130 213 255 89 164 96 25 161 146 101 22 170 50 18 125 55 124 169 31 218 76 111 149 199 172 194 220 63 138 61 217 27 10 52 28 209 129 126 50 171 239 49 128 90 253 102 41 195 5 90 212 170 216 47 11 131 115 203 154 71 228 174 156 197 173 147 216 34 12 216 35 32 55 26 138 58 77 180 212 231 167 115 202 209 52 53 148 91 126 178 160 217 157 213 103 63 187 224 9 183 252 148 63 20 131 61 207 78
0 172 166 27 88 72 202 105 231 90 132 145 161 89 8 11 165 63 45 59 41 105 128 205 32 171 41 106 229 62 17 170 164 210 115 95 19 19 3 7 92 131 109 212 147 106 225 28 183 131 210 194 97 74 51 243 4 155 200 128 145 132 242 137 59 47 176 51 171 20 119 0 136 210 0 107 247 249 217 194 60 179 75 27 34 6 203 204 150 251 177 67 174 252 181 215 108 49 125 22 115 79 138 116 16 18 246 232 218 69 150 129 250 146 59 61 136 248 150 50 20 127 131 87 128 220 106 30
0 206 163 215 34 132 97 17 68 230 225 162 17 36 137 219 42 127 35 40 29 125 164 57 38 193 148 104 145 155 55 3 53 178 43 207 194 102 177 92 158 167 54 73 224 116 86 104 70 253 185 105 68 149 234 165 232 140 102 185 208 7 219 211 54 5 98 223 138 155 154 123 238 134 207 112 235 87 161 125 245 72 245 125 175 82 86 35 198 137 114 239 199 229 35 41 67 149 195 17 191 48 80 196 165 77 126 223 119 195 182 113 189 170 194 134 80 190 52 15 23 26 190 66 181 34 149 219
0 184 171 84 45 229 254 231 148 79 78 34 30 153 251 100 121 7 165 78 181 207 208 175 140 218 244 239 184 78 206 183 49 123 86 177 226 107 60 36 65 75 155 66 236 219 70 88 12 134 229 179 124 83 123 177 10 83 158 95 204 200 212 43 5 142 39 31 95 22 88 97 189 190 8 218 180 52 92 66 199 64 87 152 245 105 148 67 107 67 195 212 241 59 109 147 206 190 87 28 92 45 225 240 131 20 143 136 228 140 205 234 114 212 192 65 173 213 22 26 244 73 144 42 50 129 187 192
59 248 233 145 184 144 108 16 76 203 152 171 134 160 188 41 130 195 229 72 21 56 118 13 24 249 195 115 225 84 231 37 233 75 6 122 232 96 234 160 157 255 86 160 109 147 28 84 80 11 192 98 16 66 23 233 74 67 240 247 48 203 67 116 97 18 155 41 223 235 207 236 224 189 92 68 73 189 224 130 144 67 20 159 33 159 24 158 144 0 52 123 141 36 133 132 232 195 206 254 172 98 56 180 2 128 121 226 177 127 221 26 198 155 160 193 124 175 58 36 179 95 176 239 43 192 230 60
0 50 232 250 67 11 126 35 203 21 245 32 88 67 118 150 168 174 204 50 59 226 25 252 187 23 215 186 172 59 46 55 168 192 136 146 176 135 110 13 88 40 162 126 15 94 52 33 83 56 55 250 13 38 0 131 109 223 26 252 38 224 31 151 145 66 19 219 114 179 13 34 251 199 72 166 191 37 200 178 74 139 248 65 3 198 242 192 249 50 160 220 186 39 164 54 29 107 194 19 25 141 98 42 53 60 36 98 170 146 125 51 19 161 229 131 208 24 111 0 220 211 219 49 197 188 60 154
0 2 19 44 236 68 221 47 24 53 150 139 122 135 253 144 164 183 155 70 137 61 110 253 159 6 108 144 80 229 95 178 26 76 191 52 36 108 226 194 203 155 16 21 105 78 245 103 88 0 81 254 254 10 3 93 124 189 28 81 140 13 1 215 160 43 22 226 105 246 68 13 88 109 137 123 23 173 23 151 48 114 137 83 179 13 117 223 54 141 216 46 211 139 27 120 213 248 82 241 237 45 141 226 243 127 187 28 214 97 185 142 132 43 32 0 139 33 83 238 69 52 101 232 40 26 10 61
0 161 200 45 5 82 139 73 72 219 95 239 217 91 248 104 32 69 102 139 178 231 103 209 24 125 50 158 208 1 156 158 79 161 34 141 106 144 174 72 171 127 196 76 235 155 40 61 13 198 77 54 75 131 64 245 240 225 15 206 211 245 93 214 43 94 212 75 84 105 233 185 3 160 186 237 148 43 212 225 45 210 247 182 146 139 73 230 58 238 117 60 176 145 13 132 107 41 153 185 217 38 237 146 108 239 52 137 23 41 238 254 250 117 176 183 229 148 81 31 1 224 120 98 60 225 139 237
0 110 50 114 21 116 98 249 80 80 138 56 252 159 73 99 34 130 49 182 255 163 234 172 242 231 176 89 92 167 97 142 134 0 19 240 201 145 67 155 140 80 102 212 90 128 51 34 208 230 5 167 114 254 191 149 138 11 34 98 91 92 55 111 60 141 22 109 68 151 115 131 101 103 64 183 125 178 92 111 32 114 217 89 57 241 27 37 91 40 135 90 254 162 232 166 76 167 184 141 194 57 227 110 244 238 231 232 65 219 63 126 233 137 231 234 147 76 143 83 224 158 80 133 147 246 127 169
0 170 217 45 149 138 165 212 162 223 234 140 216 226 183 28 223 94 162 49 141 53 55 224 60 242 182 229 43 150 192 115 71 232 22 178 113 144 78 65 8 224 231 17 80 92 243 52 193 47 105 210 198 107 44 27 173 218 107 182 58 102 5 139 224 139 190 117 250 139 182 195 172 135 37 238 211 110 93 234 169 231 10 195 35 216 126 236 101 129 65 222 55 73 140 159 3 225 115 31 79 6 135 105 22 59 252 216 151 240 145 29 245 199 68 232 120 59 196 78 244 106 202 157 252 34 99 3
0 87 184 82 28 161 29 140 72 237 42 170 66 235 246 84 113 132 151 204 71 126 220 237 2 220 195 58 44 151 217 216 186 213 4 74 192 198 48 197 161 175 178 10 30 211 37 48 61 145 105 61 167 154 104 143 167 15 137 41 52 246 43 65 82 15 88 255 60 242 112 15 250 152 38 226 62 252 4 58 67 232 213 205 53 34 138 202 129 101 131 170 81 234 58 137 189 215 233 239 237 197 34 12 62 124 60 229 234 232 120 230 112 161 212 3 29 185 203 39 130 232 214 89 29 191 110 107
0 94 38 57 251 210 254 128 137 9 63 63 243 250 91 29 243 88 187 170 155 239 242 124 5 154 189 76 44 198 30 168 6 93 44 121 141 53 79 67 108 252 190 141 71 197 4 238 226 245 222 238 208 116 131 13 67 106 243 215 247 246 16 201 154 76 173 137 59 122 96 116 203 119 35 177 230 63 121 125 32 169 83 141 145 92 61 84 209 91 115 14 148 44 111 171 149 28 195 23 9 83 198 33 65 17 70 244 66 51 225 30 195 104 84 176 143 67 235 179 28 211 49 233 36 28 151 71
0 229 213 114 217 112 226 210 112 29 255 140 177 121 73 86 208 175 216 75 158 191 144 139 102 174 53 133 120 47 250 65 122 191 140 99 77 59 63 169 91 17 158 49 231 12 106 159 72 203 213 63 55 198 44 99 174 160 159 69 189 249 25 168 140 17 234 87 158 60 163 29 217 174 8 191 77 178 18 184 160 197 24 38 54 237 253 104 255 89 98 188 125 131 39 200 147 169 190 165 116 126 19 93 140 80 236 67 107 218 196 54 232 8 139 39 244 84 131 29 100 99 36 95 232 149 5 9
0 125 102 134 44 99 22 101 130 243 29 194 227 118 3 214 0 54 35 187 10 118 116 148 209 98 127 200 177 115 145 66 75 137 47 95 50 219 58 7 165 81 171 121 135 56 143 30 27 111 25 103 81 165 173 64 65 164 247 183 16 232 232 26 62 151 67 241 128 10 194 78 41 105 82 82 139 130 89 106 38 214 136 195 166 17 170 179 184 23 136 42 179 33 188 61 219 240 15 194 183 101 120 243 201 3 106 173 75 30 59 80 163 99 204 20 131 105 104 217 227 28 152 186 136 112 23 40
0 15 146 234 222 153 139 233 58 191 230 95 65 175 217 141 81 117 5 84 66 216 30 155 178 46 104 139 194 44 8 95 94 2 42 143 20 178 95 88 166 122 158 230 193 52 209 194 156 61 186 228 188 74 252 118 139 105 67 125 145 78 64 56 37 205 8 219 104 219 164 165 106 155 177 218 137 127 85 132 150 95 61 93 190 54 217 111 165 230 25 214 125 112 42 197 36 54 91 119 237 33 195 69 139 251 137 42 14 152 197 49 222 115 214 166 134 7 255 38 139 127 163 40 35 202 66 55
0 13 11 239 96 47 246 125 61 80 81 114 180 172 163 229 1 31 182 10 123 11 131 225 36 119 156 28 18 242 73 133 4 233 17 39 137 61 212 225 234 236 82 101 118 90 7 141 84 221 76 146 94 147 63 58 146 224 119 147 153 167 21 143 111 9 219 208 134 151 39 123 22 240 139 185 111 246 70 93 108 42 171 20 83 51 84 207 60 146 170 163 51 250 36 197 189 250 29 28 75 93 108 124 181 21 158 168 73 125 139 178 221 36 1 203 247 54 184 25 86 194 205 194 229 209 47 172
0 0 140 49 48 249 208 205 159 147 245 99 57 128 60 79 81 49 157 180 162 214 140 57 245 25 55 148 251 67 135 162 181 193 84 122 124 112 182 15 224 127 27 164 147 55 229 69 47 11 90 243 82 90 176 35 44 118 148 127 95 41 87 39 220 111 73 209 116 245 106 10 235 80 220 204 173 157 224 23 254 68 149 160 128 121 95 225 254 184 70 247 242 124 206 234 187 73 74 230 213 45 117 245 159 201 229 92 244 154 212 250 236 226 213 249 243 217 89 32 73 16 70 69 31 20 211 0
0 0 13 239 11 55 139 176 228 221 35 246 149 91 7 110 72 9 210 129 130 123 115 195 37 161 232 143 152 55 71 175 205 38 193 158 61 227 230 2 119 64 220 95 137 2 68 127 3 32 51 146 47 60 125 222 210 26 188 19 40 86 22 225 183 232 79 179 69 200 2 125 142 255 79 147 21 170 248 76 38 31 104 226 230 151 124 110 84 112 225 57 27 78 173 14 97 45 61 168 14 132 130 0 246 78 157 118 45 236 134 249 168 224 196 166 2 222 6 9 156 226 184 89 222 178 82 0
0 0 52 112 94 185 34 61 17 253 0 141 7 202 199 153 112 143 169 148 97 251 145 77 217 176 106 42 57 97 96 192 154 174 183 97 177 170 165 16 97 218 165 97 107 110 198 116 214 162 60 94 30 25 237 55 34 118 126 248 10 152 144 202 79 212 97 206 221 50 71 218 115 68 52 240 196 152 229 211 58 203 126 169 8 155 185 127 108 19 108 48 103 63 232 218 219 83 143 34 19 237 144 247 214 161 6 197 16 180 150 52 215 85 128 17 193 20 140 209 195 10 231 164 23 219 154 0
0 0 182 125 8 1 247 113 70 250 217 129 14 70 7 198 226 199 145 25 119 234 239 12 175 123 176 205 182 141 50 240 26 1 225 253 187 11 246 93 46 215 22 213 3 140 212 41 52 174 169 227 11 131 168 194 30 136 50 157 26 78 36 13 203 0 136 35 46 13 202 227 224 26 63 99 176 57 148 71 228 243 204 60 20 227 203 166 105 100 93 55 221 71 108 227 63 207 90 97 21 26 119 234 246 47 155 36 201 247 150 201 33 57 208 116 80 38 24 22 226 200 255 111 74 199 117 0
0 0 0 74 238 225 182 196 185 112 169 96 241 106 60 71 64 201 139 72 171 162 148 37 119 118 52 238 246 58 93 110 148 120 238 146 53 25 196 93 39 90 239 229 164 232 136 49 61 183 70 13 69 134 154 207 66 253 221 122 228 8 91 10 115 190 115 224 41 221 104 242 150 97 105 103 126 171 111 189 78 191 36 64 80 93 159 151 176 150 28 205 171 229 112 155 230 233 176 125 26 196 138 112 51 112 158 1 152 42 143 163 176 74 7 142 43 203 159 214 117 142 149 54 132 49 0 0
0 0 0 177 133 174 192 221 127 144 196 50 206 228 79 6 228 187 250 139 212 49 8 133 12 194 188 232 235 146 223 99 216 129 47 57 36 19 125 229 253 111 6 102 196 202 106 241 206 16 130 197 149 182 213 16 229 85 84 154 128 192 66 50 222 143 218 93 195 41 21 149 3 75 46 86 104 180 9 163 238 127 3 108 226 92 121 225 33 27 112 56 240 235 173 167 140 85 225 181 196 18 33 79 151 151 239 129 96 84 164 219 202 136 123 238 104 18 150 156 171 237 114 179 128 118 0 0
0 0 0 62 226 84 149 186 77 68 17 73 184 8 39 153 248 144 101 95 23 4 243 113 236 72 52 151 6 172 195 122 175 133 46 253 26 208 6 198 193 252 3 156 160 15 22 238 33 110 56 15 59 61 172 29 142 24 225 133 228 48 62 103 114 129 243 71 116 102 122 94 116 174 117 62 144 78 203 78 191 112 170 35 56 237 37 104 166 194 39 62 227 253 25 197 230 83 178 158 157 82 7 194 36 227 105 202 124 175 248 109 211 235 212 236 70 156 15 39 60 115 56 82 198 201 0 0
0 0 0 91 211 124 70 227 9 53 86 17 47 144 0 28 56 183 158 56 118 198 143 29 117 246 63 150 195 164 12 178 203 46 169 220 37 150 91 53 166 157 134 66 10 96 148 207 34 99 41 195 226 140 230 64 66 77 229 55 47 89 159 219 156 231 252 30 138 209 28 203 236 47 108 75 205 35 246 51 214 208 4 255 162 232 10 220 231 154 227 140 25 175 108 197 234 231 40 165 192 197 213 136 140 9 121 52 191 128 176 186 238 149 141 83 185 236 179 11 128 17 15 193 252 116 0 0
0 0 0 0 245 208 106 44 36 96 184 221 145 40 13 137 217 181 37 95 219 230 158 245 213 61 99 159 3 199 176 178 84 68 181 165 93 95 183 228 233 210 132 254 230 209 79 93 26 17 20 81 43 203 41 101 13 173 79 179 97 5 41 62 151 190 109 237 42 255 161 91 41 18 244 163 200 187 157 183 67 25 192 181 182 45 209 100 104 206 142 5 38 239 37 11 240 198 27 23 89 63 230 171 70 93 154 144 187 84 201 169 214 252 168 74 48 74 158 4 84 201 225 126 50 0 0 0
0 0 0 0 233 92 116 167 14 146 204 252 129 158 247 146 118 52 122 250 161 60 143 99 75 214 45 161 127 172 198 128 7 70 150 11 191 202 223 142 59 52 153 236 214 17 244 54 191 222 165 72 112 208 207 86 165 70 23 170 19 224 51 246 157 65 77 177 212 228 53 212 240 115 58 185 30 155 181 180 76 2 208 121 239 165 3 30 75 122 132 246 59 195 210 214 198 36 182 179 9 82 105 205 245 95 113 19 57 255 180 129 188 211 186 154 53 127 69 185 167 215 171 105 160 0 0 0
0 0 0 0 8 194 231 156 64 131 189 17 74 162 206 211 15 193 64 145 50 150 174 37 168 234 90 148 210 201 108 112 54 229 113 159 133 245 88 51 38 110 91 121 101 206 69 83 36 134 72 82 37 170 71 9 173 225 143 244 19 147 15 93 63 195 191 194 228 130 185 248 20 88 145 216 100 158 175 21 235 140 219 230 191 89 209 121 66 34 60 150 199 134 25 11 37 215 229 48 59 69 48 41 87 12 179 239 203 36 107 226 192 185 242 51 168 58 253 149 227 97 53 145 98 0 0 0
0 0 0 0 0 247 244 217 164 114 113 57 73 231 182 30 117 29 19 54 46 132 178 124 185 102 93 157 137 37 174 185 134 78 195 179 18 51 164 237 3 56 105 164 88 80 169 162 187 192 66 196 175 117 209 74 2 40 244 135 46 126 112 196 11 95 147 228 162 93 11 78 115 132 221 98 36 24 118 184 124 157 172 137 167 75 237 124 208 139 192 247 187 178 62 78 46 165 61 255 124 227 126 234 12 181 136 13 136 107 47 219 154 150 211 174 133 8 96 25 59 191 65 209 0 0 0 0
0 0 0 0 0 240 154 185 189 1 149 253 223 107 190 26 59 21 154 75 23 122 77 66 111 56 4 199 82 105 68 12 123 119 252 31 10 62 98 91 185 133 181 32 9 158 6 82 163 64 170 91 9 5 70 183 245 17 7 95 225 184 0 62 247 162 62 60 185 7 16 227 195 67 224 114 170 151 28 166 202 61 143 53 215 231 184 142 192 184 20 111 173 171 111 161 0 173 148 133 24 244 151 190 193 208 136 246 192 19 248 234 208 15 46 159 88 178 140 3 220 171 135 37 0 0 0 0
0 0 0 0 0 0 143 193 134 180 251 121 136 210 227 58 69 41 167 129 184 58 237 157 108 136 75 236 103 105 198 252 135 37 171 204 133 78 230 241 119 143 114 196 150 97 183 50 208 192 200 62 234 11 198 53 181 61 142 49 11 20 148 115 191 133 156 31 255 128 85 110 67 102 199 36 167 240 206 96 174 75 84 214 222 146 135 86 89 204 2 152 133 189 47 236 206 75 17 49 206 38 183 88 246 216 84 18 158 153 233 92 57 136 125 66 89 172 242 113 151 163 36 0 0 0 0 0
0 0 0 0 0 0 247 102 74 215 113 210 107 76 220 181 155 228 38 211 131 253 128 63 158 25 242 97 105 121 38 125 173 83 118 196 152 228 10 191 159 146 183 159 13 37 54 118 220 8 166 254 133 180 119 49 160 213 249 37 18 65 203 57 1 130 104 80 115 36 14 79 106 168 30 219 149 157 76 150 214 231 151 191 157 109 40 250 31 41 206 209 144 2 128 206 181 12 84 250 167 176 54 243 39 130 195 41 93 51 214 68 158 192 125 27 63 132 169 136 48 5 149 0 0 0 0 0
0 0 0 0 0 0 194 111 104 245 27 66 88 232 35 53 209 236 225 153 226 232 10 185 63 238 65 100 1 62 162 10 253 76 227 202 87 25 60 29 184 115 47 74 110 138 61 179 44 237 198 185 29 1 192 200 227 98 95 99 91 93 96 251 187 241 42 9 126 192 236 40 85 150 163 252 177 133 170 8 90 16 204 31 126 190 40 89 252 95 232 23 86 207 194 73 40 151 27 250 104 223 205 233 111 32 81 223 12 54 78 121 87 162 66 144 164 16 2 71 134 221 107 0 0 0 0 0
0 0 0 0 0 0 0 255 65 185 204 4 132 109 163 96 80 159 231 171 116 253 221 208 218 115 241 213 235 178 113 1 173 208 182 19 139 126 52 181 116 52 142 111 148 206 67 213 178 97 116 88 170 115 205 227 6 46 133 248 248 73 27 77 132 134 249 194 222 112 52 170 123 57 160 9 98 128 232 40 136 96 120 76 77 154 227 219 200 178 204 122 133 169 131 178 54 186 133 223 105 161 78 16 98 189 85 119 114 239 49 179 234 27 195 184 4 164 215 149 140 81 0 0 0 0 0 0
0 0 0 0 0 0 0 95 178 25 246 8 3 180 202 90 75 231 45 69 23 145 92 130 169 244 198 201 234 27 30 150 227 229 10 128 108 80 108 159 232 51 155 100 154 175 175 70 142 179 78 183 168 134 113 5 25 149 204 0 245 147 17 99 36 198 169 72 80 228 139 106 179 40 236 91 223 171 95 227 73 216 253 143 67 80 185 84 109 179 84 252 106 248 140 196 14 144 83 190 207 144 229 200 215 235 119 133 83 200 211 204 221 89 155 142 55 109 55 50 244 192 0 0 0 0 0 0
0 0 0 0 0 0 0 0 51 38 110 223 116 37 105 5 169 198 166 37 159 145 164 28 244 168 131 171 158 223 101 4 205 193 139 145 49 82 85 145 31 32 95 5 200 175 220 228 111 30 109 255 65 139 130 37 241 234 80 96 136 173 144 33 92 162 23 83 183 171 32 11 152 126 128 23 204 142 118 125 119 187 42 52 183 88 98 16 235 210 237 194 113 69 170 161 248 192 146 67 49 219 77 190 33 162 18 184 98 192 105 13 14 233 173 226 103 80 210 131 160 0 0 0 0 0 0 0
0 0 0 0 0 0 0 0 0 97 137 179 75 123 129 202 105 13 209 25 206 202 64 214 157 56 171 50 77 168 52 54 199 145 235 123 146 53 147 122 176 44 195 244 99 183 31 191 180 232 165 223 44 97 144 98 48 113 30 215 13 165 91 118 137 112 25 190 243 37 76 31 152 218 218 64 161 10 111 65 164 184 145 204 118 170 242 61 129 19 37 239 50 84 16 46 145 2 78 140 182 82 173 144 81 219 154 176 108 68 243 46 178 10 51 50 58 63 245 230 0 0 0 0 0 0 0 0
0 0 0 0 0 0 0 0 0 232 161 116 229 96 41 123 248 63 197 213 142 5 142 78 56 165 246 23 170 252 67 22 93 168 122 102 22 120 118 68 221 162 42 54 98 13 235 100 139 191 165 19 205 86 12 155 155 247 148 185 177 148 57 215 142 25 220 21 183 16 234 136 223 225 78 210 78 230 175 218 39 156 239 243 80 231 200 72 114 48 126 117 20 87 72 110 201 26 86 9 20 65 131 148 134 26 246 113 50 68 91 52 213 159 196 171 154 170 252 94 0 0 0 0 0 0 0 0
0 0 0 0 0 0 0 0 0 0 130 0 21 55 50 106 79 33 213 11 81 125 190 230 22 177 101 114 188 188 8 223 214 195 188 190 34 89 77 62 5 134 163 215 75 174 214 156 75 14 211 103 126 232 134 189 159 87 189 9 244 246 102 47 39 0 76 199 83 156 137 86 29 51 53 154 140 153 223 147 186 114 20 92 212 223 114 114 93 105 83 178 131 149 112 196 206 122 81 111 246 65 185 39 114 222 20 229 252 104 205 71 21 69 180 211 157 82 87 0 0 0 0 0 0 0 0 0
0 0 0 0 0 0 0 0 0 0 216 231 93 219 118 130 242 163 19 160 226 119 234 143 80 173 145 38 126 61 64 233 28 255 129 96 255 204 26 214 170 46 234 15 52 173 33 101 145 209 69 142 41 247 235 247 57 215 87 167 165 197 197 30 18 252 151 235 18 162 10 34 124 87 109 141 70 173 12 251 196 96 221 227 33 109 205 119 52 247 169 121 2 89 45 132 238 202 85 25 104 121 231 102 211 188 229 32 15 227 157 35 128 106 94 102 236 71 241 0 0 0 0 0 0 0 0 0
0 0 0 0 0 0 0 0 0 0 0 27 119 111 167 229 188 104 140 84 42 47 172 8 151 173 249 159 211 40 8 34 63 7 7 116 165 123 138 88 5 150 192 239 119 7 38 11 159 109 89 215 83 85 156 168 251 66 100 92 71 243 228 179 167 241 7 178 49 127 216 82 162 188 188 170 16 136 54 96 171 95 254 86 98 208 38 219 198 90 118 175 225 0 56 78 199 206 214 22 170 33 162 14 16 1 86 133 99 214 221 185 207 142 133 47 66 213 0 0 0 0 0 0 0 0 0 0
0 0 0 0 0 0 0 0 0 0 0 0 227 72 47 36 63 81 28 13 62 107 22 134 16 82 11 37 233 77 248 148 97 169 152 84 245 79 82 65 59 83 75 47 10 1 65 238 78 207 213 193 189 101 10 200 83 185 24 173 199 250 220 41 69 253 169 189 35 110 3 176 24 75 245 65 37 27 206 121 182 183 31 128 230 23 133 37 166 116 206 194 173 81 234 170 114 88 79 205 80 57 115 218 88 56 251 68 155 44 197 42 45 61 240 15 193 0 0 0 0 0 0 0 0 0 0 0
0 0 0 0 0 0 0 0 0 0 0 0 157 79 1 151 157 249 51 67 228 143 102 205 138 250 93 136 50 138 179 109 102 150 1 201 242 141 46 87 46 151 4 251 82 168 2 74 80 82 167 161 237 191 21 156 102 155 27 133 38 215 64 64 182 200 88 214 84 144 36 86 91 118 54 129 161 206 253 100 77 231 255 220 18 149 46 213 155 213 24 165 96 59 161 92 207 82 13 252 209 40 124 57 55 237 24 226 199 102 159 34 155 13 123 147 58 0 0 0 0 0 0 0 0 0 0 0
0 0 0 0 0 0 0 0 0 0 0 0 0 19 181 147 44 187 10 35 162 230 143 5 175 39 180 100 162 7 220 239 205 3 173 167 219 18 15 155 41 49 60 68 13 3 207 20 245 38 73 15 178 55 107 163 119 227 79 153 153 209 106 99 57 77 15 183 17 240 113 97 236 130 188 126 181 17 20 168 78 197 128 44 33 85 82 120 119 97 157 60 90 121 105 235 93 245 118 194 236 167 117 49 105 200 55 114 89 241 176 97 37 57 149 211 0 0 0 0 0 0 0 0 0 0 0 0
0 0 0 0 0 0 0 0 0 0 0 0 0 0 186 245 147 42 120 164 150 49 244 54 113 98 108 122 224 62 39 62 167 240 213 211 57 113 89 113 242 59 203 116 36 195 57 90 141 5 94 47 77 105 130 91 172 68 54 255 32 117 44 173 37 48 120 180 234 51 79 184 5 49 116 112 183 104 21 209 133 96 232 91 168 212 253 142 61 82 24 57 28 186 20 157 118 204 42 247 255 210 224 200 94 7 128 201 65 0 67 135 97 182 17 0 0 0 0 0 0 0 0 0 0 0 0 0
0 0 0 0 0 0 0 0 0 0 0 0 0 0 0 159 107 146 88 155 248 165 55 169 192 192 49 77 224 0 119 191 84 146 127 102 64 59 38 206 11 170 151 30 88 184 231 158 16 226 35 10 112 20 196 23 42 134 140 58 251 239 59 221 200 11 248 99 61 100 180 178 240 68 81 45 156 140 139 40 233 133 32 107 9 192 204 9 252 54 45 161 140 194 123 93 26 193 126 48 147 51 182 181 171 38 103 244 11 172 105 251 193 44 0 0 0 0 0 0 0 0 0 0 0 0 0 0
0 0 0 0 0 0 0 0 0 0 0 0 0 0 0 55 115 69 153 231 223 140 55 61 92 208 106 109 128 43 32 49 3 220 17 227 232 6 160 85 51 40 71 144 138 144 32 187 163 231 110 161 22 113 100 208 64 209 64 130 49 122 143 113 86 219 246 94 185 160 108 59 93 243 92 98 71 109 6 194 240 208 114 186 57 206 134 42 95 234 11 140 64 235 66 193 230 171 71 124 239 36 41 234 152 254 123 42 92 181 176 234 149 72 0 0 0 0 0 0 0 0 0 0 0 0 0 0
0 0 0 0 0 0 0 0 0 0 0 0 0 0 0 0 58 53 26 60 203 212 45 205 36 83 40 238 148 17 218 14 174 93 14 115 23 106 255 145 35 1 110 117 19 149 250 108 12 19 131 114 194 102 195 65 103 112 49 146 159 190 75 139 128 164 229 30 161 213 28 236 250 201 14 41 232 238 230 52 24 215 123 60 156 95 174 94 170 138 184 115 188 143 120 202 60 165 224 166 239 23 163 104 84 36 72 69 188 47 150 61 42 0 0 0 0 0 0 0 0 0 0 0 0 0 0 0
0 0 0 0 0 0 0 0 0 0 0 0 0 0 0 0 0 236 211 239 106 150 30 197 15 195 95 19 210 229 191 101 157 149 249 90 50 210 141 36 230 170 111 110 61 165 196 127 174 5 180 210 247 206 85 21 137 239 40 15 246 184 177 227 31 47 82 73 219 219 39 82 157 159 11 61 89 150 139 186 99 133 218 119 30 233 157 24 163 239 155 246 166 174 58 18 238 63 86 126 211 152 217 130 48 30 163 7 149 142 40 226 0 0 0 0 0 0 0 0 0 0 0 0 0 0 0 0
0 0 0 0 0 0 0 0 0 0 0 0 0 0 0 0 0 0 149 110 83 58 68 68 146 254 140 170 238 138 87 157 67 228 207 146 98 187 224 87 201 11 7 127 8 11 137 37 28 239 135 31 243 116 124 17 232 165 16 169 140 109 125 106 178 204 12 216 95 103 243 180 99 92 181 95 56 133 219 38 182 82 249 123 43 58 135 169 100 39 73 147 205 9 133 168 90 40 98 42 161 30 126 214 14 85 91 239 202 227 161 0 0 0 0 0 0 0 0 0 0 0 0 0 0 0 0 0
0 0 0 0 0 0 0 0 0 0 0 0 0 0 0 0 0 0 0 35 43 148 142 192 108 163 82 58 172 160 112 16 44 251 17 65 204 238 142 241 168 81 130 74 212 243 225 68 116 8 134 223 37 52 252 89 143 244 26 215 49 192 165 162 120 253 81 98 99 26 98 94 201 156 72 103 238 21 108 195 108 196 48 89 135 196 48 198 151 145 125 225 203 167 146 228 61 183 81 195 212 76 11 45 159 191 20 31 120 4 0 0 0 0 0 0 0 0 0 0 0 0 0 0 0 0 0 0
0 0 0 0 0 0 0 0 0 0 0 0 0 0 0 0 0 0 0 0 180 83 120 233 155 185 89 17 251 152 156 130 165 91 131 204 68 160 107 178 162 220 33 190 126 61 125 128 60 252 79 86 112 34 213 129 52 106 106 97 119 82 100 1 50 117 106 219 212 73 2 227 151 236 21 113 183 170 149 205 101 113 68 48 240 146 194 56 173 90 121 222 149 216 7 128 205 126 233 144 225 80 189 22 151 168 88 179 216 0 0 0 0 0 0 0 0 0 0 0 0 0 0 0 0 0 0 0
0 0 0 0 0 0 0 0 0 0 0 0 0 0 0 0 0 0 0 0 0 214 167 182 158 127 134 36 30 59 72 227 10 27 255 244 203 54 150 207 149 21 195 3 146 166 41 111 221 252 191 62 145 188 1 210 19 76 11 170 232 245 103 62 237 202 65 70 152 113 165 93 146 15 255 121 115 229 147 255 8 42 43 38 134 91 176 206 103 222 48 105 40 115 93 93 227 72 206 42 185 142 151 144 252 176 100 129 0 0 0 0 0 0 0 0 0 0 0 0 0 0 0 0 0 0 0 0
0 0 0 0 0 0 0 0 0 0 0 0 0 0 0 0 0 0 0 0 0 0 177 10 232 187 21 63 83 93 246 222 183 44 219 80 214 155 128 180 201 34 30 179 217 126 88 63 112 67 76 177 141 69 109 83 104 92 28 230 126 23 141 29 231 136 147 171 80 231 239 201 161 123 150 21 226 185 125 230 28 254 172 30 134 133 32 168 69 226 158 56 134 128 199 184 107 66 147 23 214 141 33 152 40 47 17 0 0 0 0 0 0 0 0 0 0 0 0 0 0 0 0 0 0 0 0 0
0 0 0 0 0 0 0 0 0 0 0 0 0 0 0 0 0 0 0 0 0 0 0 244 210 45 163 178 116 156 32 27 197 228 124 215 115 47 43 124 121 39 78 148 99 176 182 217 17 39 174 212 187 2 24 207 203 1 194 202 120 79 251 40 120 234 219 133 128 242 18 45 178 45 111 188 83 182 23 65 225 150 124 103 185 33 92 64 76 217 74 154 11 228 83 18 255 179 220 0 125 127 37 108 147 113 0 0 0 0 0 0 0 0 0 0 0 0 0 0 0 0 0 0 0 0 0 0
0 0 0 0 0 0 0 0 0 0 0 0 0 0 0 0 0 0 0 0 0 0 0 0 0 171 234 205 2 172 244 230 20 61 0 244 230 105 251 118 198 197 199 0 81 9 198 126 78 98 26 63 163 157 80 58 73 85 14 221 253 25 169 140 178 121 28 78 105 22 164 65 226 21 11 126 243 38 61 107 54 29 102 124 73 159 207 62 248 128 94 129 57 75 201 237 120 147 26 81 210 48 171 96 0 0 0 0 0 0 0 0 0 0 0 0 0 0 0 0 0 0 0 0 0 0 0 0
0 0 0 0 0 0 0 0 0 0 0 0 0 0 0 0 0 0 0 0 0 0 0 0 0 0 254 41 91 120 177 88 221 23 29 155 52 64 175 165 80 52 136 12 219 223 209 143 3 159 118 12 41 152 91 106 234 205 137 140 210 174 238 209 20 93 122 191 25 134 157 231 38 252 43 151 88 21 163 60 2 16 97 119 142 217 98 165 24 233 142 62 14 152 160 106 192 123 96 116 214 32 37 0 0 0 0 0 0 0 0 0 0 0 0 0 0 0 0 0 0 0 0 0 0 0 0 0
0 0 0 0 0 0 0 0 0 0 0 0 0 0 0 0 0 0 0 0 0 0 0 0 0 0 0 133 21 32 47 87 141 149 238 191 178 226 110 8 91 96 186 9 228 208 187 183 32 41 18 253 30 102 202 125 104 86 139 147 72 112 243 39 201 100 144 22 149 118 184 232 18 129 138 64 41 211 128 231 75 15 56 199 194 113 250 243 59 183 130 34 241 110 69 129 97 149 33 151 90 38 0 0 0 0 0 0 0 0 0 0 0 0 0 0 0 0 0 0 0 0 0 0 0 0 0 0
0 0 0 0 0 0 0 0 0 0 0 0 0 0 0 0 0 0 0 0 0 0 0 0 0 0 0 0 0 126 5 138 100 80 53 8 93 107 184 146 235 190 13 154 77 71 151 79 175 161 155 151 144 146 124 50 186 57 101 119 161 142 139 189 245 73 63 197 108 45 234 212 22 145 250 126 59 180 108 239 199 168 180 34 52 211 148 31 224 31 207 249 131 207 24 255 174 128 69 221 0 0 0 0 0 0 0 0 0 0 0 0 0 0 0 0 0 0 0 0 0 0 0 0 0 0 0 0
0 0 0 0 0 0 0 0 0 0 0 0 0 0 0 0 0 0 0 0 0 0 0 0 0 0 0 0 0 0 117 66 187 78 20 25 235 153 64 38 255 239 205 92 251 156 255 127 120 118 16 8 148 52 160 134 173 117 119 253 57 49 212 146 192 98 152 22 169 170 13 208 24 237 146 250 82 46 219 175 1 95 235 41 1 230 171 152 36 182 157 164 192 51 128 77 58 142 113 0 0 0 0 0 0 0 0 0 0 0 0 0 0 0 0 0 0 0 0 0 0 0 0 0 0 0 0 0
0 0 0 0 0 0 0 0 0 0 0 0 0 0 0 0 0 0 0 0 0 0 0 0 0 0 0 0 0 0 0 0 74 45 246 211 138 119 225 96 57 125 113 167 128 35 171 39 222 139 72 216 160 122 74 119 146 106 17 128 41 189 166 205 205 232 94 227 248 189 230 60 71 194 140 242 83 49 145 70 86 158 174 200 223 183 173 44 88 216 137 170 143 102 139 101 81 0 0 0 0 0 0 0 0 0 0 0 0 0 0 0 0 0 0 0 0 0 0 0 0 0 0 0 0 0 0 0
0 0 0 0 0 0 0 0 0 0 0 0 0 0 0 0 0 0 0 0 0 0 0 0 0 0 0 0 0 0 0 0 0 0 16 111 125 159 122 139 142 199 52 82 76 16 102 55 190 181 45 57 177 102 193 45 235 71 70 117 8 253 124 180 98 224 42 127 32 136 95 103 240 137 217 142 99 24 242 228 154 216 48 108 232 243 34 181 103 1 112 225 253 212 11 0 0 0 0 0 0 0 0 0 0 0 0 0 0 0 0 0 0 0 0 0 0 0 0 0 0 0 0 0 0 0 0 0
0 0 0 0 0 0 0 0 0 0 0 0 0 0 0 0 0 0 0 0 0 0 0 0 0 0 0 0 0 0 0 0 0 0 0 166 11 95 78 38 142 152 218 97 109 0 167 9 231 78 8 219 234 25 156 245 79 6 43 125 113 46 209 67 71 165 236 2 88 84 200 38 155 18 2 181 13 233 229 238 225 181 233 135 173 159 224 209 17 70 61 33 241 79 0 0 0 0 0 0 0 0 0 0 0 0 0 0 0 0 0 0 0 0 0 0 0 0 0 0 0 0 0 0 0 0 0 0
0 0 0 0 0 0 0 0 0 0 0 0 0 0 0 0 0 0 0 0 0 0 0 0 0 0 0 0 0 0 0 0 0 0 0 0 0 118 32 142 124 162 254 252 169 89 134 123 105 225 74 74 224 167 83 111 217 153 78 26 222 31 55 206 99 243 172 164 81 127 163 106 67 13 228 139 10 14 111 5 6 149 73 83 198 170 84 85 69 186 18 167 0 0 0 0 0 0 0 0 0 0 0 0 0 0 0 0 0 0 0 0 0 0 0 0 0 0 0 0 0 0 0 0 0 0 0 0
0 0 0 0 0 0 0 0 0 0 0 0 0 0 0 0 0 0 0 0 0 0 0 0 0 0 0 0 0 0 0 0 0 0 0 0 0 0 0 0 114 248 106 40 203 157 119 146 103 145 17 206 3 48 97 227 45 144 139 152 20 192 156 24 245 165 35 101 99 57 93 125 201 164 6 133 252 53 4 135 172 49 46 190 253 202 247 64 233 0 0 0 0 0 0 0 0 0 0 0 0 0 0 0 0 0 0 0 0 0 0 0 0 0 0 0 0 0 0 0 0 0 0 0 0 0 0 0
0 0 0 0 0 0 0 0 0 0 0 0 0 0 0 0 0 0 0 0 0 0 0 0 0 0 0 0 0 0 0 0 0 0 0 0 0 0 0 0 0 0 136 140 77 191 218 208 203 6 49 242 102 97 74 180 66 142 131 175 219 125 139 201 109 35 36 189 152 42 162 240 91 220 241 60 192 201 44 174 136 127 100 60 101 182 152 0 0 0 0 0 0 0 0 0 0 0 0 0 0 0 0 0 0 0 0 0 0 0 0 0 0 0 0 0 0 0 0 0 0 0 0 0 0 0 0 0
0 0 0 0 0 0 0 0 0 0 0 0 0 0 0 0 0 0 0 0 0 0 0 0 0 0 0 0 0 0 0 0 0 0 0 0 0 0 0 0 0 0 0 0 0 232 140 106 141 75 70 198 72 164 95 168 99 112 119 96 180 212 8 146 213 189 160 154 51 127 106 194 127 106 60 136 161 233 113 202 158 38 187 234 0 0 0 0 0 0 0 0 0 0 0 0 0 0 0 0 0 0 0 0 0 0 0 0 0 0 0 0 0 0 0 0 0 0 0 0 0 0 0 0 0 0 0 0
0 0 0 0 0 0 0 0 0 0 0 0 0 0 0 0 0 0 0 0 0 0 0 0 0 0 0 0 0 0 0 0 0 0 0 0 0 0 0 0 0 0 0 0 0 0 0 0 0 177 24 20 250 131 88 242 22 49 240 25 180 159 55 85 186 128 231 126 252 54 70 182 238 236 75 236 63 199 208 175 0 0 0 0 0 0 0 0 0 0 0 0 0 0 0 0 0 0 0 0 0 0 0 0 0 0 0 0 0 0 0 0 0 0 0 0 0 0 0 0 0 0 0 0 0 0 0 0
0 0 0 0 0 0 0 0 0 0 0 0 0 0 0 0 0 0 0 0 0 0 0 0 0 0 0 0 0 0 0 0 0 0 0 0 0 0 0 0 0 0 0 0 0 0 0 0 0 0 0 0 0 209 75 188 185 121 99 219 218 9 69 111 126 26 186 91 148 139 250 181 105 21 42 206 0 0 0 0 0 0 0 0 0 0 0 0 0 0 0 0 0 0 0 0 0 0 0 0 0 0 0 0 0 0 0 0 0 0 0 0 0 0 0 0 0 0 0 0 0 0 0 0 0 0 0 0
