128
0 0 0 0 0 0 0 0 0 0 0 0 0 0 0 0 0 0 0 0 0 0 0 0 0 0 0 0 0 0 0 0 0 0 0 0 0 0 0 0 0 0 0 0 0 0 0 0 0 0 0 0 0 0 0 0 0 0 0 0 0 0 0 0 98 0 0 0 0 0 0 0 0 0 0 0 0 0 0 0 0 0 0 0 0 0 0 0 0 0 0 0 0 0 0 0 0 0 0 0 0 0 0 0 0 0 0 0 0 0 0 0 0 0 0 0 0 0 0 0 0 0 0 0 0 0 0 0
0 0 0 0 0 0 0 0 0 0 0 0 0 0 0 0 0 0 0 0 0 0 0 0 0 0 0 0 0 0 0 0 0 0 0 0 0 0 0 0 0 0 0 0 0 0 0 0 0 0 0 0 0 118 208 249 39 15 121 121 31 10 75 225 253 177 5 13 151 158 194 46 220 93 91 133 0 0 0 0 0 0 0 0 0 0 0 0 0 0 0 0 0 0 0 0 0 0 0 0 0 0 0 0 0 0 0 0 0 0 0 0 0 0 0 0 0 0 0 0 0 0 0 0 0 0 0 0
0 0 0 0 0 0 0 0 0 0 0 0 0 0 0 0 0 0 0 0 0 0 0 0 0 0 0 0 0 0 0 0 0 0 0 0 0 0 0 0 0 0 0 0 0 0 0 0 0 78 224 99 242 71 130 107 218 132 23 119 14 210 222 255 95 54 78 20 1 172 160 3 53 151 52 172 51 165 34 78 0 0 0 0 0 0 0 0 0 0 0 0 0 0 0 0 0 0 0 0 0 0 0 0 0 0 0 0 0 0 0 0 0 0 0 0 0 0 0 0 0 0 0 0 0 0 0 0
0 0 0 0 0 0 0 0 0 0 0 0 0 0 0 0 0 0 0 0 0 0 0 0 0 0 0 0 0 0 0 0 0 0 0 0 0 0 0 0 0 0 0 0 0 211 35 84 187 37 22 34 85 138 154 82 77 132 131 10 22 115 149 199 254 63 155 97 196 133 29 210 63 133 209 139 150 68 65 189 60 158 77 249 0 0 0 0 0 0 0 0 0 0 0 0 0 0 0 0 0 0 0 0 0 0 0 0 0 0 0 0 0 0 0 0 0 0 0 0 0 0 0 0 0 0 0 0
0 0 0 0 0 0 0 0 0 0 0 0 0 0 0 0 0 0 0 0 0 0 0 0 0 0 0 0 0 0 0 0 0 0 0 0 0 0 0 0 0 0 45 245 152 101 200 56 222 152 154 228 19 159 180 234 235 93 157 243 30 131 54 165 229 88 74 68 184 147 145 220 140 95 92 160 184 252 100 8 78 134 46 82 23 206 74 0 0 0 0 0 0 0 0 0 0 0 0 0 0 0 0 0 0 0 0 0 0 0 0 0 0 0 0 0 0 0 0 0 0 0 0 0 0 0 0 0
0 0 0 0 0 0 0 0 0 0 0 0 0 0 0 0 0 0 0 0 0 0 0 0 0 0 0 0 0 0 0 0 0 0 0 0 0 0 0 0 223 166 139 101 20 2 48 47 52 52 55 65 170 121 29 159 2 77 174 35 194 143 64 184 40 230 98 222 124 226 247 24 25 111 105 174 2 169 71 214 64 98 78 53 55 196 18 79 10 0 0 0 0 0 0 0 0 0 0 0 0 0 0 0 0 0 0 0 0 0 0 0 0 0 0 0 0 0 0 0 0 0 0 0 0 0 0 0
0 0 0 0 0 0 0 0 0 0 0 0 0 0 0 0 0 0 0 0 0 0 0 0 0 0 0 0 0 0 0 0 0 0 0 0 0 130 140 188 150 146 152 23 122 71 54 255 222 155 64 214 216 68 197 50 112 139 245 155 52 126 175 215 79 156 164 48 84 203 9 157 94 48 194 177 64 94 188 81 216 82 126 188 89 196 8 4 94 196 137 147 0 0 0 0 0 0 0 0 0 0 0 0 0 0 0 0 0 0 0 0 0 0 0 0 0 0 0 0 0 0 0 0 0 0 0 0
0 0 0 0 0 0 0 0 0 0 0 0 0 0 0 0 0 0 0 0 0 0 0 0 0 0 0 0 0 0 0 0 0 0 0 204 103 73 74 224 242 170 3 72 18 182 232 27 175 117 156 90 171 177 167 202 96 54 56 106 157 218 116 5 32 196 58 200 209 152 42 135 78 37 156 63 50 80 27 117 133 82 163 151 207 203 143 71 177 248 196 5 195 218 0 0 0 0 0 0 0 0 0 0 0 0 0 0 0 0 0 0 0 0 0 0 0 0 0 0 0 0 0 0 0 0 0 0
0 0 0 0 0 0 0 0 0 0 0 0 0 0 0 0 0 0 0 0 0 0 0 0 0 0 0 0 0 0 0 0 0 0 43 14 175 223 78 222 0 66 65 125 102 109 170 254 156 212 26 173 249 174 73 240 185 200 185 15 3 122 248 59 98 216 255 133 185 137 193 13 186 205 202 3 57 162 162 146 96 95 2 89 107 227 224 127 163 144 38 229 212 147 66 0 0 0 0 0 0 0 0 0 0 0 0 0 0 0 0 0 0 0 0 0 0 0 0 0 0 0 0 0 0 0 0 0
0 0 0 0 0 0 0 0 0 0 0 0 0 0 0 0 0 0 0 0 0 0 0 0 0 0 0 0 0 0 0 0 162 81 250 164 179 101 227 247 155 47 145 188 214 43 101 23 4 60 112 227 149 151 115 77 172 59 148 69 92 137 238 225 64 235 255 86 87 233 41 81 103 145 31 202 15 115 81 199 250 167 47 179 72 51 87 194 218 19 6 45 226 134 200 206 40 0 0 0 0 0 0 0 0 0 0 0 0 0 0 0 0 0 0 0 0 0 0 0 0 0 0 0 0 0 0 0
0 0 0 0 0 0 0 0 0 0 0 0 0 0 0 0 0 0 0 0 0 0 0 0 0 0 0 0 0 0 50 214 104 35 254 112 245 243 228 18 148 113 63 55 166 106 218 90 237 38 181 194 141 208 102 114 88 34 165 97 219 153 32 155 161 108 125 39 35 212 4 38 155 199 67 147 107 44 53 103 28 203 167 183 71 250 116 99 148 231 57 144 29 55 227 49 2 3 150 0 0 0 0 0 0 0 0 0 0 0 0 0 0 0 0 0 0 0 0 0 0 0 0 0 0 0 0 0
0 0 0 0 0 0 0 0 0 0 0 0 0 0 0 0 0 0 0 0 0 0 0 0 0 0 0 0 0 37 207 215 254 11 53 21 110 116 208 103 143 124 239 63 173 177 223 181 151 88 72 216 95 185 37 194 67 12 48 233 177 135 151 94 42 178 59 235 100 103 22 220 227 171 252 168 54 44 183 26 14 86 34 201 180 152 87 164 56 42 96 24 114 68 241 147 168 191 118 215 0 0 0 0 0 0 0 0 0 0 0 0 0 0 0 0 0 0 0 0 0 0 0 0 0 0 0 0
0 0 0 0 0 0 0 0 0 0 0 0 0 0 0 0 0 0 0 0 0 0 0 0 0 0 0 95 253 160 253 68 8 242 96 70 240 3 229 195 150 22 89 82 147 171 3 125 68 183 186 189 226 233 31 126 166 146 42 67 109 173 158 120 116 72 210 13 204 197 27 127 70 64 240 141 203 68 154 129 48 196 33 248 225 118 233 22 15 135 219 121 24 172 13 96 250 165 181 191 194 224 0 0 0 0 0 0 0 0 0 0 0 0 0 0 0 0 0 0 0 0 0 0 0 0 0 0
0 0 0 0 0 0 0 0 0 0 0 0 0 0 0 0 0 0 0 0 0 0 0 0 0 0 34 209 219 81 74 206 25 108 209 213 199 25 243 226 205 33 16 186 61 14 222 235 23 145 139 65 53 44 146 154 8 19 30 205 179 168 191 134 147 21 114 127 133 221 102 32 217 104 241 57 77 14 132 113 198 142 231 246 48 240 83 132 85 14 143 236 47 189 167 37 192 52 216 90 73 88 29 0 0 0 0 0 0 0 0 0 0 0 0 0 0 0 0 0 0 0 0 0 0 0 0 0
0 0 0 0 0 0 0 0 0 0 0 0 0 0 0 0 0 0 0 0 0 0 0 0 0 152 65 197 225 33 133 52 132 240 178 205 61 182 173 172 148 227 147 161 51 241 216 182 163 154 79 40 20 96 92 141 5 92 152 105 41 112 81 197 121 70 243 139 12 118 244 186 6 244 143 155 103 89 212 172 10 132 147 90 225 10 45 154 87 110 153 188 166 45 139 70 210 72 137 122 240 24 47 137 0 0 0 0 0 0 0 0 0 0 0 0 0 0 0 0 0 0 0 0 0 0 0 0
0 0 0 0 0 0 0 0 0 0 0 0 0 0 0 0 0 0 0 0 0 0 0 80 39 184 215 77 24 113 85 182 24 107 23 149 100 4 202 202 211 129 216 86 26 87 217 140 158 158 83 160 171 217 109 195 253 227 245 119 222 224 251 36 144 112 183 229 85 39 193 107 226 199 184 252 246 204 195 169 90 121 223 185 244 139 126 3 192 18 183 157 66 129 166 37 51 33 37 9 217 220 161 204 66 113 0 0 0 0 0 0 0 0 0 0 0 0 0 0 0 0 0 0 0 0 0 0
0 0 0 0 0 0 0 0 0 0 0 0 0 0 0 0 0 0 0 0 0 0 31 115 14 188 199 231 85 47 160 249 52 26 224 129 124 102 213 246 251 135 221 227 156 111 252 240 206 170 195 48 246 61 79 154 198 180 234 186 242 77 57 43 201 232 155 122 136 52 224 166 21 98 1 226 158 87 229 147 247 89 30 249 18 157 229 233 250 193 192 180 61 147 24 184 63 166 82 137 30 18 163 136 81 1 36 0 0 0 0 0 0 0 0 0 0 0 0 0 0 0 0 0 0 0 0 0
0 0 0 0 0 0 0 0 0 0 0 0 0 0 0 0 0 0 0 0 0 0 169 232 244 165 4 132 163 53 60 37 236 247 35 113 100 233 4 171 145 70 95 21 177 126 33 7 224 61 102 250 70 81 142 246 137 130 174 208 119 53 42 142 30 214 28 187 64 26 222 149 3 246 56 186 248 248 187 3 207 254 178 93 195 217 232 225 124 182 39 50 81 68 173 241 76 136 113 167 92 194 7 111 30 85 123 53 0 0 0 0 0 0 0 0 0 0 0 0 0 0 0 0 0 0 0 0
0 0 0 0 0 0 0 0 0 0 0 0 0 0 0 0 0 0 0 0 135 126 128 13 148 131 155 235 26 62 120 7 95 62 204 123 143 61 69 131 245 159 150 222 144 153 54 167 59 47 77 2 125 125 83 90 226 65 248 160 177 101 239 178 0 136 204 193 143 65 82 127 115 52 184 176 116 163 212 24 15 185 97 17 35 156 60 210 237 239 115 204 225 22 41 92 16 233 86 246 25 82 160 202 136 86 117 115 65 0 0 0 0 0 0 0 0 0 0 0 0 0 0 0 0 0 0 0
0 0 0 0 0 0 0 0 0 0 0 0 0 0 0 0 0 0 0 149 75 156 74 216 141 94 127 76 5 121 208 161 235 46 20 85 151 212 178 150 4 170 187 57 157 16 70 45 70 157 215 44 55 254 128 112 249 239 119 30 134 190 228 214 196 246 141 169 26 152 229 199 16 18 24 81 116 21 195 55 29 94 189 123 245 123 128 1 30 129 35 34 247 207 204 126 244 133 245 55 137 31 4 129 44 98 121 4 154 173 0 0 0 0 0 0 0 0 0 0 0 0 0 0 0 0 0 0
0 0 0 0 0 0 0 0 0 0 0 0 0 0 0 0 0 0 9 83 55 123 34 75 245 161 124 188 215 105 124 222 212 205 111 125 138 29 117 234 43 142 219 154 80 217 100 196 60 163 126 129 181 55 46 179 34 125 98 49 188 69 156 217 21 108 64 184 101 189 126 251 89 164 171 178 25 176 42 183 143 88 76 37 144 59 176 30 103 151 142 88 95 248 213 137 224 61 194 191 38 4 216 114 241 175 47 247 219 229 20 0 0 0 0 0 0 0 0 0 0 0 0 0 0 0 0 0
0 0 0 0 0 0 0 0 0 0 0 0 0 0 0 0 0 155 222 248 20 174 50 255 201 48 9 199 209 74 155 227 43 237 87 218 216 165 149 39 213 38 239 16 7 102 40 229 36 202 89 21 62 106 199 85 9 123 219 0 164 171 96 55 92 174 99 84 193 104 27 27 16 153 66 151 134 11 150 103 21 118 91 205 234 217 53 0 31 21 67 253 107 41 100 120 153 37 156 223 132 12 199 14 91 199 194 159 90 87 10 45 0 0 0 0 0 0 0 0 0 0 0 0 0 0 0 0
0 0 0 0 0 0 0 0 0 0 0 0 0 0 0 0 127 194 151 104 116 91 96 161 121 124 0 114 63 237 101 125 178 234 36 25 173 156 223 49 167 40 237 115 49 28 22 50 154 133 222 130 162 107 146 62 29 147 83 218 197 239 45 39 85 244 3 65 67 254 209 224 9 225 168 166 2 6 137 10 192 109 191 251 13 0 84 98 18 215 31 120 142 134 190 175 178 61 86 88 154 96 202 35 149 74 64 109 53 131 222 5 1 0 0 0 0 0 0 0 0 0 0 0 0 0 0 0
0 0 0 0 0 0 0 0 0 0 0 0 0 0 0 124 52 183 251 3 181 14 172 98 239 247 193 200 246 32 80 192 11 154 19 14 59 145 223 141 24 118 163 238 11 0 7 31 165 122 207 172 212 156 9 137 128 153 163 12 63 92 250 166 205 71 87 137 23 8 141 212 3 141 21 57 90 108 124 91 61 143 29 205 123 141 147 105 197 84 66 106 1 222 38 74 232 115 97 142 143 149 60 51 110 96 110 144 11 39 119 251 194 255 0 0 0 0 0 0 0 0 0 0 0 0 0 0
0 0 0 0 0 0 0 0 0 0 0 0 0 0 0 253 232 4 137 225 204 38 6 127 174 86 46 64 134 164 7 2 190 100 206 97 163 17 187 133 66 114 20 130 12 232 21 235 208 244 210 32 110 135 65 113 237 24 54 32 170 159 78 165 235 78 191 47 197 176 214 116 15 11 229 219 106 193 52 96 136 117 74 82 109 148 167 102 210 106 30 9 28 14 92 188 228 130 32 61 157 212 160 234 35 6 2 27 16 29 102 139 57 219 0 0 0 0 0 0 0 0 0 0 0 0 0 0
0 0 0 0 0 0 0 0 0 0 0 0 0 0 12 50 224 173 155 134 21 37 30 233 178 119 47 153 65 120 11 135 240 31 201 236 130 34 59 249 156 61 122 194 237 218 219 175 215 14 128 88 238 3 64 40 235 23 236 245 80 0 186 174 38 136 168 56 63 141 133 50 253 183 47 209 89 84 113 125 66 149 35 4 150 9 252 52 45 19 113 207 253 47 228 189 25 4 65 190 71 10 150 223 234 119 201 211 219 206 184 167 216 164 208 0 0 0 0 0 0 0 0 0 0 0 0 0
0 0 0 0 0 0 0 0 0 0 0 0 0 222 33 135 100 67 152 39 106 6 237 33 63 7 203 183 43 160 184 46 184 236 83 132 193 7 199 171 192 161 122 112 233 151 250 163 140 60 113 121 209 253 255 54 229 66 103 106 40 239 184 4 195 166 200 27 89 129 104 65 7 222 191 114 61 176 198 39 105 49 151 190 5 27 77 16 109 70 201 44 5 158 234 19 110 51 154 133 231 140 127 0 26 220 11 67 235 160 190 19 109 236 53 177 0 0 0 0 0 0 0 0 0 0 0 0
0 0 0 0 0 0 0 0 0 0 0 0 140 152 223 28 178 243 52 162 191 150 10 98 225 16 93 152 230 39 239 243 175 155 63 255 86 36 57 202 231 12 150 116 143 212 197 246 116 226 75 30 34 160 32 122 226 167 29 116 150 82 114 78 205 29 34 210 133 196 67 100 153 16 143 151 51 1 173 55 147 149 10 248 234 105 228 176 178 100 214 212 98 152 83 150 158 141 177 72 210 244 144 60 18 217 116 198 130 59 209 130 115 198 221 112 210 0 0 0 0 0 0 0 0 0 0 0
0 0 0 0 0 0 0 0 0 0 0 0 64 176 81 117 14 241 144 168 95 34 124 124 176 13 111 0 220 246 124 22 221 227 58 60 148 84 108 242 12 80 251 150 36 200 52 246 204 1 237 126 146 142 9 54 139 4 106 24 13 86 14 42 85 159 245 54 238 157 116 134 176 252 88 161 173 157 177 149 214 198 130 177 191 227 93 168 13 192 71 190 243 233 58 1 133 238 95 89 242 73 243 173 193 177 32 172 175 180 115 167 242 53 124 152 201 0 0 0 0 0 0 0 0 0 0 0
0 0 0 0 0 0 0 0 0 0 0 206 39 245 180 22 143 149 171 177 211 127 235 76 14 224 178 206 48 208 29 9 90 161 27 8 10 78 191 167 203 65 174 104 59 46 206 148 42 31 73 244 56 48 39 185 84 116 233 92 216 183 128 36 215 205 94 52 236 202 189 172 174 102 135 59 165 51 150 225 240 21 176 96 86 212 3 57 227 30 185 245 207 198 37 95 213 27 177 138 148 191 20 216 121 246 247 181 5 167 48 66 180 176 41 136 224 199 0 0 0 0 0 0 0 0 0 0
0 0 0 0 0 0 0 0 0 0 95 90 165 66 143 210 166 4 91 77 244 159 90 228 122 165 20 171 49 106 170 200 224 114 7 15 126 112 53 124 245 209 58 21 172 64 74 172 77 205 132 236 142 57 151 228 129 239 1 38 40 121 90 114 114 200 146 152 51 136 179 158 50 37 120 17 83 15 96 79 225 200 65 159 51 146 210 175 133 109 194 215 203 195 186 183 130 168 149 10 59 202 177 39 99 86 160 225 20 123 60 142 14 255 152 227 149 164 172 0 0 0 0 0 0 0 0 0
0 0 0 0 0 0 0 0 0 0 57 119 107 50 21 73 16 46 86 97 234 137 173 247 180 156 218 152 73 74 137 172 104 9 58 169 246 14 1 25 168 135 218 188 2 86 215 229 145 94 104 168 115 196 3 54 93 0 152 172 153 74 77 214 14 78 242 35 253 211 238 1 125 174 86 132 33 5 226 230 52 149 169 169 169 100 154 154 207 67 90 176 26 81 24 63 102 59 42 212 163 109 187 215 156 85 67 208 225 152 105 250 188 55 98 29 237 51 240 0 0 0 0 0 0 0 0 0
0 0 0 0 0 0 0 0 0 38 247 120 173 0 62 227 132 30 197 242 86 100 22 200 251 242 181 208 57 51 216 39 103 183 164 115 215 165 95 94 24 222 144 232 87 218 37 140 222 90 246 226 195 70 247 18 244 214 142 220 222 136 23 38 35 211 122 1 192 233 221 24 32 240 28 90 251 105 138 233 245 221 225 216 13 122 198 208 92 241 166 205 93 38 230 194 237 101 216 182 62 2 186 124 27 240 50 162 50 16 125 226 115 63 173 23 135 245 167 77 0 0 0 0 0 0 0 0
0 0 0 0 0 0 0 0 0 163 19 90 21 38 82 251 100 83 130 29 221 61 180 31 184 75 167 131 132 193 99 89 224 126 78 223 48 153 101 48 97 70 164 145 123 216 187 100 233 234 208 28 104 107 108 15 13 118 84 36 115 62 155 99 215 96 248 47 48 179 42 229 214 107 96 214 6 156 156 113 10 254 76 206 146 249 50 37 113 28 71 43 82 183 225 102 254 230 117 199 220 204 5 181 115 19 222 252 35 160 17 36 112 162 105 211 179 96 243 159 0 0 0 0 0 0 0 0
0 0 0 0 0 0 0 0 208 15 179 162 86 255 217 17 16 132 215 219 133 42 65 86 128 212 87 43 132 20 239 14 23 42 89 49 183 171 198 140 107 135 179 98 93 115 145 234 201 253 169 232 76 129 203 31 124 41 10 6 224 80 79 133 8 42 119 107 155 117 60 111 217 240 107 106 240 91 241 113 58 53 220 105 32 176 127 128 53 32 124 42 20 216 122 11 211 38 156 121 119 211 90 14 40 73 240 201 201 145 33 75 105 54 152 97 150 234 118 156 70 0 0 0 0 0 0 0
0 0 0 0 0 0 0 5 185 185 45 22 10 162 206 30 82 198 56 220 218 137 65 104 200 85 2 117 179 137 61 78 180 212 10 47 157 209 122 174 197 224 81 182 216 33 105 81 157 85 140 198 35 35 160 188 170 35 138 72 100 8 66 76 211 182 94 53 153 47 128 8 170 5 36 67 133 122 65 117 124 238 234 115 54 250 29 46 9 141 147 19 205 155 195 85 101 127 75 14 66 167 101 21 123 171 179 13 49 132 195 251 155 122 47 211 198 68 167 108 130 135 0 0 0 0 0 0
0 0 0 0 0 0 0 145 103 83 199 250 45 90 231 254 199 212 55 88 123 68 13 53 230 245 223 241 127 79 217 213 19 125 82 33 63 41 245 253 158 182 153 185 138 72 93 106 11 42 126 220 118 7 67 96 108 191 152 30 213 226 252 139 159 144 199 77 120 146 67 237 230 229 205 223 39 73 40 231 47 129 227 102 25 236 198 186 37 236 86 76 129 74 90 92 162 222 76 184 73 42 195 29 105 180 148 239 119 120 213 141 230 145 55 234 69 253 92 231 246 131 0 0 0 0 0 0
0 0 0 0 0 0 29 153 21 37 54 232 128 100 106 133 33 52 68 160 214 252 75 100 27 175 169 231 49 92 27 219 243 144 13 80 75 123 176 129 80 227 38 54 209 82 249 11 128 182 161 202 58 172 220 47 253 98 111 29 252 57 45 193 48 28 201 114 155 90 113 204 197 224 130 251 117 68 18 96 22 117 194 176 232 206 149 98 78 141 145 96 91 82 34 77 31 131 17 236 150 82 20 168 60 244 104 79 98 93 205 152 115 190 141 53 166 150 4 210 122 69 227 0 0 0 0 0
0 0 0 0 0 0 145 181 105 42 162 6 34 49 34 169 211 74 192 80 118 117 243 221 197 129 210 159 178 255 61 21 70 67 58 212 170 188 112 74 90 164 118 162 42 156 76 255 183 170 91 85 227 52 197 166 131 21 174 84 211 78 226 69 179 130 153 155 94 169 55 168 220 124 27 41 187 221 83 208 38 245 17 11 49 5 246 57 54 184 147 124 236 252 75 204 15 147 249 240 139 49 101 45 70 222 45 133 69 122 33 231 6 122 147 230 137 230 21 221 65 198 29 0 0 0 0 0
0 0 0 0 0 0 217 20 138 1 6 138 102 70 80 188 63 87 184 139 237 250 137 53 84 153 233 175 28 102 157 214 159 95 6 31 90 122 193 164 104 134 232 28 232 38 50 160 40 250 247 177 137 119 51 126 124 174 41 108 170 122 69 152 163 67 36 154 202 115 242 190 91 150 45 227 46 101 117 13 94 8 147 112 250 122 6 209 163 65 134 71 231 2 169 61 102 13 173 164 185 31 89 51 250 39 156 193 141 184 175 11 199 101 175 32 204 181 159 145 219 184 13 0 0 0 0 0
0 0 0 0 0 29 60 8 125 103 121 104 86 55 94 21 161 60 238 150 20 60 178 15 114 126 52 185 15 137 211 180 117 23 37 54 162 220 74 242 88 113 145 82 94 45 127 194 2 157 4 23 219 40 90 22 177 246 251 125 131 147 140 167 151 79 51 197 166 15 25 45 205 149 243 181 114 11 219 122 224 142 60 212 24 81 225 82 98 65 4 61 124 49 198 162 143 209 229 182 128 219 218 225 245 146 92 73 151 154 248 238 58 136 234 49 14 160 250 151 10 70 82 184 0 0 0 0
0 0 0 0 0 190 113 145 109 251 144 234 90 127 177 183 209 113 169 101 107 89 4 129 212 92 185 137 233 174 227 249 132 216 217 43 94 126 233 173 216 41 120 27 150 46 163 49 182 107 129 209 227 236 131 81 57 44 97 234 58 147 87 28 177 89 82 77 241 14 245 43 118 127 8 191 233 125 51 195 53 56 117 72 157 64 112 122 104 190 44 91 142 96 131 18 52 112 33 247 181 156 107 205 142 152 184 215 15 99 254 113 81 91 63 170 245 143 198 196 30 80 27 251 0 0 0 0
0 0 0 0 122 37 11 79 77 101 241 171 129 83 64 224 198 115 141 186 33 9 82 29 6 200 170 65 47 163 136 1 181 242 147 143 134 108 43 52 193 180 253 51 225 111 180 225 132 75 172 246 31 75 148 110 88 5 212 35 206 3 80 20 29 70 164 127 56 238 134 15 89 200 169 208 204 196 188 78 234 159 62 116 250 164 181 182 203 129 127 63 143 77 16 210 140 64 117 39 154 8 229 11 73 244 20 216 164 63 250 238 69 221 54 6 26 83 225 236 95 114 145 22 171 0 0 0
0 0 0 0 72 74 220 226 171 214 165 200 177 223 48 183 216 130 225 24 114 152 245 73 146 12 109 248 30 200 45 212 104 28 54 52 13 107 200 203 146 213 21 79 241 64 160 1 96 108 42 67 234 118 194 242 38 245 183 50 199 167 134 174 75 93 131 151 60 184 231 126 80 174 69 216 95 79 116 251 251 102 84 232 147 200 46 44 92 185 61 48 47 129 77 128 172 186 25 244 53 19 102 66 129 173 96 47 59 133 194 28 235 3 217 54 208 114 189 145 151 3 106 241 146 0 0 0
0 0 0 0 129 16 29 121 112 252 51 97 242 89 232 204 191 221 51 193 237 107 237 177 117 39 81 224 40 154 35 142 163 160 19 83 131 205 47 221 120 169 68 50 91 182 208 192 241 34 191 122 4 220 148 182 94 195 216 172 237 234 115 236 22 25 236 230 236 239 214 173 228 224 244 9 242 141 151 65 142 204 26 88 112 114 90 119 238 60 113 56 116 198 177 61 114 234 47 172 18 106 109 87 30 227 69 60 32 33 237 201 102 154 77 138 81 109 245 186 27 81 110 161 15 0 0 0
0 0 0 158 101 127 252 219 188 204 4 95 121 141 92 123 24 134 254 9 71 121 1 182 144 234 173 108 152 252 93 214 34 40 58 170 114 153 110 53 229 61 167 113 235 215 248 246 24 170 242 89 103 123 28 208 218 132 168 176 106 44 0 240 155 2 255 79 9 132 69 220 61 180 225 160 208 144 247 119 166 45 69 166 179 167 15 117 117 9 83 8 18 1 116 33 39 134 97 164 157 12 5 247 7 250 162 147 106 186 130 121 152 142 1 19 202 254 235 89 219 54 207 185 127 89 0 0
0 0 0 64 89 81 44 71 254 51 30 170 218 230 212 224 188 184 171 54 88 56 156 97 142 105 52 219 200 175 139 103 198 82 227 139 204 75 123 8 180 235 72 178 38 96 200 13 31 43 47 112 151 209 255 166 237 138 207 177 160 128 149 72 192 135 230 129 73 80 217 91 146 123 214 26 85 171 167 37 67 71 173 113 180 111 15 167 250 81 51 51 7 132 101 115 164 173 231 80 83 148 249 156 152 110 228 234 45 134 19 5 102 112 201 16 239 118 181 157 165 241 142 139 79 233 0 0
0 0 0 216 43 236 168 205 170 194 16 112 187 174 200 78 65 233 84 167 249 203 56 185 205 21 188 192 216 219 164 2 191 155 10 166 121 153 246 143 107 160 214 187 2 22 202 225 48 205 158 197 68 66 129 198 161 62 209 113 185 130 11 149 202 98 20 84 148 192 204 74 169 18 31 13 207 39 199 220 244 122 132 45 87 124 20 131 118 5 62 73 174 92 147 96 233 63 162 6 201 113 14 154 155 26 52 88 107 180 159 211 154 99 26 248 241 175 115 69 245 136 27 166 220 62 0 0
0 0 0 88 238 6 33 215 217 123 195 50 54 59 187 91 170 114 178 162 137 150 192 247 52 47 129 228 110 39 131 194 198 213 139 5 84 16 36 70 63 193 75 54 0 221 83 143 113 203 35 189 35 236 24 238 138 206 124 36 218 64 197 181 88 234 63 227 254 116 211 62 220 229 156 105 53 81 80 32 152 238 65 110 155 3 137 36 240 123 132 123 98 77 141 63 204 252 225 104 88 43 142 207 136 220 4 102 199 85 214 86 92 209 91 115 28 78 140 31 139 222 77 52 213 51 0 0
0 0 247 55 203 158 138 194 250 100 143 119 30 208 233 235 236 33 166 229 119 101 197 252 121 149 246 248 93 62 200 157 123 236 50 73 154 250 113 50 31 64 208 89 158 68 103 1 112 248 219 234 52 206 186 206 72 47 130 81 134 131 92 60 37 169 95 40 222 16 92 202 102 115 53 113 80 133 17 87 20 237 192 104 181 73 54 69 3 18 166 1 2 94 106 209 169 201 7 112 193 41 66 221 73 5 89 236 15 101 48 79 184 198 205 194 55 112 9 235 228 43 246 44 252 166 102 0
0 0 219 23 103 216 162 10 109 130 165 179 31 213 155 141 170 46 83 142 238 34 87 220 4 187 66 121 87 206 168 129 147 202 12 177 164 137 33 161 159 142 183 254 137 239 88 117 173 206 135 45 148 251 42 104 171 26 161 119 15 215 35 28 230 135 203 20 100 124 152 165 240 6 40 213 148 51 221 153 180 16 226 220 63 19 87 98 13 158 61 60 245 117 144 253 168 112 225 8 201 125 206 81 43 243 13 82 73 12 226 128 227 206 196 94 209 246 25 42 47 83 158 72 94 138 202 0
0 0 133 214 183 179 152 168 159 218 70 23 159 78 27 148 77 156 159 131 98 150 30 151 100 77 192 55 90 86 13 162 137 240 24 247 167 109 76 92 232 55 109 253 115 182 149 201 192 144 97 90 169 65 18 48 137 219 215 48 89 252 79 29 34 234 181 15 131 26 51 41 183 139 226 205 44 21 56 15 150 17 24 116 155 248 223 56 61 138 134 114 194 156 107 243 126 131 249 86 177 151 98 33 247 211 243 193 186 234 105 238 179 3 94 88 13 127 145 15 205 127 76 235 20 179 105 0
0 0 66 94 212 79 198 45 39 194 223 95 7 240 148 24 156 19 9 192 172 88 149 149 125 90 232 162 54 117 84 162 247 166 50 167 53 210 36 67 139 175 33 53 10 103 72 175 229 34 73 32 223 211 61 215 10 46 42 184 116 26 78 160 230 26 158 17 130 128 104 23 159 140 97 35 184 82 25 85 247 151 107 52 200 62 46 165 108 3 142 170 180 66 183 61 51 152 136 148 226 242 250 94 242 1 153 218 241 247 214 152 113 207 105 237 172 216 255 224 233 240 79 189 135 209 251 0
0 160 40 233 209 99 190 132 204 190 55 75 98 96 186 16 207 127 104 161 62 239 23 80 206 122 155 101 78 189 53 206 205 61 180 203 90 0 43 224 250 33 250 43 233 89 19 212 21 15 107 126 50 24 198 157 194 231 200 12 157 196 214 249 231 3 206 79 45 77 166 89 178 72 29 77 233 239 103 221 50 108 201 12 91 210 64 66 95 61 234 90 59 56 14 144 58 37 209 86 150 64 14 177 117 253 239 232 144 102 158 126 49 168 78 209 193 7 141 153 37 101 3 167 163 226 123 254
0 21 57 177 127 53 1 213 19 200 247 224 85 194 86 124 230 28 148 75 93 55 87 40 31 14 177 243 99 128 97 196 0 51 109 99 45 102 224 63 211 6 123 69 61 92 75 16 233 66 231 240 166 129 222 88 193 133 23 187 86 46 103 255 22 105 186 209 41 249 141 195 20 166 224 63 14 91 237 3 64 176 8 167 76 237 123 114 159 221 49 97 12 131 201 101 21 18 160 102 117 169 204 134 142 226 88 73 172 86 127 250 136 192 138 210 202 53 144 145 28 87 89 193 119 194 90 125
0 162 69 75 188 143 71 78 8 93 42 244 130 78 247 220 39 41 133 192 95 67 232 26 182 5 144 1 162 189 198 203 201 3 233 255 99 190 21 7 227 107 255 27 82 118 83 176 165 84 220 141 58 109 35 3 165 92 63 254 69 62 162 216 182 24 100 93 230 110 81 105 231 49 67 151 222 29 37 141 49 101 223 235 29 38 45 120 172 150 191 250 78 54 136 63 238 94 151 133 208 50 155 125 143 207 181 95 117 33 246 84 253 53 22 209 22 75 212 109 157 134 47 199 72 115 153 16
0 122 203 121 179 47 246 115 90 175 17 30 25 1 243 111 136 233 228 79 42 70 185 221 212 32 111 80 19 202 155 45 99 47 107 124 214 248 2 144 207 191 154 139 44 3 241 14 15 222 199 216 99 99 84 222 10 242 220 207 63 29 7 215 77 214 196 71 67 187 131 162 135 192 182 137 142 9 33 222 100 17 152 197 105 6 90 32 169 104 9 108 167 97 56 214 58 15 230 187 214 131 80 193 79 56 130 114 211 68 68 118 56 34 27 191 128 119 78 59 142 18 43 216 216 66 222 221
0 135 166 159 71 28 104 138 154 15 9 241 54 192 107 248 211 50 198 162 79 199 224 227 64 117 120 227 35 229 41 213 53 4 255 123 141 69 180 251 1 1 110 144 209 194 144 131 130 235 254 106 166 108 171 176 77 151 119 74 227 105 73 252 167 113 89 190 24 171 50 250 255 173 214 76 209 107 213 29 204 52 190 97 39 111 97 226 47 211 119 171 119 24 132 242 49 158 117 188 103 65 234 125 191 192 234 133 155 8 247 75 117 35 9 48 123 67 12 222 63 24 91 221 169 103 79 181
0 238 96 31 184 209 70 64 178 142 194 67 71 82 123 165 207 187 29 129 158 181 52 20 147 227 212 54 240 234 45 230 6 119 23 167 10 58 182 208 25 195 173 160 100 46 102 224 251 177 224 254 206 191 25 188 28 3 106 246 93 91 214 24 185 17 183 3 167 49 9 29 64 205 96 122 50 231 98 110 242 214 229 202 112 93 38 134 177 112 147 198 1 127 251 120 23 207 128 201 116 118 237 231 254 62 224 146 238 101 74 127 158 226 40 26 137 18 249 210 193 232 193 195 173 219 244 116
0 246 7 51 167 106 80 92 161 6 233 183 220 2 103 246 215 19 30 164 229 179 237 123 208 109 199 255 68 38 197 168 208 113 156 90 60 131 214 106 127 238 17 78 208 190 118 74 87 149 162 120 190 191 54 70 9 206 199 226 157 221 52 95 31 170 88 88 219 13 61 136 73 33 200 144 159 236 148 43 45 220 143 92 11 10 242 101 163 14 31 65 157 228 21 73 245 79 8 190 161 70 47 253 5 180 110 193 210 211 37 218 11 23 56 251 139 44 4 141 106 106 153 107 110 232 15 108
0 220 13 220 111 7 141 193 248 128 195 174 42 36 218 160 185 177 238 217 209 131 186 96 229 198 203 90 33 217 171 186 252 131 61 76 200 80 117 70 71 197 76 177 82 238 75 46 97 201 244 233 208 159 41 119 218 96 232 17 38 229 212 72 191 198 111 40 159 216 188 32 95 141 3 19 232 6 66 124 64 0 55 244 195 1 112 24 239 146 4 8 84 22 69 74 208 143 43 174 215 59 112 196 93 99 189 103 53 52 203 189 30 168 60 48 10 131 164 227 76 97 36 166 217 147 231 57
0 217 221 99 162 82 92 219 181 117 44 221 33 134 61 49 25 164 7 196 81 3 232 202 214 6 209 152 50 153 49 204 41 118 71 157 136 219 1 47 146 226 36 167 232 94 14 204 79 147 248 27 209 11 47 63 88 67 54 91 12 63 232 139 60 33 212 236 93 251 144 232 175 99 112 126 248 149 227 52 5 113 225 221 107 143 193 29 89 4 86 87 108 210 39 9 105 154 82 143 46 101 13 64 3 241 187 82 37 145 162 105 186 85 22 100 125 234 225 157 236 192 188 127 246 171 155 173
0 186 41 51 92 226 249 123 146 35 112 214 243 234 65 226 226 112 34 154 43 111 52 171 233 214 21 98 69 201 237 202 55 247 160 130 144 105 218 156 45 226 6 31 158 64 123 8 4 190 2 129 121 206 50 15 194 125 68 1 198 175 31 38 37 96 233 138 217 77 114 107 139 142 33 246 22 60 123 43 24 174 104 63 46 147 19 96 51 227 247 26 15 96 60 153 35 202 249 8 183 202 1 116 213 150 75 198 224 44 49 27 104 229 2 133 94 125 20 84 112 252 158 233 224 47 36 240
0 229 7 42 204 231 237 107 139 131 65 236 165 152 171 51 205 7 77 94 237 50 175 65 175 171 107 69 184 96 223 233 202 131 95 137 103 249 158 189 0 242 197 7 217 36 142 131 6 185 250 11 11 254 246 217 199 124 10 200 175 73 251 95 14 135 75 0 124 43 190 20 126 177 98 47 36 48 135 24 225 249 142 187 71 65 2 220 190 243 72 219 234 108 47 167 115 249 88 154 163 90 60 27 48 27 10 32 127 149 148 217 226 94 46 44 232 213 238 248 46 82 38 223 236 140 60 18
251 253 18 235 36 105 66 222 231 6 90 195 115 246 133 154 72 227 176 152 93 233 217 137 31 95 244 162 233 60 39 80 145 242 101 248 12 190 121 136 129 17 211 137 195 217 101 225 237 187 96 84 184 212 255 209 53 231 179 106 245 165 179 102 231 57 143 74 71 133 1 69 137 55 240 41 213 50 44 115 229 110 204 72 96 203 98 131 162 28 190 74 18 6 105 54 81 62 119 245 28 80 209 212 105 129 180 109 17 248 171 219 197 147 178 32 101 137 19 138 201 77 154 252 201 16 224 233
0 221 138 155 133 17 194 230 26 108 208 116 148 4 107 3 167 174 30 81 18 111 150 156 153 34 145 69 92 22 22 19 89 101 56 103 61 202 62 175 43 39 224 206 166 37 208 223 249 31 243 151 102 209 162 211 231 23 217 224 147 239 174 104 234 163 209 185 108 45 221 92 201 49 230 78 223 152 202 149 192 55 163 134 239 180 244 116 115 40 67 43 23 30 91 59 241 132 189 233 185 217 180 131 181 17 124 28 20 155 201 168 241 149 181 238 15 235 68 118 212 5 85 93 75 184 108 62
0 104 81 3 189 148 188 217 28 170 18 7 21 217 205 90 123 255 246 151 105 87 64 67 62 135 59 188 88 244 247 31 79 79 176 82 33 94 27 105 177 239 82 57 248 95 99 159 236 114 223 221 2 35 21 249 30 229 255 86 116 7 104 30 35 134 235 230 247 46 189 174 50 4 150 33 143 141 16 54 147 12 102 57 165 86 155 72 15 11 159 41 96 153 24 198 170 46 206 174 153 76 255 156 14 137 91 206 237 106 26 222 85 230 77 174 66 164 212 51 209 130 242 15 21 225 64 173
0 24 13 156 97 75 108 202 7 29 93 19 189 166 167 14 38 251 58 49 122 177 210 59 15 11 218 154 252 113 40 238 191 109 192 224 100 11 249 200 197 142 115 112 165 141 36 174 55 133 219 156 3 42 26 169 3 245 16 66 232 93 217 75 192 86 188 211 218 96 115 10 124 84 16 48 0 111 49 161 181 151 32 94 186 106 245 79 89 178 110 185 184 79 51 247 7 157 28 73 90 41 192 28 6 124 116 234 160 186 30 7 80 252 83 52 227 3 180 18 0 55 51 88 181 215 137 21
0 163 116 230 142 159 102 55 178 177 230 86 47 184 190 74 70 91 244 147 35 187 196 175 198 165 146 205 141 125 2 93 34 231 168 193 200 215 198 186 52 196 250 188 22 96 86 169 215 231 80 134 131 50 26 119 76 208 76 58 78 144 28 86 248 177 16 151 31 103 178 238 224 149 170 193 143 235 248 48 248 222 239 94 124 226 177 197 207 221 202 47 140 157 87 106 146 138 25 192 74 147 90 242 186 15 106 92 38 228 202 72 246 127 74 156 92 36 5 67 43 142 5 241 68 209 238 222
0 187 139 251 69 183 11 61 132 67 76 178 12 110 177 143 253 110 99 104 215 113 169 25 15 150 199 163 17 153 58 227 7 220 17 125 61 3 215 79 229 131 228 245 189 251 154 128 192 148 139 39 140 210 54 119 155 150 240 43 153 20 119 228 80 72 67 195 145 72 67 149 175 48 87 1 140 71 203 166 128 109 147 164 224 89 30 71 68 38 144 66 53 75 70 202 139 250 39 0 227 32 230 25 239 116 221 44 180 107 57 61 221 178 62 198 28 99 216 139 209 215 4 78 255 224 152 64
0 14 28 20 103 101 165 99 131 235 85 213 199 230 79 225 253 85 184 143 182 110 177 124 130 35 100 45 176 164 60 81 23 214 134 89 149 17 105 169 199 125 88 186 14 28 143 236 39 167 132 38 221 171 254 205 75 169 236 194 133 118 122 45 141 42 160 149 87 59 51 140 204 0 216 29 201 176 25 143 71 154 253 125 248 133 161 35 66 198 174 125 117 60 122 197 18 156 104 96 163 32 71 206 177 59 21 221 138 186 173 58 7 12 7 244 13 146 127 58 77 62 8 47 227 47 176 50
0 0 46 71 62 56 66 69 125 28 160 199 1 29 170 205 41 14 198 10 111 224 114 13 96 85 122 56 63 242 145 129 172 228 140 206 177 4 3 233 93 37 185 205 60 43 78 54 168 56 81 213 127 205 131 167 124 230 51 221 221 32 75 132 39 121 174 251 237 237 114 111 207 220 88 248 207 90 149 137 38 51 223 27 61 88 248 8 56 135 51 233 72 195 146 227 168 42 233 214 207 31 237 132 159 196 227 243 107 187 13 8 94 20 0 64 24 244 85 249 76 169 63 26 156 186 68 137
0 236 194 158 86 45 200 5 17 213 2 87 215 73 90 109 36 192 26 137 60 136 200 241 35 88 67 61 193 18 4 211 121 101 90 213 125 254 123 48 62 252 202 164 130 145 104 226 173 30 218 235 58 47 238 180 16 169 90 232 54 92 56 107 36 129 154 231 114 50 11 162 35 14 162 140 219 13 26 0 220 188 10 17 51 29 208 150 230 101 204 109 131 178 92 119 148 79 242 250 154 112 179 220 80 108 14 119 36 62 219 105 130 47 97 245 81 139 177 229 25 234 97 215 220 148 3 253
0 18 112 17 104 116 76 252 4 182 231 75 254 122 40 204 197 219 91 245 41 144 86 84 223 171 6 155 71 159 94 189 153 110 16 14 24 85 1 210 194 53 194 12 135 95 3 49 19 52 66 240 4 242 133 193 155 247 164 136 113 96 231 213 100 248 18 221 252 229 161 88 165 226 252 115 197 210 5 149 33 50 140 146 145 70 228 101 245 152 207 211 101 8 6 94 76 37 235 138 48 210 0 243 63 150 31 150 133 215 109 223 34 24 231 53 144 190 171 103 118 1 149 131 169 188 145 98
0 119 199 96 114 116 186 153 166 20 251 189 68 60 33 42 40 240 145 238 5 42 168 107 80 132 127 55 248 115 21 22 212 27 35 46 194 154 47 135 169 38 13 84 45 47 73 123 231 109 8 15 141 185 127 130 254 216 47 101 185 193 126 213 45 95 125 251 151 172 93 80 128 253 254 210 39 209 162 157 11 179 152 253 41 5 85 104 20 30 212 128 123 153 64 229 204 141 108 237 108 96 103 49 169 148 2 239 32 40 252 8 183 40 127 195 109 172 9 255 94 74 81 32 210 73 219 149
0 110 163 174 101 232 174 228 132 144 51 205 236 72 69 170 51 201 198 154 98 196 207 49 73 155 144 201 216 39 249 156 81 163 105 124 192 52 85 27 83 196 165 65 79 36 254 133 190 125 211 34 101 59 204 1 150 127 225 223 49 165 251 101 65 141 13 17 250 192 45 104 171 227 14 77 92 93 170 18 162 215 27 135 252 235 97 220 75 13 243 21 113 26 181 94 109 212 84 85 108 62 146 252 161 207 198 248 240 127 207 66 73 187 127 228 243 124 182 2 32 211 194 4 224 32 220 3
0 0 100 15 172 87 231 131 118 226 155 148 236 208 115 251 102 98 46 11 156 18 119 182 65 178 122 102 161 253 227 26 169 169 159 250 145 222 179 137 127 220 168 58 29 57 109 248 211 218 149 180 124 165 225 62 79 183 70 249 181 233 8 200 95 43 123 23 235 150 110 186 143 78 142 224 149 141 182 3 208 135 28 142 212 94 168 92 137 233 99 160 87 64 112 131 22 122 81 162 65 63 172 109 61 28 98 216 30 44 68 40 15 114 57 66 138 199 207 216 0 25 41 242 48 24 156 0
0 0 13 142 26 149 231 124 107 51 205 52 9 150 95 243 146 150 204 167 53 121 129 201 126 165 175 166 199 223 30 136 109 114 176 36 83 204 183 112 139 88 165 115 168 105 248 234 182 234 240 39 154 181 171 237 221 34 0 18 17 72 51 205 233 186 46 55 248 118 254 238 65 204 26 164 37 213 196 24 123 60 66 148 71 4 125 172 93 226 210 78 55 186 210 247 186 82 132 160 249 129 5 116 228 218 233 249 128 220 0 150 41 94 0 19 136 214 243 65 58 243 93 201 19 202 60 0
0 0 98 136 113 183 143 151 174 238 63 220 217 46 89 70 54 120 39 110 82 197 63 85 245 250 169 154 68 130 91 15 30 223 182 120 125 14 116 129 114 87 39 130 112 154 37 231 15 148 63 22 77 241 88 33 114 150 206 123 214 101 199 56 35 123 8 224 8 116 132 150 161 226 135 170 243 189 36 72 143 216 170 54 191 90 2 27 21 218 116 213 253 234 216 85 93 103 109 15 194 156 227 168 40 69 181 158 160 191 204 156 72 75 51 190 160 170 10 30 93 236 15 51 104 5 30 0
0 0 192 156 6 141 78 157 61 16 142 127 2 64 5 43 188 240 153 227 161 240 153 109 48 8 239 249 231 253 48 225 188 250 213 139 90 192 132 145 63 39 24 133 24 202 113 254 72 125 235 124 4 143 197 203 201 71 74 7 1 2 12 50 124 190 87 57 85 113 88 151 243 191 61 230 117 93 206 4 81 54 245 217 147 138 27 100 229 199 117 208 69 249 144 101 133 170 164 183 169 205 176 137 122 237 110 107 7 37 185 119 251 116 11 108 122 152 225 133 246 227 29 101 23 199 219 0
0 0 0 231 84 154 171 235 32 101 32 9 149 204 94 147 2 32 200 26 107 40 191 36 10 21 235 6 55 1 116 191 168 39 56 21 238 89 67 69 49 181 55 109 225 16 188 106 50 230 166 43 189 163 196 27 203 65 236 145 93 132 5 181 79 246 237 16 70 132 133 133 133 159 3 108 234 56 18 63 7 17 102 79 172 54 6 220 24 87 106 26 144 48 181 184 39 4 243 157 172 33 89 197 152 234 103 214 185 31 19 152 177 104 47 102 16 231 178 217 144 236 241 161 112 154 0 0
0 0 0 244 31 226 39 153 67 118 134 73 225 20 46 160 128 174 31 133 173 152 183 222 63 80 119 245 234 114 52 15 71 130 147 209 114 130 85 91 49 21 190 244 129 133 225 208 44 241 219 136 154 2 135 24 218 162 221 120 92 13 38 57 115 211 102 26 44 148 243 134 232 71 129 240 176 64 161 215 77 184 140 14 84 236 4 201 80 5 41 138 10 252 241 192 211 158 123 59 84 107 252 118 248 166 82 107 63 129 41 222 190 52 175 211 8 9 135 23 38 98 240 223 11 239 0 0
0 0 0 160 46 198 142 87 199 200 158 68 6 210 143 205 36 154 187 236 48 40 0 253 238 88 178 202 160 18 194 125 192 28 159 197 120 190 68 182 162 53 145 151 126 219 236 244 193 226 120 170 113 152 219 212 145 84 51 241 116 236 10 2 23 171 96 138 54 172 64 206 12 79 0 51 153 83 247 7 36 66 75 238 34 185 172 178 185 72 251 38 149 113 117 252 228 255 17 61 221 240 10 6 22 172 205 115 92 50 66 201 202 44 56 104 165 39 199 236 24 90 184 246 35 154 0 0
0 0 0 221 41 79 245 3 198 155 192 121 77 206 49 138 48 18 130 22 6 62 114 235 252 53 212 84 136 113 116 19 14 199 191 241 145 140 221 153 255 2 69 129 34 143 158 110 247 65 16 78 99 92 62 223 103 7 34 43 31 169 125 120 254 216 12 80 230 142 129 199 121 152 150 241 117 221 249 212 130 150 182 127 228 86 160 96 96 195 53 130 47 112 122 142 209 165 98 37 46 72 192 216 30 86 155 186 20 178 189 226 14 160 239 19 90 194 3 99 111 65 202 157 190 206 0 0
0 0 0 0 44 251 255 91 158 207 106 236 189 14 40 6 89 59 211 193 11 184 251 177 99 121 7 49 159 1 51 236 72 35 59 247 113 252 164 227 58 183 70 245 61 50 6 50 66 211 187 167 176 35 37 178 147 138 43 35 88 254 86 1 74 177 61 91 119 71 234 8 0 168 24 136 242 168 236 11 240 29 228 68 43 68 162 94 42 165 254 140 81 198 28 42 163 186 242 201 33 133 60 45 96 107 3 183 217 171 61 79 118 236 107 4 201 102 133 163 166 68 31 37 71 0 0 0
0 0 0 0 217 215 32 126 6 215 108 90 41 173 176 79 182 2 44 178 167 144 22 229 206 64 180 114 193 197 213 4 2 85 154 50 72 241 44 7 135 35 57 68 251 13 230 40 73 238 179 196 184 135 212 236 18 117 112 225 241 17 176 229 50 194 199 161 206 114 186 253 17 129 22 74 36 107 151 255 84 136 73 63 29 146 213 68 34 251 104 181 146 255 214 73 234 164 3 87 107 81 49 254 190 151 63 62 34 44 65 165 111 230 129 201 46 250 177 159 111 33 205 131 34 0 0 0
0 0 0 0 41 82 150 71 15 202 155 105 25 226 147 83 37 4 32 90 58 136 25 186 218 123 232 66 15 67 18 23 223 233 201 194 94 46 26 190 155 68 153 116 229 226 177 7 105 173 82 29 219 242 205 141 115 68 208 254 90 30 137 16 56 126 28 191 155 109 15 134 166 42 10 210 103 197 179 234 82 134 201 230 250 222 4 25 13 81 117 14 141 118 63 47 77 114 44 111 0 153 94 36 178 16 3 99 193 162 247 172 115 170 242 154 101 26 153 93 46 112 40 34 30 0 0 0
0 0 0 0 0 113 239 189 212 67 95 129 175 222 166 15 37 125 168 225 9 205 129 27 194 155 54 54 22 96 121 99 183 23 138 211 34 133 111 75 122 204 129 227 167 171 203 222 156 54 245 250 138 190 146 55 177 88 124 26 100 192 157 233 149 143 13 74 78 40 225 215 46 32 134 114 31 148 151 15 191 165 33 241 251 10 216 10 97 216 11 159 146 160 85 110 122 232 187 140 208 126 249 185 234 204 39 191 57 47 146 76 146 239 49 246 90 186 249 184 47 95 131 131 0 0 0 0
0 0 0 0 0 135 224 73 196 101 190 177 153 229 2 37 158 199 156 102 116 4 9 211 107 39 109 145 46 74 135 105 105 77 131 16 86 4 216 128 49 213 160 174 37 199 113 255 143 9 3 198 184 236 97 236 245 252 176 154 1 119 245 162 195 9 244 71 149 49 213 185 120 232 57 87 78 245 175 69 52 164 198 69 67 251 93 7 38 25 137 237 37 77 129 219 92 80 63 243 214 180 161 152 99 49 234 196 210 160 95 220 224 32 224 89 246 18 12 161 158 121 216 176 0 0 0 0
0 0 0 0 0 0 58 153 61 130 85 33 200 99 133 53 46 141 177 145 98 102 38 17 38 168 23 68 5 188 51 115 57 39 221 124 140 115 192 101 181 69 219 31 31 226 2 65 60 129 49 20 43 200 203 225 213 76 184 177 1 172 168 19 230 213 21 189 248 195 89 8 175 147 86 194 116 144 205 172 255 22 11 235 166 170 17 11 95 12 167 3 48 165 125 29 38 43 201 166 67 46 210 69 154 224 109 20 8 112 191 41 92 99 53 153 152 35 151 230 31 231 99 0 0 0 0 0
0 0 0 0 0 0 207 192 122 211 248 34 232 213 66 118 40 212 168 183 229 230 25 246 65 230 37 221 189 30 160 105 35 217 147 61 179 116 252 209 29 166 178 84 149 113 89 252 14 104 83 97 9 145 166 20 24 116 69 59 49 48 192 141 23 18 31 43 16 179 86 220 15 239 82 79 79 83 53 76 147 179 98 78 163 82 222 111 65 67 79 209 7 108 249 193 100 80 63 195 18 145 236 226 185 114 153 30 92 49 190 10 29 222 171 91 244 216 127 248 159 179 224 0 0 0 0 0
0 0 0 0 0 0 210 231 38 33 206 59 5 243 243 143 41 6 75 88 10 69 197 244 7 0 209 4 120 11 109 66 170 77 107 78 115 30 62 15 32 40 92 250 114 40 115 41 238 230 55 51 254 88 100 92 177 239 60 79 4 52 61 103 156 177 7 151 238 111 149 16 60 29 23 93 193 54 84 165 3 214 37 229 193 38 17 247 8 206 13 13 99 230 221 220 216 104 180 52 122 119 24 166 119 232 141 149 171 150 237 222 181 95 6 22 215 193 138 31 135 104 44 0 0 0 0 0
0 0 0 0 0 0 0 28 192 176 40 9 232 137 50 70 145 160 121 161 44 55 61 25 22 234 82 111 20 146 129 32 94 218 15 155 126 56 185 191 240 162 204 42 57 9 66 6 180 244 192 184 189 0 66 31 146 76 141 149 61 84 9 243 62 86 235 97 223 30 241 85 212 249 197 221 232 125 103 176 2 242 102 204 59 174 101 51 237 121 161 112 161 67 251 93 244 187 174 190 152 199 26 197 32 117 82 72 24 174 163 150 4 228 112 157 238 103 18 227 74 179 0 0 0 0 0 0
0 0 0 0 0 0 0 2 86 216 80 35 234 3 181 153 245 125 185 4 157 184 180 69 204 255 202 48 115 244 6 181 252 186 150 233 105 195 89 226 166 203 87 7 222 209 85 98 193 64 91 188 126 167 139 150 248 113 221 237 137 35 220 108 93 28 215 189 116 222 75 166 137 97 109 249 98 10 40 193 35 170 83 240 162 188 244 148 248 168 86 120 10 53 144 208 78 204 23 252 3 237 67 3 40 92 198 42 152 119 205 81 5 205 204 225 214 5 243 125 242 175 0 0 0 0 0 0
0 0 0 0 0 0 0 0 139 26 50 219 55 47 157 239 116 106 127 217 126 201 7 225 68 195 102 152 15 114 192 174 122 93 117 208 242 233 58 153 93 71 249 189 170 116 184 55 215 128 121 168 51 119 244 196 139 74 48 117 163 214 139 196 44 17 195 11 227 174 39 189 163 133 164 37 157 85 194 99 152 240 53 99 254 206 192 113 146 16 116 7 51 73 182 151 225 140 51 67 45 51 146 137 185 99 86 190 105 161 136 127 223 210 150 220 88 142 231 92 138 0 0 0 0 0 0 0
0 0 0 0 0 0 0 0 0 38 154 65 11 218 22 133 102 22 228 113 110 5 14 144 21 79 31 154 194 165 198 59 158 100 148 252 254 131 145 127 4 160 93 67 160 124 93 212 161 38 45 122 181 181 57 161 135 228 48 8 180 217 224 230 128 100 20 24 185 198 171 84 132 1 78 126 217 235 129 20 38 89 200 198 110 127 126 72 114 193 18 53 76 249 172 49 61 64 237 123 173 23 147 22 201 253 251 73 107 199 105 184 131 104 57 211 172 231 198 162 0 0 0 0 0 0 0 0
0 0 0 0 0 0 0 0 0 206 135 136 208 207 245 202 213 89 61 139 50 33 187 245 93 125 50 34 2 250 77 140 227 132 13 86 99 12 205 214 156 225 166 243 157 243 115 103 145 193 48 19 61 11 48 42 189 238 43 150 62 201 121 160 48 42 231 107 181 158 73 103 41 113 76 206 6 250 145 107 25 191 144 223 170 175 177 239 62 153 242 63 98 181 236 220 193 143 89 24 129 136 52 16 223 104 35 188 34 212 27 87 183 80 74 91 133 152 141 165 0 0 0 0 0 0 0 0
0 0 0 0 0 0 0 0 0 0 27 236 32 27 40 180 194 180 177 47 241 132 24 99 136 212 124 85 75 205 0 211 22 185 111 98 82 49 251 247 23 150 11 198 67 171 186 219 176 231 251 168 16 154 34 193 196 109 174 30 202 253 18 210 15 74 55 27 59 201 168 117 141 228 227 225 67 19 234 43 172 224 82 149 59 215 60 179 10 78 112 237 36 81 36 85 186 146 244 56 178 143 249 156 203 129 47 216 52 0 184 183 168 236 72 217 116 240 14 0 0 0 0 0 0 0 0 0
0 0 0 0 0 0 0 0 0 0 58 110 118 198 186 72 114 233 87 211 6 47 25 116 6 233 173 42 188 52 255 157 45 106 68 13 130 179 242 158 146 116 107 22 79 22 84 216 166 127 152 68 75 246 54 170 199 196 71 104 53 78 62 75 184 7 137 165 48 169 96 133 170 127 154 149 86 118 85 19 170 146 177 190 180 145 186 189 226 209 89 123 67 123 148 216 52 91 67 196 64 154 122 146 131 129 140 197 153 191 26 207 249 151 64 116 241 42 199 0 0 0 0 0 0 0 0 0
0 0 0 0 0 0 0 0 0 0 0 44 31 67 19 232 235 227 129 187 138 113 61 91 222 56 0 175 232 253 186 219 240 98 35 29 142 225 94 18 163 180 10 235 154 91 105 2 222 165 118 4 92 248 23 102 117 199 62 201 61 162 82 160 0 130 64 226 84 119 103 177 122 222 47 89 243 33 187 211 45 74 39 161 210 18 103 222 167 208 71 250 190 65 63 230 208 80 55 239 130 201 158 107 231 3 121 105 48 117 4 149 215 153 184 40 153 4 0 0 0 0 0 0 0 0 0 0
0 0 0 0 0 0 0 0 0 0 0 0 10 29 7 53 160 50 240 27 214 225 58 190 107 96 123 158 238 101 1 221 138 234 22 136 147 183 37 134 235 107 140 80 125 150 156 166 79 167 111 100 184 80 68 204 35 19 170 69 122 165 195 105 17 116 28 98 88 153 13 45 179 69 183 175 216 23 204 91 133 56 114 10 180 167 101 184 4 5 246 98 17 13 30 255 16 163 69 208 27 100 185 176 178 229 157 207 214 89 233 200 57 242 160 138 191 0 0 0 0 0 0 0 0 0 0 0
0 0 0 0 0 0 0 0 0 0 0 0 197 188 153 186 156 179 177 195 56 33 98 60 15 106 157 117 204 123 94 79 56 18 206 152 33 160 236 120 36 43 130 83 201 209 85 133 146 147 12 4 82 148 45 106 239 53 51 58 215 153 8 76 34 159 248 154 84 42 190 235 178 231 110 76 98 165 182 187 84 241 142 96 220 221 54 210 152 4 11 162 233 222 77 155 20 248 15 14 253 165 57 108 174 32 234 88 175 184 77 189 22 199 91 182 111 0 0 0 0 0 0 0 0 0 0 0
0 0 0 0 0 0 0 0 0 0 0 0 0 182 182 96 140 76 78 107 7 104 20 137 127 192 148 127 199 222 205 79 134 186 46 249 115 24 68 156 209 127 53 50 253 49 86 0 149 246 208 80 96 138 20 228 185 209 112 216 159 146 82 4 248 103 232 200 195 174 52 124 189 61 81 144 60 205 38 243 254 46 91 189 253 225 242 109 92 2 185 210 148 102 161 255 48 60 141 52 16 109 224 216 64 183 1 178 160 63 135 167 9 186 97 46 0 0 0 0 0 0 0 0 0 0 0 0
0 0 0 0 0 0 0 0 0 0 0 0 0 0 28 102 68 210 71 84 233 172 251 162 104 33 219 11 209 118 126 235 223 78 113 204 146 96 151 76 251 133 214 0 74 125 165 199 238 10 19 128 251 206 2 236 164 71 54 248 99 99 181 62 76 116 114 15 37 233 211 160 71 152 172 152 132 153 152 236 64 191 200 40 226 76 201 208 214 37 150 138 6 25 230 123 134 31 123 20 57 98 30 116 232 88 92 87 32 184 195 217 208 183 92 0 0 0 0 0 0 0 0 0 0 0 0 0
0 0 0 0 0 0 0 0 0 0 0 0 0 0 0 185 211 236 109 182 57 81 230 142 187 178 52 204 96 235 43 57 188 0 2 114 137 14 101 67 185 36 132 61 223 36 12 201 8 42 242 135 26 108 95 35 188 39 152 127 195 69 131 23 213 189 176 146 70 72 57 221 156 96 175 150 12 155 91 175 102 81 109 201 164 137 175 226 121 121 130 127 24 14 12 64 80 244 164 46 60 9 30 76 32 13 219 28 124 11 187 226 77 16 0 0 0 0 0 0 0 0 0 0 0 0 0 0
0 0 0 0 0 0 0 0 0 0 0 0 0 0 0 89 24 59 101 24 243 187 126 235 160 88 129 86 68 165 109 74 95 205 220 118 250 142 57 239 80 154 97 185 213 173 6 42 49 218 8 119 226 55 159 213 98 196 39 130 206 0 54 155 20 238 16 101 208 151 20 102 245 206 28 251 161 65 153 163 110 80 207 223 69 94 212 211 180 231 23 186 17 227 106 114 52 12 57 202 143 165 236 35 6 143 186 138 196 71 15 104 88 25 0 0 0 0 0 0 0 0 0 0 0 0 0 0
0 0 0 0 0 0 0 0 0 0 0 0 0 0 0 0 201 203 164 141 133 205 35 93 221 16 191 246 238 6 150 55 29 136 49 33 127 149 121 179 150 97 225 45 29 194 80 48 142 111 29 81 235 180 139 227 158 111 253 39 72 152 190 213 239 32 47 91 84 243 180 126 85 244 100 209 23 160 13 197 137 92 71 171 194 17 161 123 182 119 228 255 98 167 168 194 247 39 35 114 185 105 149 89 21 184 16 171 47 45 222 190 0 0 0 0 0 0 0 0 0 0 0 0 0 0 0 0
0 0 0 0 0 0 0 0 0 0 0 0 0 0 0 0 0 150 231 223 130 199 81 211 147 243 50 114 38 238 194 87 95 104 161 122 42 194 49 111 32 16 35 181 226 127 239 117 157 37 193 141 242 115 35 81 23 7 191 15 157 51 63 49 40 57 117 114 143 252 90 127 183 100 211 125 110 49 29 28 157 189 67 20 77 195 203 122 228 54 161 215 23 57 176 73 11 142 47 155 63 88 153 71 21 29 1 162 209 31 90 243 0 0 0 0 0 0 0 0 0 0 0 0 0 0 0 0
0 0 0 0 0 0 0 0 0 0 0 0 0 0 0 0 0 0 31 48 189 35 57 238 201 113 205 174 40 166 236 40 17 244 171 13 195 224 100 85 196 59 210 36 181 46 207 158 81 179 235 187 60 74 224 138 233 112 107 170 122 38 96 7 99 159 141 165 219 101 248 168 93 132 194 36 250 75 239 98 204 105 227 179 219 23 14 178 247 107 131 193 53 177 80 236 180 50 251 224 240 116 89 135 237 158 66 240 202 147 238 0 0 0 0 0 0 0 0 0 0 0 0 0 0 0 0 0
0 0 0 0 0 0 0 0 0 0 0 0 0 0 0 0 0 0 0 179 169 46 152 46 10 77 67 246 151 49 218 39 248 210 250 241 78 172 233 37 55 151 139 156 210 41 181 235 223 182 115 196 183 228 18 33 206 142 14 134 106 184 146 247 12 239 174 212 69 135 14 206 83 114 148 22 242 134 19 155 237 84 25 254 162 81 83 169 191 227 65 100 171 180 226 182 105 151 70 220 253 196 152 111 25 84 248 124 40 73 0 0 0 0 0 0 0 0 0 0 0 0 0 0 0 0 0 0
0 0 0 0 0 0 0 0 0 0 0 0 0 0 0 0 0 0 0 0 164 7 4 44 24 58 98 123 209 185 221 79 37 196 134 182 101 241 124 76 178 131 113 87 138 208 4 191 169 149 193 248 213 40 239 184 97 82 135 60 85 55 167 93 156 143 57 89 59 236 109 244 251 29 104 57 73 159 210 145 52 163 191 122 163 201 19 53 114 189 183 238 212 249 120 65 79 0 57 250 162 242 243 149 172 172 157 29 28 0 0 0 0 0 0 0 0 0 0 0 0 0 0 0 0 0 0 0
0 0 0 0 0 0 0 0 0 0 0 0 0 0 0 0 0 0 0 0 0 202 223 25 139 4 63 200 218 108 36 39 124 119 42 45 230 115 11 133 171 227 83 156 22 56 225 20 252 65 13 177 149 15 153 204 196 59 99 229 103 213 39 140 95 113 194 75 60 98 164 113 34 159 187 191 65 199 116 178 198 26 217 169 194 181 95 127 109 93 138 152 23 33 34 235 10 209 188 219 78 45 107 65 25 26 209 193 0 0 0 0 0 0 0 0 0 0 0 0 0 0 0 0 0 0 0 0
0 0 0 0 0 0 0 0 0 0 0 0 0 0 0 0 0 0 0 0 0 0 250 77 167 43 192 76 196 196 168 130 232 48 53 182 133 252 232 144 143 23 180 63 189 133 132 105 214 208 119 71 53 136 10 45 168 213 132 159 213 145 136 151 84 173 156 100 243 133 170 43 156 100 119 62 5 231 247 77 102 192 121 96 195 236 57 245 84 175 233 153 239 252 88 130 61 220 100 204 23 129 50 82 109 28 216 0 0 0 0 0 0 0 0 0 0 0 0 0 0 0 0 0 0 0 0 0
0 0 0 0 0 0 0 0 0 0 0 0 0 0 0 0 0 0 0 0 0 0 0 77 86 106 193 127 159 153 37 45 91 56 52 186 88 47 140 98 186 247 219 159 86 124 158 64 95 32 178 2 206 202 90 181 36 234 64 187 175 219 45 31 64 12 242 105 90 42 84 54 176 115 160 46 147 138 250 196 123 97 90 20 241 228 225 6 169 173 226 223 225 230 192 231 49 192 97 2 213 215 27 88 214 193 0 0 0 0 0 0 0 0 0 0 0 0 0 0 0 0 0 0 0 0 0 0
0 0 0 0 0 0 0 0 0 0 0 0 0 0 0 0 0 0 0 0 0 0 0 0 0 93 248 74 65 118 172 160 28 134 41 212 43 178 68 15 47 156 121 7 135 17 234 31 221 81 128 167 125 172 165 104 106 239 37 2 71 229 121 116 177 41 41 0 93 99 105 68 192 76 162 0 177 118 252 175 236 226 80 46 167 142 50 224 126 147 180 14 96 94 78 207 156 215 7 204 189 162 147 76 0 0 0 0 0 0 0 0 0 0 0 0 0 0 0 0 0 0 0 0 0 0 0 0
0 0 0 0 0 0 0 0 0 0 0 0 0 0 0 0 0 0 0 0 0 0 0 0 0 0 161 132 201 32 154 118 212 217 102 203 20 234 15 151 36 107 158 159 208 192 248 12 62 42 68 239 63 174 27 61 108 53 142 149 13 177 98 4 112 58 21 30 163 156 110 253 65 151 243 90 3 145 233 126 67 148 130 11 172 178 84 16 244 123 211 197 177 113 35 183 52 151 39 54 68 233 124 0 0 0 0 0 0 0 0 0 0 0 0 0 0 0 0 0 0 0 0 0 0 0 0 0
0 0 0 0 0 0 0 0 0 0 0 0 0 0 0 0 0 0 0 0 0 0 0 0 0 0 0 56 171 34 62 31 59 220 165 46 176 66 66 100 84 233 139 125 180 203 237 243 12 54 157 25 218 213 148 201 169 244 105 157 221 108 194 136 0 30 181 108 177 23 197 94 99 54 76 70 128 108 10 209 219 45 156 148 29 128 244 243 30 169 196 122 0 32 48 49 241 250 98 156 155 134 0 0 0 0 0 0 0 0 0 0 0 0 0 0 0 0 0 0 0 0 0 0 0 0 0 0
0 0 0 0 0 0 0 0 0 0 0 0 0 0 0 0 0 0 0 0 0 0 0 0 0 0 0 0 0 223 142 235 182 83 25 83 215 230 23 93 126 100 131 90 131 12 41 81 59 29 6 38 103 125 51 81 62 69 96 251 110 2 168 245 97 111 242 184 17 212 140 224 149 164 197 64 249 144 194 154 216 68 248 108 58 54 179 184 67 37 94 114 236 122 163 19 65 5 151 129 0 0 0 0 0 0 0 0 0 0 0 0 0 0 0 0 0 0 0 0 0 0 0 0 0 0 0 0
0 0 0 0 0 0 0 0 0 0 0 0 0 0 0 0 0 0 0 0 0 0 0 0 0 0 0 0 0 0 193 211 46 207 161 233 140 179 194 159 177 144 155 149 254 145 168 157 54 194 47 230 216 153 246 22 113 45 236 26 205 66 12 152 211 65 194 54 174 33 38 218 231 132 184 115 15 75 220 58 155 230 205 225 234 171 141 44 76 139 116 79 117 81 106 141 137 162 128 0 0 0 0 0 0 0 0 0 0 0 0 0 0 0 0 0 0 0 0 0 0 0 0 0 0 0 0 0
0 0 0 0 0 0 0 0 0 0 0 0 0 0 0 0 0 0 0 0 0 0 0 0 0 0 0 0 0 0 0 0 146 95 185 138 32 23 124 225 173 173 148 192 163 174 8 83 5 57 73 33 235 173 8 226 84 24 137 177 232 41 143 243 65 8 162 116 32 166 242 213 100 52 186 61 137 218 125 208 133 175 244 199 67 117 29 184 255 16 70 8 1 62 108 40 79 0 0 0 0 0 0 0 0 0 0 0 0 0 0 0 0 0 0 0 0 0 0 0 0 0 0 0 0 0 0 0
0 0 0 0 0 0 0 0 0 0 0 0 0 0 0 0 0 0 0 0 0 0 0 0 0 0 0 0 0 0 0 0 0 0 118 151 49 136 26 177 79 56 31 232 33 127 217 223 145 132 114 87 174 80 128 213 247 36 214 159 108 54 229 244 51 31 110 76 65 127 172 171 239 143 131 107 133 245 91 166 43 18 246 109 61 43 115 244 146 32 246 3 89 253 168 0 0 0 0 0 0 0 0 0 0 0 0 0 0 0 0 0 0 0 0 0 0 0 0 0 0 0 0 0 0 0 0 0
0 0 0 0 0 0 0 0 0 0 0 0 0 0 0 0 0 0 0 0 0 0 0 0 0 0 0 0 0 0 0 0 0 0 0 107 16 238 54 166 49 164 170 171 46 241 101 44 105 157 28 241 102 176 77 64 108 158 132 78 191 9 92 69 179 158 101 176 208 86 246 33 141 237 33 168 208 156 54 211 213 240 64 89 111 111 134 130 219 48 152 210 28 68 0 0 0 0 0 0 0 0 0 0 0 0 0 0 0 0 0 0 0 0 0 0 0 0 0 0 0 0 0 0 0 0 0 0
0 0 0 0 0 0 0 0 0 0 0 0 0 0 0 0 0 0 0 0 0 0 0 0 0 0 0 0 0 0 0 0 0 0 0 0 0 73 65 206 181 150 222 68 2 33 5 16 215 5 99 137 137 30 221 175 17 20 21 29 57 204 185 34 46 43 77 56 113 18 153 184 253 198 193 6 142 204 69 252 145 46 79 10 216 113 222 209 155 44 87 85 0 0 0 0 0 0 0 0 0 0 0 0 0 0 0 0 0 0 0 0 0 0 0 0 0 0 0 0 0 0 0 0 0 0 0 0
0 0 0 0 0 0 0 0 0 0 0 0 0 0 0 0 0 0 0 0 0 0 0 0 0 0 0 0 0 0 0 0 0 0 0 0 0 0 0 0 171 2 115 63 86 77 241 191 202 6 76 183 79 143 111 199 87 227 52 210 128 12 146 231 6 254 105 112 199 163 17 249 239 75 177 248 132 6 207 203 50 124 207 18 73 20 226 190 104 0 0 0 0 0 0 0 0 0 0 0 0 0 0 0 0 0 0 0 0 0 0 0 0 0 0 0 0 0 0 0 0 0 0 0 0 0 0 0
0 0 0 0 0 0 0 0 0 0 0 0 0 0 0 0 0 0 0 0 0 0 0 0 0 0 0 0 0 0 0 0 0 0 0 0 0 0 0 0 0 0 81 80 26 30 249 244 176 42 60 63 62 124 229 176 213 221 129 253 151 21 217 43 142 207 236 94 130 166 141 236 158 235 29 128 154 223 149 111 239 206 228 238 170 1 130 0 0 0 0 0 0 0 0 0 0 0 0 0 0 0 0 0 0 0 0 0 0 0 0 0 0 0 0 0 0 0 0 0 0 0 0 0 0 0 0 0
0 0 0 0 0 0 0 0 0 0 0 0 0 0 0 0 0 0 0 0 0 0 0 0 0 0 0 0 0 0 0 0 0 0 0 0 0 0 0 0 0 0 0 0 0 216 88 185 105 244 52 116 53 217 75 79 14 18 123 239 232 64 137 159 105 207 60 124 154 214 192 54 190 95 180 125 33 233 124 94 156 48 157 205 0 0 0 0 0 0 0 0 0 0 0 0 0 0 0 0 0 0 0 0 0 0 0 0 0 0 0 0 0 0 0 0 0 0 0 0 0 0 0 0 0 0 0 0
0 0 0 0 0 0 0 0 0 0 0 0 0 0 0 0 0 0 0 0 0 0 0 0 0 0 0 0 0 0 0 0 0 0 0 0 0 0 0 0 0 0 0 0 0 0 0 0 0 135 10 254 163 186 102 164 196 182 201 108 208 28 192 3 3 176 162 255 49 23 117 119 39 171 52 214 225 201 252 242 0 0 0 0 0 0 0 0 0 0 0 0 0 0 0 0 0 0 0 0 0 0 0 0 0 0 0 0 0 0 0 0 0 0 0 0 0 0 0 0 0 0 0 0 0 0 0 0
0 0 0 0 0 0 0 0 0 0 0 0 0 0 0 0 0 0 0 0 0 0 0 0 0 0 0 0 0 0 0 0 0 0 0 0 0 0 0 0 0 0 0 0 0 0 0 0 0 0 0 0 0 35 124 167 211 77 57 157 251 82 149 42 207 218 78 224 6 37 22 223 120 119 249 72 0 0 0 0 0 0 0 0 0 0 0 0 0 0 0 0 0 0 0 0 0 0 0 0 0 0 0 0 0 0 0 0 0 0 0 0 0 0 0 0 0 0 0 0 0 0 0 0 0 0 0 0
