128
0 0 0 0 0 0 0 0 0 0 0 0 0 0 0 0 0 0 0 0 0 0 0 0 0 0 0 0 0 0 0 0 0 0 0 0 0 0 0 0 0 0 0 0 0 0 0 0 0 0 0 0 0 0 0 0 0 0 0 0 0 0 0 0 20 0 0 0 0 0 0 0 0 0 0 0 0 0 0 0 0 0 0 0 0 0 0 0 0 0 0 0 0 0 0 0 0 0 0 0 0 0 0 0 0 0 0 0 0 0 0 0 0 0 0 0 0 0 0 0 0 0 0 0 0 0 0 0
0 0 0 0 0 0 0 0 0 0 0 0 0 0 0 0 0 0 0 0 0 0 0 0 0 0 0 0 0 0 0 0 0 0 0 0 0 0 0 0 0 0 0 0 0 0 0 0 0 0 0 0 0 251 33 39 204 223 121 226 57 142 92 187 203 25 64 92 117 119 126 147 23 216 217 254 0 0 0 0 0 0 0 0 0 0 0 0 0 0 0 0 0 0 0 0 0 0 0 0 0 0 0 0 0 0 0 0 0 0 0 0 0 0 0 0 0 0 0 0 0 0 0 0 0 0 0 0
0 0 0 0 0 0 0 0 0 0 0 0 0 0 0 0 0 0 0 0 0 0 0 0 0 0 0 0 0 0 0 0 0 0 0 0 0 0 0 0 0 0 0 0 0 0 0 0 0 119 15 171 185 183 139 116 210 53 203 76 99 160 200 201 50 109 28 21 9 143 240 162 241 61 173 115 141 128 7 255 0 0 0 0 0 0 0 0 0 0 0 0 0 0 0 0 0 0 0 0 0 0 0 0 0 0 0 0 0 0 0 0 0 0 0 0 0 0 0 0 0 0 0 0 0 0 0 0
0 0 0 0 0 0 0 0 0 0 0 0 0 0 0 0 0 0 0 0 0 0 0 0 0 0 0 0 0 0 0 0 0 0 0 0 0 0 0 0 0 0 0 0 0 119 48 95 39 94 48 88 180 136 248 176 204 248 32 41 158 238 138 42 152 116 116 100 47 159 183 186 242 13 182 221 34 97 70 176 25 128 86 105 0 0 0 0 0 0 0 0 0 0 0 0 0 0 0 0 0 0 0 0 0 0 0 0 0 0 0 0 0 0 0 0 0 0 0 0 0 0 0 0 0 0 0 0
0 0 0 0 0 0 0 0 0 0 0 0 0 0 0 0 0 0 0 0 0 0 0 0 0 0 0 0 0 0 0 0 0 0 0 0 0 0 0 0 0 0 85 219 55 21 168 90 33 62 22 34 241 251 98 137 139 6 136 219 183 181 29 59 123 83 54 178 71 19 45 0 68 91 181 234 137 226 134 180 20 89 52 225 15 179 215 0 0 0 0 0 0 0 0 0 0 0 0 0 0 0 0 0 0 0 0 0 0 0 0 0 0 0 0 0 0 0 0 0 0 0 0 0 0 0 0 0
0 0 0 0 0 0 0 0 0 0 0 0 0 0 0 0 0 0 0 0 0 0 0 0 0 0 0 0 0 0 0 0 0 0 0 0 0 0 0 0 213 29 171 44 36 12 67 208 104 152 230 112 52 172 27 252 25 204 146 10 227 238 194 169 139 86 70 41 60 136 121 206 2 190 155 246 166 127 87 27 32 196 212 76 181 166 32 52 33 0 0 0 0 0 0 0 0 0 0 0 0 0 0 0 0 0 0 0 0 0 0 0 0 0 0 0 0 0 0 0 0 0 0 0 0 0 0 0
0 0 0 0 0 0 0 0 0 0 0 0 0 0 0 0 0 0 0 0 0 0 0 0 0 0 0 0 0 0 0 0 0 0 0 0 0 241 34 101 110 245 74 33 20 151 61 142 169 147 80 108 3 191 161 108 196 85 200 9 186 11 251 226 250 27 140 210 200 34 14 54 180 168 90 139 122 222 22 176 86 89 88 199 95 23 174 71 38 242 27 222 0 0 0 0 0 0 0 0 0 0 0 0 0 0 0 0 0 0 0 0 0 0 0 0 0 0 0 0 0 0 0 0 0 0 0 0
0 0 0 0 0 0 0 0 0 0 0 0 0 0 0 0 0 0 0 0 0 0 0 0 0 0 0 0 0 0 0 0 0 0 0 99 254 85 156 159 153 62 197 142 220 89 132 143 111 207 68 71 225 105 10 7 111 9 137 164 105 15 242 25 76 227 170 12 131 73 166 104 82 117 77 234 21 188 102 93 69 225 223 29 34 185 252 216 153 243 216 179 209 115 0 0 0 0 0 0 0 0 0 0 0 0 0 0 0 0 0 0 0 0 0 0 0 0 0 0 0 0 0 0 0 0 0 0
0 0 0 0 0 0 0 0 0 0 0 0 0 0 0 0 0 0 0 0 0 0 0 0 0 0 0 0 0 0 0 0 0 0 184 77 156 1 34 104 55 152 50 146 87 87 215 74 44 2 17 194 39 49 20 92 18 49 226 25 31 151 98 59 218 35 133 175 216 18 8 76 213 86 53 237 183 147 10 100 41 235 167 60 239 116 61 234 80 105 227 233 85 190 171 0 0 0 0 0 0 0 0 0 0 0 0 0 0 0 0 0 0 0 0 0 0 0 0 0 0 0 0 0 0 0 0 0
0 0 0 0 0 0 0 0 0 0 0 0 0 0 0 0 0 0 0 0 0 0 0 0 0 0 0 0 0 0 0 0 44 6 90 47 116 28 142 135 175 252 15 227 29 184 128 119 56 158 70 107 221 239 8 226 22 138 107 137 200 186 215 224 160 23 101 160 242 181 84 131 45 203 5 135 206 199 68 64 141 218 191 82 123 255 189 20 251 75 86 209 254 42 220 251 166 0 0 0 0 0 0 0 0 0 0 0 0 0 0 0 0 0 0 0 0 0 0 0 0 0 0 0 0 0 0 0
0 0 0 0 0 0 0 0 0 0 0 0 0 0 0 0 0 0 0 0 0 0 0 0 0 0 0 0 0 0 252 5 106 206 150 39 82 23 202 202 186 18 128 207 222 101 27 125 164 195 82 52 193 133 42 166 146 209 28 76 66 192 220 235 169 50 254 8 44 25 21 105 115 164 121 219 180 100 64 141 217 108 46 108 8 129 200 0 193 145 29 127 37 54 168 128 58 105 181 0 0 0 0 0 0 0 0 0 0 0 0 0 0 0 0 0 0 0 0 0 0 0 0 0 0 0 0 0
0 0 0 0 0 0 0 0 0 0 0 0 0 0 0 0 0 0 0 0 0 0 0 0 0 0 0 0 0 14 213 177 130 226 98 85 36 225 121 20 38 129 121 136 83 190 250 117 161 13 88 169 114 197 122 9 2 7 92 111 16 228 84 128 178 232 75 9 163 46 20 182 132 226 57 150 114 79 51 242 195 244 173 100 85 248 81 189 145 157 23 150 18 180 211 128 175 230 16 39 0 0 0 0 0 0 0 0 0 0 0 0 0 0 0 0 0 0 0 0 0 0 0 0 0 0 0 0
0 0 0 0 0 0 0 0 0 0 0 0 0 0 0 0 0 0 0 0 0 0 0 0 0 0 0 233 206 72 167 159 50 197 233 151 178 43 57 220 131 99 142 144 138 99 147 84 243 32 44 11 137 149 49 25 19 255 173 38 176 237 62 98 98 222 238 229 78 81 214 19 126 205 169 144 145 90 54 154 215 111 173 24 240 78 32 223 253 97 154 198 17 154 193 186 72 37 233 8 116 153 0 0 0 0 0 0 0 0 0 0 0 0 0 0 0 0 0 0 0 0 0 0 0 0 0 0
0 0 0 0 0 0 0 0 0 0 0 0 0 0 0 0 0 0 0 0 0 0 0 0 0 0 161 186 227 189 51 98 162 108 31 79 154 70 232 171 130 232 39 30 149 97 6 176 109 51 223 8 188 234 127 1 164 104 153 75 149 226 70 105 18 6 135 81 221 175 208 137 133 186 80 22 61 99 85 12 119 89 228 69 229 217 100 93 155 219 55 149 35 103 202 92 202 102 4 239 72 143 228 0 0 0 0 0 0 0 0 0 0 0 0 0 0 0 0 0 0 0 0 0 0 0 0 0
0 0 0 0 0 0 0 0 0 0 0 0 0 0 0 0 0 0 0 0 0 0 0 0 0 149 246 2 223 78 26 171 15 183 221 228 55 33 179 181 161 173 210 234 215 51 191 161 59 78 136 26 46 30 9 249 163 61 217 153 169 236 34 235 180 162 177 156 199 239 140 216 209 41 129 15 158 108 253 126 12 38 138 87 116 233 165 79 164 236 232 231 131 82 252 206 235 80 187 34 58 152 17 255 0 0 0 0 0 0 0 0 0 0 0 0 0 0 0 0 0 0 0 0 0 0 0 0
0 0 0 0 0 0 0 0 0 0 0 0 0 0 0 0 0 0 0 0 0 0 0 148 50 150 195 165 65 210 163 233 54 112 203 85 134 46 105 244 226 62 21 43 44 16 188 175 28 201 183 254 36 30 30 154 223 123 204 65 67 21 108 233 8 76 247 113 130 187 50 221 233 122 135 106 27 239 56 253 126 11 191 126 246 74 232 183 239 200 164 60 151 230 153 214 22 225 19 155 130 135 215 21 210 74 0 0 0 0 0 0 0 0 0 0 0 0 0 0 0 0 0 0 0 0 0 0
0 0 0 0 0 0 0 0 0 0 0 0 0 0 0 0 0 0 0 0 0 0 77 121 53 47 83 43 98 160 177 161 142 160 237 143 223 120 75 60 75 31 151 131 233 109 152 25 137 115 19 42 88 181 93 90 82 240 217 48 19 154 13 114 166 49 27 228 156 152 190 237 75 8 112 164 100 3 71 43 169 70 83 161 148 183 60 39 219 135 61 16 245 133 202 11 61 52 153 189 184 168 54 30 156 31 177 0 0 0 0 0 0 0 0 0 0 0 0 0 0 0 0 0 0 0 0 0
0 0 0 0 0 0 0 0 0 0 0 0 0 0 0 0 0 0 0 0 0 70 110 173 93 86 239 101 53 80 227 235 137 30 225 70 195 35 15 80 140 181 121 112 22 198 171 23 111 185 201 77 219 199 141 208 59 187 58 250 139 142 227 205 39 215 26 65 170 221 253 102 150 162 47 76 62 152 37 167 127 123 125 231 226 255 3 226 121 16 66 76 145 144 228 98 40 113 68 236 223 112 165 168 51 136 38 209 0 0 0 0 0 0 0 0 0 0 0 0 0 0 0 0 0 0 0 0
0 0 0 0 0 0 0 0 0 0 0 0 0 0 0 0 0 0 0 0 125 239 117 199 58 67 37 144 42 107 250 114 19 176 33 241 128 72 74 182 47 62 243 126 231 201 229 111 99 157 109 221 154 35 94 94 172 127 96 36 81 74 226 115 77 16 133 19 143 50 242 77 168 10 178 95 72 75 160 147 143 175 72 220 134 218 56 248 204 61 194 187 228 12 21 190 94 109 1 97 220 33 44 132 242 83 224 45 197 0 0 0 0 0 0 0 0 0 0 0 0 0 0 0 0 0 0 0
0 0 0 0 0 0 0 0 0 0 0 0 0 0 0 0 0 0 0 34 208 26 231 43 7 19 158 78 176 123 35 142 35 202 98 116 66 208 220 215 119 78 186 69 40 171 146 37 159 93 86 147 244 247 107 216 244 180 40 244 126 88 252 203 53 99 101 154 140 214 89 88 73 225 78 244 144 66 255 152 78 119 224 43 169 111 239 63 124 29 120 236 242 233 62 250 76 18 134 131 242 96 253 193 50 29 196 120 219 139 0 0 0 0 0 0 0 0 0 0 0 0 0 0 0 0 0 0
0 0 0 0 0 0 0 0 0 0 0 0 0 0 0 0 0 0 89 160 76 243 99 123 7 47 26 239 158 169 195 124 98 210 232 110 182 181 171 71 92 73 123 135 142 199 40 232 142 51 32 255 128 29 109 91 79 83 173 5 118 119 236 43 204 111 42 91 3 62 51 199 127 66 194 144 71 225 245 41 17 72 188 219 207 223 160 35 210 45 175 187 18 58 39 184 56 48 169 178 126 159 227 67 117 249 144 87 101 90 239 0 0 0 0 0 0 0 0 0 0 0 0 0 0 0 0 0
0 0 0 0 0 0 0 0 0 0 0 0 0 0 0 0 0 172 247 157 202 22 203 29 227 209 74 118 140 82 192 168 182 59 102 30 182 49 66 10 1 85 199 84 77 161 150 92 241 120 117 67 98 188 216 125 226 229 78 79 106 118 167 13 27 37 185 169 10 247 164 194 174 164 216 58 52 209 111 207 27 196 59 119 103 142 174 42 56 153 185 81 201 21 89 114 198 194 173 28 175 113 115 1 2 109 35 25 190 203 53 23 0 0 0 0 0 0 0 0 0 0 0 0 0 0 0 0
0 0 0 0 0 0 0 0 0 0 0 0 0 0 0 0 12 3 105 156 178 20 9 93 254 145 54 208 83 36 65 47 50 68 188 24 71 151 10 202 184 17 85 214 255 16 79 26 111 220 29 42 184 207 150 11 220 52 101 63 158 143 58 215 36 224 85 111 135 236 16 162 187 135 17 90 7 92 173 106 183 10 4 175 198 214 147 80 233 195 254 52 60 22 250 115 201 25 221 159 11 61 202 75 25 204 241 200 45 118 201 73 199 0 0 0 0 0 0 0 0 0 0 0 0 0 0 0
0 0 0 0 0 0 0 0 0 0 0 0 0 0 0 162 94 137 211 184 239 228 64 207 131 72 131 105 167 153 70 174 210 177 171 163 117 107 163 157 108 56 197 206 142 218 213 87 36 189 2 174 163 88 55 172 100 248 78 220 142 56 122 154 195 209 37 191 61 50 202 47 216 148 24 52 77 33 18 34 179 159 56 144 108 142 244 22 214 198 63 120 37 17 183 103 127 15 243 5 0 216 234 198 91 164 31 38 51 26 239 249 100 65 0 0 0 0 0 0 0 0 0 0 0 0 0 0
0 0 0 0 0 0 0 0 0 0 0 0 0 0 0 5 175 68 126 247 37 59 145 94 43 59 7 154 174 189 75 62 198 83 84 49 19 58 29 112 69 104 78 247 237 61 200 143 119 210 236 128 129 194 81 238 148 69 248 122 61 75 107 179 96 223 238 55 220 9 225 49 68 65 52 235 238 40 150 63 101 62 187 187 242 145 118 66 202 76 251 87 80 216 130 197 213 68 133 17 167 82 252 205 175 145 176 241 84 228 193 44 52 145 0 0 0 0 0 0 0 0 0 0 0 0 0 0
0 0 0 0 0 0 0 0 0 0 0 0 0 0 72 129 158 87 29 10 11 230 200 44 33 88 92 142 14 139 171 215 175 184 123 52 196 97 13 55 116 107 250 224 48 229 147 221 17 231 129 141 216 1 237 79 240 203 189 113 94 85 40 228 7 74 106 62 195 126 177 228 235 224 1 174 209 118 77 148 4 1 247 30 52 36 74 201 98 72 5 92 149 238 246 116 69 55 109 145 192 248 123 107 103 147 104 107 72 141 137 216 240 53 219 0 0 0 0 0 0 0 0 0 0 0 0 0
0 0 0 0 0 0 0 0 0 0 0 0 0 152 4 119 0 216 216 93 44 152 52 248 220 169 202 96 75 171 114 87 242 228 98 36 236 66 186 3 246 144 5 164 210 41 9 203 79 66 115 13 28 214 176 47 202 68 121 16 43 244 8 73 195 17 69 235 13 236 2 34 1 200 26 26 238 160 140 114 243 187 70 199 231 134 167 119 171 224 172 85 198 175 215 242 159 243 52 168 38 33 88 67 36 141 234 137 51 55 201 6 142 234 104 90 0 0 0 0 0 0 0 0 0 0 0 0
0 0 0 0 0 0 0 0 0 0 0 0 52 52 108 226 49 222 56 182 59 0 170 249 27 198 99 13 168 40 120 167 194 41 69 29 138 53 45 231 238 184 36 92 146 159 207 68 143 157 236 233 82 0 42 214 229 76 27 199 184 186 63 246 148 110 200 84 183 187 166 250 230 182 33 110 171 15 34 106 143 129 49 225 245 38 15 215 247 236 191 213 215 57 33 101 221 104 136 235 199 117 19 28 148 169 115 250 228 38 18 159 135 160 221 111 4 0 0 0 0 0 0 0 0 0 0 0
0 0 0 0 0 0 0 0 0 0 0 0 215 117 73 99 143 137 33 141 134 245 32 236 105 175 179 74 57 170 75 174 173 173 25 90 104 214 98 247 214 11 170 8 239 83 140 156 90 228 70 149 242 126 212 152 33 209 46 6 67 160 55 221 218 207 81 69 182 82 41 167 97 118 227 66 68 175 201 228 171 19 60 150 70 16 165 8 157 179 24 26 27 113 43 11 217 35 194 226 202 127 20 29 62 61 250 115 25 175 45 52 183 9 9 183 151 0 0 0 0 0 0 0 0 0 0 0
0 0 0 0 0 0 0 0 0 0 0 74 61 206 167 244 108 40 252 33 100 117 129 63 71 242 229 247 18 210 238 104 233 132 13 148 219 35 90 238 239 85 7 140 249 206 65 206 204 135 116 186 62 33 254 164 183 57 23 220 198 223 27 96 200 114 137 104 219 73 50 24 164 97 192 192 242 23 88 105 150 40 181 74 6 22 175 145 247 38 7 233 69 228 244 88 251 128 170 230 147 55 205 148 78 184 6 224 239 98 127 95 89 105 232 212 171 252 0 0 0 0 0 0 0 0 0 0
0 0 0 0 0 0 0 0 0 0 121 41 136 37 240 224 206 233 169 112 70 217 106 23 83 32 109 93 225 187 137 165 112 82 106 68 111 43 124 86 164 137 219 250 30 251 94 43 144 156 0 243 16 156 227 173 248 68 68 2 161 72 175 64 250 130 174 226 101 213 85 0 183 157 143 111 175 88 130 202 60 89 246 223 76 64 74 39 184 112 123 146 121 156 209 103 107 134 176 141 43 149 233 226 247 232 139 126 57 33 199 146 91 103 12 129 115 34 55 0 0 0 0 0 0 0 0 0
0 0 0 0 0 0 0 0 0 0 130 83 47 103 105 54 219 140 116 30 170 1 184 19 124 114 63 39 27 228 171 253 247 42 205 128 107 89 227 66 97 250 23 246 174 13 62 36 144 163 196 78 12 5 120 212 221 0 72 133 111 12 198 166 172 53 18 73 34 76 189 167 233 180 191 40 24 154 168 129 185 187 162 140 247 65 187 120 38 14 202 245 64 75 101 227 108 109 30 75 151 243 72 171 219 69 100 135 176 230 1 241 249 199 122 78 131 224 150 0 0 0 0 0 0 0 0 0
0 0 0 0 0 0 0 0 0 243 23 180 186 182 18 226 88 67 63 142 144 180 34 47 37 132 71 119 4 101 125 26 91 136 124 202 229 5 119 113 130 222 195 247 165 132 164 114 113 96 73 83 66 143 233 128 163 146 146 40 127 58 217 225 17 149 89 95 191 124 176 82 135 237 249 94 217 252 34 250 246 46 8 34 64 121 161 48 231 13 235 50 176 191 2 40 16 128 52 157 164 167 97 196 113 180 101 69 252 180 243 59 194 102 25 84 70 80 75 200 0 0 0 0 0 0 0 0
0 0 0 0 0 0 0 0 0 102 33 218 113 86 111 189 168 53 159 31 32 155 194 47 184 207 171 33 107 151 186 3 227 83 200 19 137 117 99 164 130 155 80 186 139 149 155 34 17 122 62 106 93 75 147 236 8 245 57 5 61 74 231 13 119 22 217 25 109 1 145 40 73 134 245 180 10 83 8 227 218 135 124 92 104 204 246 230 132 221 150 0 194 21 209 84 118 88 225 207 152 25 69 10 183 213 54 214 126 121 166 168 189 23 137 134 78 129 86 61 0 0 0 0 0 0 0 0
0 0 0 0 0 0 0 0 165 63 59 55 17 129 201 46 64 70 172 51 84 145 7 91 9 201 143 67 76 57 41 230 182 44 154 6 220 199 120 143 108 40 50 2 62 238 30 124 168 191 59 216 161 113 224 69 45 232 183 212 74 198 186 153 47 248 162 135 221 172 56 51 252 140 44 66 210 150 7 170 76 172 20 134 6 41 48 40 228 166 197 250 155 18 13 164 8 5 189 139 60 127 173 83 54 25 236 6 89 155 33 254 208 62 55 143 2 0 194 32 189 0 0 0 0 0 0 0
0 0 0 0 0 0 0 172 103 121 116 40 119 46 45 86 115 139 221 212 182 61 47 92 178 134 213 2 133 20 146 24 186 235 230 94 99 15 207 238 204 62 70 154 214 5 88 48 212 56 113 221 235 213 105 105 69 165 229 33 61 219 226 127 225 172 44 169 196 234 108 193 233 7 101 216 17 246 227 185 167 70 62 214 36 127 150 229 182 160 243 101 38 40 217 241 25 24 0 53 196 221 207 33 152 211 130 71 61 130 78 101 248 237 26 126 201 166 66 231 219 20 0 0 0 0 0 0
0 0 0 0 0 0 0 33 97 63 175 121 50 214 58 78 97 26 172 223 181 148 230 223 181 98 21 24 41 174 13 52 1 104 228 6 161 88 56 92 45 191 94 208 222 43 152 72 23 252 109 41 90 238 39 46 60 201 113 50 101 13 67 76 8 252 31 183 17 235 190 65 132 27 224 87 206 110 170 183 147 9 157 172 72 45 232 250 173 127 226 52 143 142 84 248 4 49 25 202 73 177 100 21 42 254 57 196 70 211 123 64 169 26 145 229 95 43 236 142 98 33 0 0 0 0 0 0
0 0 0 0 0 0 21 194 128 7 29 97 66 127 33 197 187 223 27 232 192 43 122 117 100 110 17 211 189 105 73 17 87 47 200 43 54 137 146 224 137 243 243 88 50 194 35 138 0 202 227 12 240 176 2 165 1 7 186 45 138 72 27 78 57 140 4 93 185 235 117 230 109 171 105 13 171 153 164 50 40 25 111 142 253 48 22 180 102 95 205 187 223 82 55 161 62 45 182 207 2 76 7 161 242 85 158 218 60 144 202 142 194 36 196 44 29 102 118 130 205 132 207 0 0 0 0 0
0 0 0 0 0 0 217 50 206 149 126 76 220 201 210 24 211 146 122 155 39 115 176 86 84 1 142 204 134 147 113 132 160 74 72 188 167 84 208 72 181 128 74 167 0 125 229 40 180 51 215 62 172 210 41 124 181 59 229 176 84 130 15 117 34 235 46 146 204 243 87 179 250 161 120 4 54 84 11 188 134 244 124 121 41 202 227 84 243 246 216 136 70 229 65 197 54 180 164 78 81 60 202 228 168 34 164 175 229 129 205 6 211 69 81 116 10 173 175 124 149 117 182 0 0 0 0 0
0 0 0 0 0 0 166 88 191 151 148 196 197 57 104 168 244 39 149 132 1 112 204 82 19 244 16 13 103 69 220 57 120 14 54 75 42 207 255 203 161 238 55 207 233 236 141 158 113 255 237 226 164 183 53 96 114 10 157 160 26 28 124 222 85 236 156 162 125 244 80 185 128 207 11 204 1 173 241 38 26 255 130 49 102 212 126 112 158 115 17 249 50 175 130 208 160 240 47 36 3 30 250 188 35 119 88 107 163 127 93 228 137 156 98 236 125 170 145 233 133 151 251 0 0 0 0 0
0 0 0 0 0 3 16 52 91 80 250 73 193 15 113 90 178 234 39 1 58 142 167 234 166 76 159 231 228 58 193 80 69 194 172 41 221 89 164 203 108 172 57 183 221 51 196 50 111 179 143 106 102 143 82 209 112 240 168 198 114 245 236 218 83 26 143 10 133 5 33 139 126 57 138 183 233 3 177 167 3 172 236 180 180 133 94 146 201 158 150 24 146 248 51 34 60 162 187 235 2 166 86 82 158 65 135 132 124 121 19 58 167 215 125 112 67 99 38 99 20 117 201 9 0 0 0 0
0 0 0 0 0 89 148 110 142 29 179 212 149 52 88 5 16 178 82 201 229 4 205 100 186 7 204 105 101 19 1 123 89 237 226 171 1 105 150 20 57 110 26 73 96 227 213 105 226 71 16 119 134 49 5 254 69 154 89 226 24 164 15 237 248 115 106 225 163 62 13 142 185 93 9 239 243 50 117 33 153 48 80 40 149 187 252 164 122 136 254 195 140 80 165 29 140 200 200 144 86 75 117 227 194 33 142 99 157 163 235 98 15 206 26 89 200 201 82 94 168 97 34 46 0 0 0 0
0 0 0 0 94 27 226 170 107 131 123 77 190 229 20 215 175 225 133 84 189 152 65 131 19 131 188 145 229 163 128 176 101 103 63 178 150 183 148 6 76 90 55 130 46 19 88 106 3 219 43 70 38 50 28 201 171 44 215 87 23 249 15 11 211 4 190 106 62 173 182 54 108 196 138 216 251 158 99 14 241 59 208 247 244 225 42 88 113 142 119 139 154 166 240 239 44 223 185 31 83 46 220 88 91 156 158 173 132 246 218 99 45 246 159 96 152 229 65 113 109 148 221 249 136 0 0 0
0 0 0 0 33 9 85 12 175 254 90 11 161 152 113 12 93 249 189 76 218 211 197 25 152 195 106 217 113 51 96 36 93 200 103 164 126 144 13 83 10 50 100 147 132 211 59 162 128 142 243 236 152 122 119 76 169 167 45 45 171 184 164 19 185 14 255 66 76 82 165 253 32 26 174 180 46 86 165 205 108 228 63 175 41 81 174 178 143 107 144 102 17 198 5 236 125 11 8 182 149 169 208 201 3 10 254 185 5 60 17 67 251 66 24 75 155 77 130 45 141 109 77 198 215 0 0 0
0 0 0 0 27 151 40 146 108 165 55 134 47 201 17 136 202 74 162 150 24 101 206 228 135 185 40 152 150 157 23 252 179 175 84 93 106 201 27 111 9 65 241 205 142 17 202 251 135 36 250 3 196 53 210 77 5 217 224 12 124 78 33 37 4 169 6 137 142 194 237 105 115 199 241 207 219 174 238 8 56 103 8 60 147 226 89 229 53 220 38 171 181 86 35 2 228 102 231 11 175 102 203 233 112 2 76 142 52 133 103 240 143 177 40 24 244 41 151 238 151 198 218 187 148 0 0 0
0 0 0 106 160 218 62 221 42 116 247 145 173 249 213 162 116 42 60 219 135 119 252 220 100 170 20 99 247 148 83 22 209 141 214 13 106 131 161 84 219 103 165 193 159 101 212 154 196 220 133 221 68 171 185 250 37 57 203 158 254 58 1 73 32 122 236 150 153 20 11 233 215 68 233 230 198 234 238 171 135 135 249 26 62 57 248 181 217 79 197 128 250 30 188 128 70 217 10 33 6 170 123 207 228 118 236 63 239 163 1 104 4 21 230 160 46 31 239 147 225 236 185 165 26 255 0 0
0 0 0 209 86 249 177 245 88 240 141 109 124 13 113 52 143 172 254 123 212 213 152 78 239 5 67 217 244 27 208 125 19 74 190 58 113 83 99 98 118 55 180 177 39 154 165 167 248 168 173 46 50 228 60 56 187 72 114 130 75 81 59 199 182 246 147 101 16 139 121 145 16 107 200 211 153 12 34 227 87 194 181 159 206 45 235 194 150 154 105 194 51 48 9 255 234 170 217 114 201 166 90 252 221 203 126 100 149 90 47 113 57 158 58 167 132 38 193 76 156 232 129 196 87 255 0 0
0 0 0 250 227 205 54 151 151 183 37 230 9 49 106 206 83 77 248 241 64 179 46 145 197 117 21 195 67 126 21 184 209 207 190 3 22 152 12 252 142 62 32 123 12 154 220 248 94 151 225 136 41 231 115 203 208 110 227 173 147 111 12 154 198 50 220 233 102 47 36 238 90 175 207 2 69 154 78 236 133 150 78 167 131 59 29 128 165 75 50 183 157 57 229 123 175 98 120 226 97 252 27 26 13 141 7 15 137 216 212 79 249 234 120 147 240 32 175 145 169 113 240 179 197 161 0 0
0 0 0 216 129 32 159 173 68 25 206 84 168 68 235 67 35 192 101 125 109 59 249 28 79 50 38 251 221 77 203 108 170 231 89 58 131 216 74 213 125 186 151 142 52 213 57 86 253 201 245 215 56 115 13 82 14 71 86 183 120 110 79 147 237 18 44 172 219 237 86 65 6 190 132 58 43 247 196 233 95 15 134 124 173 250 173 119 212 12 84 196 149 47 155 38 104 232 24 2 118 228 62 176 64 143 152 208 198 109 211 54 1 226 83 131 189 125 158 224 221 89 211 138 170 150 0 0
0 0 199 227 110 160 30 65 94 57 142 245 99 188 57 96 76 45 105 123 253 172 116 108 175 186 118 191 83 190 251 52 178 209 161 58 45 222 61 15 232 84 51 143 182 116 246 188 244 241 174 226 22 217 234 39 141 244 97 77 35 86 223 96 107 107 128 255 56 19 74 86 106 29 252 71 201 51 99 194 69 55 43 72 43 240 65 30 66 215 6 164 246 217 233 25 90 55 240 117 35 74 121 124 30 206 123 241 96 132 213 180 184 172 150 111 133 120 172 205 175 122 9 107 135 38 223 0
0 0 107 71 132 164 235 217 208 34 107 165 214 222 73 164 136 127 134 255 54 209 154 21 26 101 192 80 108 102 110 70 218 18 159 169 162 13 95 6 87 81 228 199 43 28 34 179 48 15 199 99 217 246 80 135 3 209 184 66 59 255 239 214 155 78 35 241 60 155 184 33 169 238 169 109 193 96 226 246 247 4 143 14 134 162 104 84 17 61 65 238 240 246 178 200 247 96 11 0 20 188 91 112 129 143 41 83 29 77 98 212 115 89 71 255 47 226 191 116 210 52 144 201 49 140 140 0
0 0 57 222 67 241 69 19 201 30 120 87 1 171 104 65 215 63 182 78 109 243 51 121 35 19 239 65 6 146 127 136 211 176 226 158 121 98 71 254 55 87 63 64 46 108 245 75 22 72 216 191 240 28 225 82 158 64 164 1 82 119 152 248 232 224 49 92 45 235 23 252 247 247 13 85 129 225 182 89 245 78 149 137 114 137 62 21 222 22 121 8 41 0 238 196 181 129 56 109 249 134 253 212 81 37 245 247 196 210 125 227 100 143 15 173 28 95 3 72 151 61 21 86 62 68 102 0
0 0 18 225 169 162 222 103 241 128 203 172 75 215 164 229 167 63 78 46 242 169 123 132 23 122 179 214 75 25 196 228 180 114 7 120 250 6 78 160 139 150 217 1 167 158 186 99 255 125 49 118 165 5 0 172 212 137 47 125 235 128 16 179 110 4 224 6 154 108 115 95 17 132 186 249 194 101 34 142 141 163 143 151 236 98 98 36 72 60 29 92 237 142 34 11 83 70 82 34 16 73 151 251 220 119 59 30 255 65 137 92 122 54 251 97 81 216 127 239 109 45 134 2 165 242 119 0
0 137 177 242 28 90 158 212 81 39 69 220 213 206 217 247 24 246 61 88 134 153 73 99 197 65 154 228 239 40 238 210 72 235 236 205 134 247 144 100 31 86 127 129 52 72 129 212 189 194 133 56 48 83 108 81 34 237 13 142 172 78 60 16 22 177 85 118 14 39 19 11 148 31 215 222 172 81 114 8 119 6 203 226 149 49 225 96 63 40 229 215 166 238 25 34 64 73 173 249 113 131 33 56 233 156 105 134 137 155 197 105 33 115 254 143 77 108 136 198 8 36 56 228 238 197 25 25
0 133 231 18 108 9 221 202 37 191 181 133 29 21 75 62 219 5 225 180 244 105 109 32 125 53 38 231 79 56 132 181 136 77 36 115 197 142 183 160 167 121 9 87 14 253 227 113 149 233 206 118 130 164 42 146 219 17 180 71 199 230 14 114 167 63 96 226 160 26 8 226 109 157 239 86 69 48 158 194 115 239 20 73 217 79 136 8 166 74 172 89 236 76 166 216 107 67 0 21 17 178 249 165 81 94 38 252 117 43 107 86 64 25 237 37 255 224 0 22 24 212 94 62 64 133 14 228
0 119 141 83 217 222 174 16 95 117 230 105 54 112 126 177 175 43 79 79 148 49 20 148 17 70 183 102 242 91 163 189 62 103 145 24 34 142 22 63 18 167 22 238 241 12 39 37 50 105 60 31 120 170 216 226 26 67 160 12 205 17 66 190 113 132 146 207 229 57 144 82 15 235 40 248 81 83 192 144 61 194 62 97 52 160 108 155 142 55 152 221 245 187 111 134 92 22 250 57 81 187 237 245 236 129 110 73 85 136 180 202 241 251 118 216 116 24 21 6 175 77 68 23 48 172 22 110
0 126 80 133 167 255 66 134 210 149 58 110 22 176 167 65 253 214 156 244 164 173 12 30 82 132 69 237 26 163 70 165 152 29 226 108 230 129 190 21 58 27 60 117 161 149 253 232 0 11 187 47 124 146 12 207 238 32 75 41 27 215 84 108 74 121 113 144 83 223 195 114 213 133 96 217 87 30 38 59 176 233 105 169 25 187 96 249 210 129 15 129 102 139 225 215 164 188 175 196 152 41 121 215 134 199 211 221 195 192 61 49 62 115 43 92 71 178 95 22 159 51 108 195 251 172 87 195
0 19 167 166 125 9 9 39 40 145 216 66 106 16 43 105 135 52 84 125 55 123 15 247 103 201 255 225 39 226 236 210 77 68 201 53 139 157 217 5 103 172 172 234 205 65 233 223 248 48 56 91 217 185 197 27 246 40 44 180 55 33 70 0 131 235 218 30 112 83 181 48 217 190 198 154 208 202 134 253 201 230 239 115 152 108 6 224 96 77 7 77 18 238 190 202 130 141 108 165 35 1 96 184 129 28 54 55 74 254 253 174 202 181 51 219 37 106 118 24 196 76 245 176 233 221 136 250
0 205 170 195 38 142 152 12 25 87 209 31 36 216 159 82 157 214 235 35 123 194 93 141 49 235 255 159 249 131 190 41 168 54 24 219 105 86 59 97 166 14 45 1 150 133 7 101 101 96 203 162 153 104 250 58 142 209 237 34 177 248 154 9 109 153 50 56 116 28 203 107 255 58 173 33 54 85 47 185 227 33 22 213 219 181 192 57 57 35 4 183 106 95 128 101 32 109 162 9 6 23 224 137 30 228 148 80 214 222 159 44 185 23 254 66 60 214 156 11 255 94 134 176 111 49 52 19
0 0 142 121 246 45 161 18 231 251 204 174 212 146 154 163 24 232 101 57 190 152 229 137 123 242 193 222 12 44 45 132 9 42 133 241 230 206 19 199 240 37 97 208 171 62 49 126 198 254 83 213 180 68 184 42 19 167 197 2 93 213 23 47 67 115 44 118 182 124 222 67 27 90 27 162 44 79 77 228 158 107 3 52 251 74 146 51 66 233 72 27 194 37 126 25 45 20 28 119 45 77 170 71 36 20 204 83 244 153 236 13 161 24 96 164 59 8 75 245 100 189 63 172 158 111 225 63
0 107 15 203 121 136 64 133 249 41 185 192 62 7 226 140 23 53 251 105 239 239 172 201 68 213 22 112 232 116 232 234 170 31 21 33 198 94 37 140 103 56 213 11 99 167 213 86 246 13 236 41 190 44 149 147 55 188 143 153 22 114 96 121 154 21 92 160 42 88 29 193 239 54 181 72 138 178 229 23 207 197 79 63 229 128 248 236 72 46 24 193 65 36 168 213 172 45 193 4 202 112 183 228 145 105 46 254 43 163 252 124 96 43 145 254 35 45 22 65 215 98 252 235 137 189 113 206
0 170 133 152 31 234 56 44 160 152 249 202 167 190 196 207 81 32 139 13 96 155 70 165 59 175 183 31 23 61 110 69 251 79 13 90 176 10 119 112 148 104 2 182 39 110 179 127 75 198 41 148 131 56 66 111 22 84 105 115 191 211 183 50 46 190 120 98 33 29 39 218 135 66 5 171 157 137 115 233 100 72 11 251 17 71 130 170 127 2 173 239 112 226 156 200 243 197 29 145 208 250 100 123 225 128 245 174 10 205 43 240 72 85 86 169 71 249 120 62 155 180 15 27 239 173 209 122
0 187 135 155 238 122 100 3 111 247 22 117 87 89 177 133 181 23 53 229 28 127 81 87 92 171 240 159 235 39 122 121 2 207 161 177 74 32 179 212 100 141 85 105 95 102 120 35 33 197 248 40 207 68 108 139 129 43 202 92 135 198 120 228 163 68 70 173 57 227 133 51 185 133 117 231 5 91 123 73 214 64 38 30 254 181 85 13 13 191 2 142 184 239 229 61 246 40 226 26 197 103 6 223 157 183 101 28 254 248 183 120 84 71 215 167 174 144 49 7 149 252 6 239 82 185 216 36
0 225 175 70 69 46 162 56 142 181 152 235 252 81 191 205 162 66 108 124 20 26 238 44 252 129 127 37 213 253 31 4 115 237 5 44 121 154 129 36 28 39 180 223 53 73 176 242 14 160 45 187 186 87 109 225 44 236 33 95 225 201 113 39 164 96 129 166 220 131 174 48 94 222 211 3 225 77 102 84 83 119 232 213 246 187 0 156 172 106 47 214 194 120 32 156 131 42 7 155 160 63 135 58 224 202 1 255 182 144 109 161 155 180 136 151 215 39 186 214 152 35 193 215 112 39 241 199
142 214 17 225 211 139 97 23 114 196 139 143 149 4 68 51 10 73 195 131 226 190 178 206 14 206 10 162 209 98 14 142 195 34 161 65 182 16 223 114 30 89 80 165 171 122 58 226 53 64 141 248 201 31 214 9 59 158 186 161 116 106 224 19 217 91 66 177 92 48 55 66 105 107 215 71 67 232 250 181 14 68 87 104 60 108 199 42 220 11 10 67 232 136 201 139 161 237 186 63 198 120 231 200 5 132 140 250 138 146 160 169 206 75 175 251 250 230 36 163 145 254 173 82 109 152 10 148
0 181 184 128 255 62 136 199 134 124 196 54 55 73 155 240 212 11 232 184 76 143 74 168 141 206 19 199 44 82 52 75 110 70 194 11 30 1 1 167 69 88 176 86 83 128 9 82 85 212 188 92 80 166 233 245 196 109 83 92 8 205 219 172 41 241 151 215 190 47 117 73 40 251 236 19 29 14 251 249 179 15 223 240 168 28 163 30 234 76 155 185 13 192 58 48 61 90 106 50 224 200 141 6 104 22 172 215 79 198 87 139 187 158 112 67 150 252 33 157 94 119 188 169 80 69 7 245
0 217 205 28 29 88 124 88 103 104 43 124 66 123 138 13 210 231 239 11 247 208 66 166 35 58 54 146 48 6 44 241 47 123 228 90 159 185 192 98 7 235 62 116 190 187 72 217 43 133 18 81 42 187 252 123 172 39 38 211 210 43 169 132 139 153 188 77 46 213 81 56 27 144 139 27 236 244 125 254 230 65 31 244 161 67 130 12 144 18 56 49 190 127 172 206 173 6 196 69 63 124 69 205 236 50 128 135 180 144 240 218 68 158 131 185 208 249 235 3 181 17 135 3 18 81 202 93
0 60 102 170 213 235 15 173 10 108 32 25 210 253 47 76 35 105 51 31 32 33 196 98 0 238 28 57 98 221 156 17 69 149 61 96 173 159 193 121 227 183 87 232 241 21 30 199 168 114 205 78 175 99 112 44 127 56 198 208 65 112 37 12 168 120 176 249 192 150 60 205 221 66 15 36 51 9 149 238 198 2 179 244 132 181 217 24 222 177 186 247 104 50 54 146 202 59 177 255 45 245 62 173 147 118 164 136 153 148 19 230 146 135 161 48 70 120 156 43 69 121 61 45 147 74 121 181
0 130 27 174 60 182 25 212 223 57 26 175 52 194 32 63 183 183 211 32 164 136 215 81 175 33 180 194 85 141 215 131 118 66 247 1 177 172 179 236 11 145 67 0 200 108 83 182 246 41 178 201 168 207 252 213 53 230 246 43 11 150 145 102 59 123 144 33 86 240 215 137 144 46 232 33 180 8 116 140 100 143 57 163 10 187 63 116 50 70 195 93 17 189 171 80 12 58 212 169 234 83 5 33 157 128 56 50 58 231 145 52 242 67 147 72 73 91 86 61 183 164 246 29 196 226 223 175
0 65 118 245 181 42 51 198 210 46 1 195 109 41 87 132 145 113 232 236 73 30 219 36 216 127 51 2 231 36 105 1 200 66 150 12 101 79 0 209 178 114 71 131 175 192 118 131 91 154 215 1 57 2 12 121 24 74 178 109 115 119 234 224 127 32 108 128 213 4 6 72 20 4 2 143 119 239 213 202 229 152 76 1 89 29 118 6 35 62 181 251 207 113 10 225 91 66 245 60 19 92 152 176 110 205 185 174 64 122 77 79 154 159 233 151 63 192 80 142 188 247 35 223 251 98 82 134
0 102 116 215 168 69 195 227 137 231 75 77 143 204 228 240 50 233 26 211 15 174 141 8 186 237 198 200 222 53 239 171 182 210 188 189 185 52 94 218 52 194 135 199 219 242 212 179 201 125 233 22 165 206 203 90 123 145 39 227 68 104 19 67 254 253 51 61 227 86 141 114 248 131 223 140 0 186 180 205 218 212 164 242 131 74 253 59 147 111 135 47 190 136 137 99 46 136 198 175 231 131 0 152 51 39 10 27 25 182 166 214 91 160 47 1 146 186 222 90 162 31 179 92 171 8 89 19
0 65 245 154 19 61 227 30 145 150 252 39 72 146 170 229 191 190 58 132 97 43 244 138 190 2 81 69 2 238 169 1 141 178 142 59 162 221 115 49 68 232 17 174 116 0 126 43 234 138 203 65 112 224 19 132 16 147 192 55 92 30 203 168 67 251 251 2 157 57 176 70 131 142 117 119 194 151 27 144 196 141 94 139 121 239 23 216 11 59 243 6 208 56 53 10 172 202 70 17 187 220 78 188 251 229 232 122 48 116 235 192 31 121 1 24 29 129 221 91 142 143 34 145 60 40 147 72
0 75 225 48 15 182 159 169 238 42 226 193 82 190 79 152 132 88 178 166 153 39 127 30 4 28 134 143 98 103 65 7 218 79 25 175 186 94 253 214 151 57 24 128 80 5 70 44 255 174 33 134 137 234 189 146 45 232 200 70 187 239 227 225 36 172 229 115 94 118 1 114 244 244 217 37 226 185 241 38 174 3 41 91 211 228 26 177 76 117 199 164 124 30 151 246 114 81 141 81 136 84 63 167 52 107 85 72 133 66 48 27 32 145 249 138 163 51 186 8 57 193 201 93 243 147 121 177
0 200 40 188 218 13 72 249 241 73 200 40 10 108 221 190 246 254 86 123 21 149 65 220 232 150 207 173 108 196 201 186 91 155 103 209 130 60 94 227 2 163 58 177 101 114 86 60 59 195 77 160 147 31 49 150 198 122 134 223 130 33 244 185 188 218 4 252 108 148 233 175 230 16 72 243 229 197 80 141 222 89 215 249 29 219 67 216 127 170 6 134 245 92 26 31 105 204 155 100 227 156 126 195 115 34 127 10 62 11 32 196 240 111 184 1 164 134 48 90 60 251 120 219 38 201 243 160
0 60 91 151 58 92 155 151 160 74 125 106 16 52 227 118 49 224 87 124 132 75 41 242 5 217 175 226 60 206 247 174 60 124 76 51 9 20 8 96 3 19 234 229 77 232 227 101 150 195 161 113 46 154 209 191 227 141 125 4 87 131 55 185 138 140 38 45 119 33 86 85 204 103 82 210 117 28 207 19 22 125 8 76 176 157 197 85 46 158 204 163 50 245 103 188 166 155 52 213 106 66 83 137 25 5 163 241 105 142 76 58 169 193 103 77 13 32 135 5 73 99 110 209 230 233 108 100
0 157 177 34 41 201 167 2 33 237 4 49 118 199 142 90 73 13 190 134 209 39 34 207 191 141 108 215 20 199 19 82 171 196 46 194 218 186 208 246 163 188 141 92 227 88 127 59 25 247 104 89 151 255 171 224 61 114 104 93 40 24 68 23 0 188 46 255 249 72 87 162 213 226 17 157 231 106 9 22 175 251 52 114 25 70 198 105 192 147 201 246 214 99 94 252 71 254 112 251 168 145 116 183 189 2 141 130 138 241 32 132 251 88 15 244 76 208 140 183 161 220 25 173 99 176 105 79
0 0 169 204 99 94 242 235 9 101 166 209 28 76 178 149 194 21 79 131 168 123 22 66 231 172 207 159 1 203 172 191 5 150 37 141 154 96 191 3 96 175 148 214 27 101 206 11 199 240 142 56 118 26 164 94 226 246 62 46 216 236 30 141 176 145 82 129 238 50 7 160 109 42 137 73 57 142 113 131 81 43 74 133 42 111 120 78 242 158 38 196 49 125 244 70 150 99 225 206 185 112 26 48 73 218 140 249 93 79 222 106 33 58 150 245 35 65 100 150 244 74 195 106 152 194 203 0
0 0 8 21 234 244 61 0 227 222 96 66 250 66 208 233 79 150 214 119 62 198 126 22 181 101 192 77 17 126 211 120 122 69 117 175 197 96 165 66 137 174 130 176 139 72 58 161 45 44 246 255 18 34 166 172 200 14 89 70 58 150 173 125 171 8 201 194 203 183 73 26 111 207 119 101 200 229 96 213 101 85 129 200 105 75 191 70 125 91 46 134 248 165 210 141 128 155 47 253 11 154 227 12 247 183 183 133 198 222 47 40 177 44 90 255 179 250 225 239 166 207 145 173 88 250 40 0
0 0 103 42 198 55 51 18 19 122 22 151 99 109 158 248 150 118 72 10 51 243 184 92 75 18 147 71 14 153 203 42 152 146 150 229 175 79 38 213 193 225 203 20 170 30 192 43 60 192 124 155 244 95 78 103 141 207 33 140 215 42 143 253 23 116 137 145 28 178 246 248 121 38 66 245 241 237 179 92 182 40 112 209 129 57 51 25 97 6 20 247 210 47 64 188 195 17 181 94 31 80 177 72 92 110 158 9 140 152 180 147 22 30 119 87 0 66 44 146 102 233 145 92 232 135 217 0
0 0 170 42 199 132 121 100 165 21 163 176 239 159 224 38 168 101 90 163 47 108 48 155 153 42 210 69 106 152 199 234 242 173 108 74 166 80 167 138 34 121 230 179 15 207 42 72 190 6 231 21 215 238 141 118 133 83 14 231 112 157 160 176 120 167 205 152 35 5 130 192 229 166 133 137 136 53 240 158 60 4 219 184 111 47 192 205 39 82 196 51 9 208 51 133 70 194 85 163 161 227 55 247 58 157 235 155 227 49 66 200 103 253 21 220 165 221 44 159 218 212 105 89 17 228 191 0
0 0 0 62 160 114 182 105 138 24 227 122 251 200 82 133 225 168 227 68 93 237 12 37 201 0 185 101 12 254 26 134 31 239 16 233 68 67 18 141 156 146 175 80 107 172 21 84 89 111 123 37 123 214 6 85 19 244 19 40 73 218 87 41 132 196 246 202 177 140 221 212 158 200 169 121 46 57 190 82 144 102 147 107 170 44 86 224 19 88 241 146 48 122 137 64 187 124 101 144 48 126 80 6 218 90 154 238 211 234 228 81 242 116 46 22 74 61 131 40 72 116 115 214 205 157 0 0
0 0 0 165 253 159 115 188 200 231 250 142 212 41 107 99 206 61 227 60 225 110 119 127 246 52 39 23 175 46 239 178 231 84 215 5 32 147 146 234 23 91 23 171 1 170 121 193 194 14 39 223 254 167 175 231 205 136 52 101 166 255 255 34 210 114 177 15 222 93 84 171 46 66 213 12 196 105 220 127 58 65 181 7 200 187 73 26 105 167 86 239 226 162 229 86 95 179 250 80 71 102 52 130 20 201 156 160 141 144 19 95 220 160 8 71 130 127 128 89 145 51 62 137 214 185 0 0
0 0 0 118 137 13 165 91 242 88 73 78 169 223 135 198 121 166 67 93 156 53 79 32 139 7 31 228 157 13 63 56 172 8 207 249 109 163 113 73 51 156 241 44 65 212 238 92 248 87 241 22 255 228 167 4 159 87 153 39 141 127 207 101 107 236 24 58 240 223 170 199 51 166 179 253 4 163 38 110 80 164 189 225 32 216 108 113 203 174 152 253 9 121 225 11 71 156 33 82 6 231 53 242 163 82 84 37 186 234 80 41 85 15 113 34 138 119 8 79 46 218 143 203 4 202 0 0
0 0 0 33 114 115 193 255 142 211 4 148 219 191 122 182 92 198 253 107 218 217 34 168 221 176 50 187 93 115 244 0 231 117 164 255 228 16 52 82 141 105 213 22 196 146 186 7 195 83 223 111 44 102 5 89 112 83 146 108 54 230 88 234 227 194 181 112 204 138 54 181 49 14 174 170 170 101 61 142 252 107 74 127 69 39 166 101 2 229 7 154 233 87 211 244 120 31 64 52 117 90 228 26 64 227 60 220 235 146 37 210 188 91 185 165 162 146 43 35 116 230 58 254 155 94 0 0
0 0 0 0 47 187 100 48 50 86 80 85 35 129 148 29 196 70 60 48 48 178 191 77 246 24 219 57 98 203 169 134 66 106 85 49 3 230 7 210 230 161 50 139 208 172 233 183 78 142 26 85 74 103 186 188 255 210 163 194 182 251 0 11 188 46 190 102 174 88 73 64 238 189 138 40 101 165 196 179 75 97 25 86 127 189 223 225 217 109 67 149 134 143 223 141 250 159 206 62 17 201 170 51 86 246 7 33 161 77 232 120 21 67 183 4 209 149 99 8 12 44 172 172 135 0 0 0
0 0 0 0 197 198 75 244 45 203 75 138 205 229 63 9 29 17 249 125 228 139 171 112 135 45 162 108 235 43 41 210 212 113 164 131 246 162 13 70 81 122 198 193 69 93 146 68 201 122 78 253 249 243 49 61 22 139 210 82 117 163 184 68 121 154 177 168 155 245 134 57 212 193 161 130 245 126 89 56 0 37 199 170 233 248 199 66 94 49 240 81 27 67 16 27 24 83 209 68 126 189 45 69 147 42 194 229 202 201 7 63 223 1 91 243 252 63 19 250 83 168 144 112 88 0 0 0
0 0 0 0 152 177 218 177 179 163 45 64 147 177 234 173 2 153 61 253 121 37 58 64 60 5 100 10 12 249 91 251 20 115 125 226 9 22 52 7 31 97 37 179 91 26 11 11 195 44 170 7 162 172 144 13 130 58 143 120 241 108 74 21 67 150 46 156 245 240 44 98 40 109 196 125 109 235 71 227 143 210 74 67 171 30 117 147 203 133 190 68 35 60 128 153 131 198 103 138 145 10 241 125 229 104 1 112 118 44 34 232 171 100 189 91 92 42 218 10 50 167 232 30 94 0 0 0
0 0 0 0 0 51 205 34 21 186 217 87 7 228 154 32 124 11 255 0 172 38 126 231 207 166 230 94 198 50 139 200 169 244 23 154 253 29 101 22 198 169 211 110 30 104 100 237 234 58 247 255 62 30 6 213 104 109 236 91 90 211 163 124 13 30 219 254 102 17 156 220 228 51 195 65 186 216 179 152 202 222 235 248 248 70 209 91 170 220 195 23 6 149 206 49 211 125 167 5 220 194 230 105 204 53 95 113 29 162 140 11 148 228 216 218 78 128 7 118 180 80 68 218 0 0 0 0
0 0 0 0 0 13 20 253 169 206 210 190 158 32 41 114 146 126 250 66 159 111 188 132 235 195 135 193 235 27 77 130 48 162 191 177 145 206 40 74 123 160 245 46 166 202 87 162 64 105 219 120 210 83 238 65 192 109 7 79 6 51 244 144 145 62 17 63 251 81 149 212 158 26 229 112 152 8 18 30 199 109 147 205 88 243 173 196 1 177 144 139 119 88 119 190 35 47 41 24 208 187 41 245 29 207 126 165 202 40 38 189 121 83 100 86 225 119 122 52 129 114 61 235 0 0 0 0
0 0 0 0 0 0 134 78 5 77 173 3 54 197 51 41 42 65 250 253 181 144 46 58 80 217 78 171 194 222 222 26 193 246 121 142 247 242 62 88 60 148 200 98 156 225 199 68 249 97 164 60 191 35 244 165 182 110 87 104 91 206 152 44 170 127 191 66 200 191 169 151 25 101 169 249 6 158 206 166 197 223 131 148 1 231 158 96 50 52 213 56 13 50 55 106 180 66 32 239 213 79 209 130 58 87 112 167 8 163 22 44 177 167 192 99 173 229 59 9 66 50 233 0 0 0 0 0
0 0 0 0 0 0 148 246 157 63 57 156 120 16 176 234 105 242 121 39 10 245 135 79 76 244 60 115 143 59 250 64 212 83 24 149 212 239 142 234 123 239 187 251 35 143 196 45 152 202 63 150 4 116 145 142 2 114 150 35 30 173 246 99 174 111 123 71 2 25 103 13 41 235 193 135 31 227 132 236 14 6 102 19 105 101 253 197 120 205 81 239 60 39 144 217 179 92 140 76 135 98 127 77 143 237 82 158 39 241 39 168 58 151 204 246 102 129 34 16 233 104 179 0 0 0 0 0
0 0 0 0 0 0 150 192 25 106 91 68 121 57 17 130 11 223 248 20 180 167 178 63 180 219 88 225 157 248 109 139 156 235 87 142 141 16 188 144 15 111 204 235 96 90 212 92 240 175 31 26 190 128 32 23 70 92 96 96 40 239 91 219 160 25 59 181 71 1 141 39 124 233 156 108 212 210 23 167 147 169 44 0 29 126 94 255 186 101 21 219 93 139 232 219 196 237 58 1 118 9 90 51 227 187 165 89 191 93 165 18 21 105 21 165 122 8 150 245 93 133 154 0 0 0 0 0
0 0 0 0 0 0 0 96 54 77 33 212 237 201 34 89 149 246 215 58 156 164 118 188 231 144 227 180 92 194 32 36 189 20 106 92 249 98 149 130 175 164 10 65 235 139 209 136 141 41 184 155 220 117 26 74 84 151 16 62 161 20 100 75 201 244 113 72 205 64 89 251 30 80 240 85 235 142 218 110 72 225 146 11 190 154 9 42 252 196 97 46 155 30 91 80 137 35 177 28 235 80 140 193 147 163 204 168 133 142 156 154 73 87 238 26 155 44 214 164 36 215 0 0 0 0 0 0
0 0 0 0 0 0 0 228 93 203 95 229 97 145 181 165 204 28 109 18 180 39 178 229 190 116 29 50 93 34 64 183 117 209 61 26 179 68 133 246 90 12 230 174 209 72 235 234 105 54 100 117 235 82 89 78 73 164 146 68 218 152 15 57 112 97 3 93 114 42 204 253 215 162 225 6 200 51 251 182 136 221 115 125 134 246 86 246 247 248 55 158 172 176 238 206 192 179 164 171 20 125 6 37 225 35 193 165 29 1 180 254 111 180 217 115 194 113 205 123 82 196 0 0 0 0 0 0
0 0 0 0 0 0 0 0 69 62 39 70 188 166 59 128 207 123 101 141 59 203 39 80 32 148 112 193 103 31 250 176 182 94 82 41 101 16 100 246 121 154 192 61 112 193 220 244 156 141 174 116 223 43 103 109 168 209 151 68 248 195 2 128 59 107 89 193 204 108 62 3 58 145 54 60 195 242 87 183 205 55 118 146 140 175 205 103 182 220 231 53 242 115 122 51 255 155 221 207 188 129 67 36 181 174 63 82 163 180 187 241 178 9 90 67 158 208 108 91 220 0 0 0 0 0 0 0
0 0 0 0 0 0 0 0 0 37 137 136 112 104 254 239 199 207 78 137 37 222 160 32 137 53 202 34 68 185 90 32 205 112 39 133 212 11 84 255 225 106 168 62 152 221 130 184 228 239 103 127 13 216 221 6 67 196 0 50 215 212 26 163 234 239 240 83 174 175 158 56 64 194 221 238 13 96 60 21 77 167 56 74 130 160 0 207 41 182 56 184 215 36 249 219 235 208 69 53 230 148 37 163 72 43 215 154 148 86 220 164 31 196 149 56 133 132 216 225 0 0 0 0 0 0 0 0
0 0 0 0 0 0 0 0 0 42 213 139 189 110 66 187 19 180 33 79 29 109 124 211 77 69 20 119 64 1 99 153 188 5 18 177 56 80 1 85 120 17 240 18 176 85 206 247 227 7 182 141 25 44 232 234 85 14 17 144 61 52 235 182 2 39 221 71 54 73 224 96 106 91 209 183 1 254 107 80 29 148 177 51 187 23 206 44 87 36 188 237 121 183 5 80 211 39 177 9 168 247 205 163 142 58 101 253 172 86 105 132 81 1 136 124 227 68 97 206 0 0 0 0 0 0 0 0
0 0 0 0 0 0 0 0 0 0 8 188 3 90 161 35 66 45 139 213 113 134 64 103 233 10 138 97 28 151 125 71 245 171 161 143 113 193 152 40 47 197 248 86 83 40 27 240 174 153 123 240 126 28 204 217 170 206 109 100 146 9 13 192 207 194 240 225 160 28 11 203 236 154 86 10 226 110 205 110 200 70 14 172 178 83 69 15 218 200 117 205 48 218 51 2 250 198 128 83 240 89 154 214 102 253 136 77 115 136 57 19 98 240 207 138 154 183 51 0 0 0 0 0 0 0 0 0
0 0 0 0 0 0 0 0 0 0 34 26 175 121 242 9 58 88 229 60 135 64 163 251 78 228 252 180 205 228 68 239 73 75 109 59 254 60 206 56 163 215 35 227 50 52 212 120 163 101 177 199 204 110 64 230 235 225 186 186 50 179 228 187 85 202 21 68 67 135 25 193 101 122 135 114 198 35 143 17 222 215 134 7 216 205 218 164 253 157 165 81 37 252 197 103 37 46 19 36 55 92 175 254 187 228 120 68 25 98 104 204 25 243 157 245 22 176 190 0 0 0 0 0 0 0 0 0
0 0 0 0 0 0 0 0 0 0 0 243 109 0 230 55 127 162 211 93 178 171 90 3 68 101 154 208 182 58 73 119 10 178 97 167 242 190 90 161 31 11 18 25 131 216 160 139 71 242 216 237 168 118 255 67 17 65 97 9 79 40 65 252 40 65 136 193 84 161 236 37 204 139 122 68 46 45 224 182 227 255 177 150 28 135 24 179 173 97 97 186 164 245 129 192 156 130 179 125 200 201 99 194 234 97 35 172 218 102 108 20 83 138 171 80 4 220 0 0 0 0 0 0 0 0 0 0
0 0 0 0 0 0 0 0 0 0 0 0 30 20 30 178 54 118 26 43 231 22 243 173 252 62 215 91 3 12 110 132 61 253 236 25 193 126 14 28 96 138 104 146 54 199 104 182 59 254 51 69 51 125 228 242 51 17 55 72 47 232 245 187 202 161 249 143 170 9 238 203 250 83 88 64 250 225 104 48 53 208 2 48 164 255 107 37 125 81 3 245 82 97 174 34 167 215 204 223 84 158 218 188 25 116 250 228 224 181 225 8 198 116 128 185 170 0 0 0 0 0 0 0 0 0 0 0
0 0 0 0 0 0 0 0 0 0 0 0 8 132 128 137 88 105 96 40 43 33 200 224 183 28 246 194 92 16 102 143 0 174 246 166 39 33 92 238 160 155 27 27 252 118 90 77 163 78 18 135 121 2 59 165 183 76 35 76 228 152 131 239 252 200 179 6 106 242 6 60 253 33 2 163 8 101 2 177 188 18 140 197 140 165 177 151 69 237 168 44 134 210 250 94 75 144 102 86 255 171 113 228 210 2 204 116 134 140 151 58 203 141 108 12 96 0 0 0 0 0 0 0 0 0 0 0
0 0 0 0 0 0 0 0 0 0 0 0 0 247 235 205 52 132 165 188 24 181 213 19 49 68 28 244 27 195 158 124 240 77 203 156 189 205 48 115 200 74 71 208 121 135 167 25 167 137 50 208 137 46 139 8 217 136 190 179 22 117 47 233 24 143 173 130 13 78 152 167 142 135 175 48 150 42 239 132 51 153 3 219 169 122 197 88 124 232 186 217 153 208 91 98 89 77 251 149 160 201 150 1 13 78 73 157 106 215 84 119 161 13 209 181 0 0 0 0 0 0 0 0 0 0 0 0
0 0 0 0 0 0 0 0 0 0 0 0 0 0 213 66 36 55 125 23 43 167 85 37 147 68 74 207 7 171 86 27 220 17 125 83 118 243 221 19 79 21 15 106 215 168 199 116 65 37 184 164 116 215 56 179 181 126 104 30 26 40 95 184 67 114 234 240 104 56 91 255 249 126 198 55 109 162 81 40 188 214 138 205 141 251 90 102 122 163 114 206 171 207 72 53 57 189 32 189 130 43 75 100 24 183 199 92 174 90 194 182 156 255 10 0 0 0 0 0 0 0 0 0 0 0 0 0
0 0 0 0 0 0 0 0 0 0 0 0 0 0 0 122 141 151 233 9 122 128 77 28 80 209 145 102 13 215 73 107 33 219 103 148 111 234 168 95 101 16 73 128 172 73 195 197 62 110 88 86 96 216 120 73 131 114 44 254 222 74 26 230 108 128 60 97 42 102 105 236 3 128 18 247 232 130 43 160 210 185 131 225 124 222 204 34 151 184 27 213 228 200 246 16 156 199 79 60 75 208 214 75 35 213 27 0 115 19 28 115 63 187 0 0 0 0 0 0 0 0 0 0 0 0 0 0
0 0 0 0 0 0 0 0 0 0 0 0 0 0 0 74 232 205 26 194 71 180 150 240 194 205 169 53 8 152 124 160 110 182 241 240 209 76 22 246 100 46 250 40 210 79 188 140 96 5 62 156 43 48 243 219 162 122 116 228 63 30 126 105 34 36 75 220 184 37 143 97 51 153 208 167 234 126 203 210 243 200 74 143 97 200 64 16 213 155 53 43 31 148 2 246 228 160 171 243 71 26 49 182 47 56 19 64 179 14 99 250 250 241 0 0 0 0 0 0 0 0 0 0 0 0 0 0
0 0 0 0 0 0 0 0 0 0 0 0 0 0 0 0 34 147 88 156 82 204 135 169 0 20 240 9 136 218 103 130 147 217 105 69 135 223 84 45 141 180 47 55 77 129 217 178 238 3 30 35 57 198 174 77 74 232 28 225 8 202 127 16 178 100 104 214 122 180 175 249 146 137 130 247 91 142 190 33 194 33 106 0 5 101 174 27 9 51 93 23 156 129 28 87 108 184 103 213 140 160 214 151 60 62 231 20 108 83 118 66 209 0 0 0 0 0 0 0 0 0 0 0 0 0 0 0
0 0 0 0 0 0 0 0 0 0 0 0 0 0 0 0 0 81 212 143 99 80 168 73 121 177 5 226 207 3 24 68 231 244 118 43 223 141 86 91 210 174 154 233 127 31 157 35 105 210 155 10 204 120 17 176 8 112 84 213 180 51 143 18 151 211 37 186 171 107 231 197 237 166 197 135 65 214 91 78 15 164 211 172 250 134 23 20 163 218 146 119 23 55 161 204 91 94 130 10 49 245 21 70 203 242 209 36 87 96 53 84 0 0 0 0 0 0 0 0 0 0 0 0 0 0 0 0
0 0 0 0 0 0 0 0 0 0 0 0 0 0 0 0 0 0 0 124 0 45 16 33 241 120 84 124 213 213 248 51 29 58 43 99 244 183 234 140 92 97 114 253 13 239 87 30 232 237 157 199 45 48 214 37 90 157 213 201 30 209 228 249 141 42 44 97 65 158 149 192 99 6 113 147 104 179 54 250 96 240 107 76 120 150 171 126 196 175 1 152 160 182 128 132 164 46 80 239 132 68 157 17 125 51 6 139 122 79 82 0 0 0 0 0 0 0 0 0 0 0 0 0 0 0 0 0
0 0 0 0 0 0 0 0 0 0 0 0 0 0 0 0 0 0 0 122 98 181 111 178 36 186 123 38 247 78 85 35 182 229 236 86 246 90 114 70 241 78 103 116 159 64 141 16 228 151 59 70 181 234 3 115 223 92 46 131 75 138 136 89 20 98 255 6 98 65 133 56 114 95 235 201 23 177 74 223 35 28 236 250 143 120 205 216 3 149 208 134 241 230 126 107 112 186 8 40 124 188 80 187 13 9 170 26 217 193 0 0 0 0 0 0 0 0 0 0 0 0 0 0 0 0 0 0
0 0 0 0 0 0 0 0 0 0 0 0 0 0 0 0 0 0 0 0 178 130 97 199 187 191 125 57 109 180 97 2 197 93 75 210 113 242 75 84 153 73 61 156 207 36 47 255 135 118 133 66 214 182 241 36 238 199 242 140 38 202 249 185 87 190 240 151 72 240 183 14 41 64 89 28 110 104 177 184 164 63 148 176 100 201 81 23 13 158 73 89 17 16 58 130 92 162 168 11 20 85 248 37 22 153 209 32 44 0 0 0 0 0 0 0 0 0 0 0 0 0 0 0 0 0 0 0
0 0 0 0 0 0 0 0 0 0 0 0 0 0 0 0 0 0 0 0 0 96 218 210 126 86 36 6 167 90 254 220 131 54 82 18 170 85 152 191 171 38 159 163 229 183 97 223 211 245 21 91 194 54 51 107 179 130 238 156 153 110 238 75 100 129 78 181 250 227 210 20 14 0 32 41 32 4 113 199 18 24 250 15 36 53 63 113 88 139 147 16 21 102 15 107 135 25 93 109 50 47 79 111 39 81 148 248 0 0 0 0 0 0 0 0 0 0 0 0 0 0 0 0 0 0 0 0
0 0 0 0 0 0 0 0 0 0 0 0 0 0 0 0 0 0 0 0 0 0 170 216 74 82 30 10 2 62 68 21 63 133 62 48 187 183 69 91 1 130 254 38 173 186 226 9 248 216 236 231 20 252 161 45 38 71 197 71 50 73 49 99 197 58 214 39 52 163 95 60 114 96 106 74 114 154 151 112 95 47 200 197 223 88 167 34 31 3 229 41 233 89 90 35 95 0 240 116 99 71 200 30 183 17 152 0 0 0 0 0 0 0 0 0 0 0 0 0 0 0 0 0 0 0 0 0
0 0 0 0 0 0 0 0 0 0 0 0 0 0 0 0 0 0 0 0 0 0 0 110 228 51 244 31 247 144 38 168 162 143 6 218 169 25 179 183 90 40 92 247 81 22 139 154 138 149 183 51 204 156 123 91 140 250 181 89 223 154 109 153 54 151 126 170 234 34 114 135 130 246 117 57 82 4 123 172 85 36 234 144 227 152 9 57 13 220 127 243 8 138 205 247 240 160 188 127 191 96 250 165 115 23 0 0 0 0 0 0 0 0 0 0 0 0 0 0 0 0 0 0 0 0 0 0
0 0 0 0 0 0 0 0 0 0 0 0 0 0 0 0 0 0 0 0 0 0 0 0 0 238 46 223 252 11 215 2 144 62 24 243 46 115 201 219 106 80 34 8 41 213 109 229 81 73 144 54 34 186 147 118 254 187 112 53 208 229 184 154 226 156 85 33 214 20 131 149 126 228 75 177 19 140 185 101 157 185 230 171 61 54 108 228 177 42 43 81 172 148 42 108 7 66 4 157 168 169 196 185 0 0 0 0 0 0 0 0 0 0 0 0 0 0 0 0 0 0 0 0 0 0 0 0
0 0 0 0 0 0 0 0 0 0 0 0 0 0 0 0 0 0 0 0 0 0 0 0 0 0 185 185 240 130 77 204 15 107 193 189 63 48 150 240 110 53 228 219 105 186 187 206 29 224 36 160 73 66 138 98 65 212 126 180 218 71 222 191 115 176 220 91 94 34 121 26 208 200 190 38 95 73 116 34 100 34 224 196 117 99 35 136 114 8 184 95 194 120 12 138 166 172 30 233 214 128 100 0 0 0 0 0 0 0 0 0 0 0 0 0 0 0 0 0 0 0 0 0 0 0 0 0
0 0 0 0 0 0 0 0 0 0 0 0 0 0 0 0 0 0 0 0 0 0 0 0 0 0 0 203 50 102 121 126 65 223 22 88 95 245 63 16 7 139 136 12 132 98 70 32 111 197 243 96 187 146 58 211 210 4 233 90 208 56 162 162 29 131 233 100 139 79 140 95 181 127 17 252 233 160 224 226 97 238 68 191 121 218 160 23 226 146 248 156 181 201 194 179 13 234 231 203 47 148 0 0 0 0 0 0 0 0 0 0 0 0 0 0 0 0 0 0 0 0 0 0 0 0 0 0
0 0 0 0 0 0 0 0 0 0 0 0 0 0 0 0 0 0 0 0 0 0 0 0 0 0 0 0 0 95 185 124 4 141 230 97 36 82 42 51 186 171 34 138 92 86 23 5 60 240 190 2 225 194 128 247 158 202 223 54 216 133 43 68 219 189 39 220 36 45 130 11 107 174 32 122 18 106 185 89 68 245 53 6 66 163 7 43 247 109 150 198 230 60 88 190 115 128 196 158 0 0 0 0 0 0 0 0 0 0 0 0 0 0 0 0 0 0 0 0 0 0 0 0 0 0 0 0
0 0 0 0 0 0 0 0 0 0 0 0 0 0 0 0 0 0 0 0 0 0 0 0 0 0 0 0 0 0 242 30 138 245 169 165 20 133 102 252 156 135 133 11 148 147 74 193 87 251 212 248 145 68 52 166 11 0 57 235 77 30 214 2 112 144 228 235 8 36 18 84 7 38 11 62 138 156 57 30 226 202 64 245 217 16 237 196 239 145 1 33 56 213 61 57 125 209 46 0 0 0 0 0 0 0 0 0 0 0 0 0 0 0 0 0 0 0 0 0 0 0 0 0 0 0 0 0
0 0 0 0 0 0 0 0 0 0 0 0 0 0 0 0 0 0 0 0 0 0 0 0 0 0 0 0 0 0 0 0 162 140 195 15 33 168 226 116 4 210 137 23 47 25 46 80 120 139 103 150 78 231 189 213 23 8 215 10 100 150 113 162 83 216 234 186 122 211 136 248 184 168 88 191 113 82 215 122 221 33 67 183 34 63 222 60 155 15 142 211 130 233 171 49 133 0 0 0 0 0 0 0 0 0 0 0 0 0 0 0 0 0 0 0 0 0 0 0 0 0 0 0 0 0 0 0
0 0 0 0 0 0 0 0 0 0 0 0 0 0 0 0 0 0 0 0 0 0 0 0 0 0 0 0 0 0 0 0 0 0 136 81 190 133 32 42 204 197 55 226 154 5 92 13 185 228 99 23 226 228 190 207 254 111 45 179 177 57 151 123 1 229 217 181 239 145 41 100 11 97 228 143 194 7 49 159 72 141 22 25 108 73 74 249 118 48 68 189 175 177 125 0 0 0 0 0 0 0 0 0 0 0 0 0 0 0 0 0 0 0 0 0 0 0 0 0 0 0 0 0 0 0 0 0
0 0 0 0 0 0 0 0 0 0 0 0 0 0 0 0 0 0 0 0 0 0 0 0 0 0 0 0 0 0 0 0 0 0 0 173 53 7 220 253 59 110 183 136 99 196 23 34 109 136 117 205 72 181 184 90 47 39 86 29 82 28 238 175 134 237 29 107 38 156 79 28 43 69 194 108 150 173 224 168 186 142 41 94 207 26 58 23 91 226 74 189 58 177 0 0 0 0 0 0 0 0 0 0 0 0 0 0 0 0 0 0 0 0 0 0 0 0 0 0 0 0 0 0 0 0 0 0
0 0 0 0 0 0 0 0 0 0 0 0 0 0 0 0 0 0 0 0 0 0 0 0 0 0 0 0 0 0 0 0 0 0 0 0 0 50 6 61 208 197 64 184 64 152 174 64 14 76 132 137 164 193 73 84 9 201 195 227 167 120 49 45 194 167 61 153 182 179 176 55 9 36 11 72 241 47 97 98 165 89 145 152 187 0 180 173 20 227 216 63 0 0 0 0 0 0 0 0 0 0 0 0 0 0 0 0 0 0 0 0 0 0 0 0 0 0 0 0 0 0 0 0 0 0 0 0
0 0 0 0 0 0 0 0 0 0 0 0 0 0 0 0 0 0 0 0 0 0 0 0 0 0 0 0 0 0 0 0 0 0 0 0 0 0 0 0 227 183 102 228 98 99 56 242 197 91 18 61 123 36 229 36 199 131 143 104 188 160 97 249 58 239 199 70 20 251 14 240 184 13 177 154 153 99 186 216 182 95 177 100 83 244 189 84 82 0 0 0 0 0 0 0 0 0 0 0 0 0 0 0 0 0 0 0 0 0 0 0 0 0 0 0 0 0 0 0 0 0 0 0 0 0 0 0
0 0 0 0 0 0 0 0 0 0 0 0 0 0 0 0 0 0 0 0 0 0 0 0 0 0 0 0 0 0 0 0 0 0 0 0 0 0 0 0 0 0 184 231 62 23 211 176 88 40 229 93 190 169 184 154 142 140 124 223 241 80 220 113 91 57 240 247 253 61 169 150 126 5 18 17 201 37 67 114 214 14 83 242 213 63 29 0 0 0 0 0 0 0 0 0 0 0 0 0 0 0 0 0 0 0 0 0 0 0 0 0 0 0 0 0 0 0 0 0 0 0 0 0 0 0 0 0
0 0 0 0 0 0 0 0 0 0 0 0 0 0 0 0 0 0 0 0 0 0 0 0 0 0 0 0 0 0 0 0 0 0 0 0 0 0 0 0 0 0 0 0 0 33 78 152 171 223 42 2 46 57 182 249 74 236 112 201 12 242 5 163 72 6 159 202 96 81 79 109 179 131 169 247 19 111 200 42 2 211 37 195 0 0 0 0 0 0 0 0 0 0 0 0 0 0 0 0 0 0 0 0 0 0 0 0 0 0 0 0 0 0 0 0 0 0 0 0 0 0 0 0 0 0 0 0
0 0 0 0 0 0 0 0 0 0 0 0 0 0 0 0 0 0 0 0 0 0 0 0 0 0 0 0 0 0 0 0 0 0 0 0 0 0 0 0 0 0 0 0 0 0 0 0 0 192 221 2 24 249 26 155 13 23 69 39 89 16 155 44 214 122 183 103 30 22 73 196 0 222 241 170 73 61 38 36 0 0 0 0 0 0 0 0 0 0 0 0 0 0 0 0 0 0 0 0 0 0 0 0 0 0 0 0 0 0 0 0 0 0 0 0 0 0 0 0 0 0 0 0 0 0 0 0
0 0 0 0 0 0 0 0 0 0 0 0 0 0 0 0 0 0 0 0 0 0 0 0 0 0 0 0 0 0 0 0 0 0 0 0 0 0 0 0 0 0 0 0 0 0 0 0 0 0 0 0 0 138 187 48 4 84 97 2 253 149 115 217 160 67 221 197 143 102 169 26 254 209 148 194 0 0 0 0 0 0 0 0 0 0 0 0 0 0 0 0 0 0 0 0 0 0 0 0 0 0 0 0 0 0 0 0 0 0 0 0 0 0 0 0 0 0 0 0 0 0 0 0 0 0 0 0
