4 5 2
0.480439 0.841988 -0.921959 0.937926 0.850281 -0.1073 0.334638 -0.780139 -0.0595628 0.0263873 0.55235 -0.410469 0.428019 -0.282996 0.362837 -0.41597 -0.361182 0.621827 -0.691776 -0.109668 -0.584008 0.221961 -0.385449 -0.168849 -0.531464 0.758669 0.292463 0.852894 0.157124 0.107697
0.480439 0.841988 -0.921959 0.937926 0.850281 -0.1073 0.334638



4 5 2
-0.288588 0.445844 -0.443403 0.238359 0.175117 -0.249919 -0.519028 -0.17049 -0.812611 0.265105 -0.430138 0.55864 -0.573411 -0.17378 -0.934492 0.0719993 0.442895 -0.290884 -0.494633 0.969351 0.840002 -0.62565 -0.635954 0.19679 0.416375 -0.915711 0.461099 0.879994 0.686352 0.22318
-0.780139 -0.0595628 0.0263873 0.55235 -0.410469 0.428019 -0.282996



4 5 2
-0.465284 -0.958388 0.666295 0.443556 0.217486 0.260103 0.0596524 0.625442 -0.881403 -0.0405463 0.981944 0.758514 0.999185 -0.586454 -0.12556 -0.254698 -0.106322 -0.52488 -0.931015 0.461544 -0.0116848 -0.393846 0.618726 -0.741406 0.566381 -0.853631 -0.752704 -0.554199 0.483974 0.254693
0.362837 -0.41597 -0.361182 0.621827 -0.691776 -0.109668 -0.584008



4 5 2
-0.694377 -0.976151 -0.654858 -0.0432875 0.610108 0.374376 -0.395517 0.615354 -0.185745 0.502645 -0.68446 0.135534 0.900877 -0.100205 0.96579 0.978718 -0.86197 0.599397 0.221894 -0.363199 0.707808 -0.737627 -0.531985 -0.697283 -0.792199 0.667278 -0.55875 0.714663 0.660082 -0.830267
0.221961 -0.385449 -0.168849 -0.531464 0.758669 0.292463 0.852894



4 5 2
0.626758 0.922172 0.836691 0.901626 0.769957 -0.0984136 -0.625493 0.138813 -0.698076 -0.594717 0.106186 -0.000540733 0.281696 0.183332 -0.824134 0.305515 -0.848511 0.973414 -0.774182 0.345342 -0.393117 -0.410451 0.266801 0.129551 0.103284 0.525554 -0.166061 0.614465 -0.690295 -0.964429
0.157124 0.107697 -0.288588 0.445844 -0.443403 0.238359 0.175117



4 5 2
-0.155374 -0.431206 0.45243 -0.286868 0.417028 -0.442498 -0.887142 -0.784813 -0.97339 -0.7362 0.158342 0.739417 -0.0534694 -0.0640363 -0.640239 -0.737463 0.0254718 0.225627 -0.330763 -0.242298 0.102419 -0.0483488 0.474558 0.793385 0.280167 -0.220215 0.106491 0.630521 0.261039 0.798072
-0.249919 -0.519028 -0.17049 -0.812611 0.265105 -0.430138 0.55864



4 5 2
0.551749 0.898932 0.129999 0.955001 -0.753647 -0.0134873 -0.126784 -0.105587 0.607893 0.972193 0.837067 0.83152 -0.462614 0.163326 0.213544 -0.639652 0.872648 0.888797 -0.641584 0.0750515 0.838096 -0.344329 0.402429 0.894132 0.427031 0.985842 -0.00934261 0.221376 -0.188155 0.647717
-0.573411 -0.17378 -0.934492 0.0719993 0.442895 -0.290884 -0.494633



4 5 2
0.674526 -0.675352 0.516345 0.314847 -0.648831 -0.899713 0.233217 -0.484203 0.625942 -0.201958 -0.76851 0.759028 -0.77896 -0.0594295 -0.643879 -0.348296 0.213607 0.757757 0.822912 -0.443003 -0.583038 0.256545 0.911135 0.602577 -0.021456 0.488618 -0.183708 0.520214 0.981752 0.931755
0.969351 0.840002 -0.62565 -0.635954 0.19679 0.416375 -0.915711



4 5 2
-0.369589 -0.718028 0.420063 -0.331539 0.628433 0.650624 0.71792 -0.32927 0.342583 -0.741762 0.81277 -0.00107986 -0.212227 -0.862009 -0.297819 -0.48306 0.221866 0.938789 -0.0226285 -0.478209 -0.116452 -0.973229 -0.352623 0.999533 -0.353953 0.664119 -0.165422 0.268334 0.0518639 0.488687
0.461099 0.879994 0.686352 0.22318 -0.465284 -0.958388 0.666295



4 5 2
0.213006 0.556963 -0.235055 -0.244407 0.947684 0.0642341 -0.461524 -0.291009 0.653914 -0.23025 -0.767842 0.636323 0.420509 -0.957461 -0.99768 -0.291245 -0.179944 -0.159376 -0.273693 -0.368338 0.0611048 0.0750477 0.658491 -0.362351 -0.81647 0.812992 0.346627 -0.863211 -0.0739068 0.0447614
0.443556 0.217486 0.260103 0.0596524 0.625442 -0.881403 -0.0405463



4 5 2
0.514464 0.762716 -0.921959 0.927413 -0.0436965 -0.431901 0.128164 -0.780139 -0.20374 -0.887933 0.569178 -0.410469 0.453229 -0.754396 -0.533201 -0.41597 0.039645 1.43826 -0.691776 -0.542871 -0.584008 -0.687296 -0.556229 -1.05427 -0.531464 -0.0300006 0.893604 1.23676 1.02005 1.01284
0.480439 0.841988 -1.58504 0.937926 0.850281 -0.1073 0.235312



4 5 2
0.514464 0.762716 -0.921959 0.927413 -0.0436965 -0.431901 0.128164 -0.780139 -0.20374 -0.887933 0.569178 -0.410469 0.453229 -0.754396 -0.533201 -0.41597 0.039645 1.43826 -0.691776 -0.542871 -0.584008 -0.687296 -0.556229 -1.05427 -0.531464 -0.0300006 0.893604 1.23676 1.02005 1.01284
0.480439 0.841988 -1.58504 0.937926 0.850281 -0.1073 0.235312



4 5 2
0.514464 0.762716 -0.921959 0.927413 -0.0436965 -0.431901 0.128164 -0.780139 -0.20374 -0.887933 0.569178 -0.410469 0.453229 -0.754396 -0.533201 -0.41597 0.039645 1.43826 -0.691776 -0.542871 -0.584008 -0.687296 -0.556229 -1.05427 -0.531464 -0.0300006 0.893604 1.23676 1.02005 1.01284
0.480439 0.841988 -1.58504 0.937926 0.850281 -0.1073 0.235312



4 5 2
0.514464 0.762716 -0.921959 0.927413 -0.0436965 -0.431901 0.128164 -0.780139 -0.20374 -0.887933 0.569178 -0.410469 0.453229 -0.754396 -0.533201 -0.41597 0.039645 1.43826 -0.691776 -0.542871 -0.584008 -0.687296 -0.556229 -1.05427 -0.531464 -0.0300006 0.893604 1.23676 1.02005 1.01284
0.480439 0.841988 -1.58504 0.937926 0.850281 -0.1073 0.235312



4 5 2
0.514464 0.762716 -0.921959 0.927413 -0.0436965 -0.431901 0.128164 -0.780139 -0.20374 -0.887933 0.569178 -0.410469 0.453229 -0.754396 -0.533201 -0.41597 0.039645 1.43826 -0.691776 -0.542871 -0.584008 -0.687296 -0.556229 -1.05427 -0.531464 -0.0300006 0.893604 1.23676 1.02005 1.01284
0.480439 0.841988 -1.58504 0.937926 0.850281 -0.1073 0.235312



4 5 2
0.514464 0.762716 -0.921959 0.927413 -0.0436965 -0.431901 0.128164 -0.780139 -0.20374 -0.887933 0.569178 -0.410469 0.453229 -0.754396 -0.533201 -0.41597 0.039645 1.43826 -0.691776 -0.542871 -0.584008 -0.687296 -0.556229 -1.05427 -0.531464 -0.0300006 0.893604 1.23676 1.02005 1.01284
0.480439 0.841988 -1.58504 0.937926 0.850281 -0.1073 0.235312



4 5 2
0.514464 0.762716 -0.921959 0.927413 -0.0436965 -0.431901 0.128164 -0.780139 -0.20374 -0.887933 0.569178 -0.410469 0.453229 -0.754396 -0.533201 -0.41597 0.039645 1.43826 -0.691776 -0.542871 -0.584008 -0.687296 -0.556229 -1.05427 -0.531464 -0.0300006 0.893604 1.23676 1.02005 1.01284
0.480439 0.841988 -1.58504 0.937926 0.850281 -0.1073 0.235312



4 5 2
0.514464 0.762716 -0.921959 0.927413 -0.0436965 -0.431901 0.128164 -0.780139 -0.20374 -0.887933 0.569178 -0.410469 0.453229 -0.754396 -0.533201 -0.41597 0.039645 1.43826 -0.691776 -0.542871 -0.584008 -0.687296 -0.556229 -1.05427 -0.531464 -0.0300006 0.893604 1.23676 1.02005 1.01284
0.480439 0.841988 -1.58504 0.937926 0.850281 -0.1073 0.235312



4 5 2
0.514464 0.762716 -0.921959 0.927413 -0.0436965 -0.431901 0.128164 -0.780139 -0.20374 -0.887933 0.569178 -0.410469 0.453229 -0.754396 -0.533201 -0.41597 0.039645 1.43826 -0.691776 -0.542871 -0.584008 -0.687296 -0.556229 -1.05427 -0.531464 -0.0300006 0.893604 1.23676 1.02005 1.01284
0.480439 0.841988 -1.58504 0.937926 0.850281 -0.1073 0.235312



4 5 2
0.514464 0.762716 -0.921959 0.927413 -0.0436965 -0.431901 0.128164 -0.780139 -0.20374 -0.887933 0.569178 -0.410469 0.453229 -0.754396 -0.533201 -0.41597 0.039645 1.43826 -0.691776 -0.542871 -0.584008 -0.687296 -0.556229 -1.05427 -0.531464 -0.0300006 0.893604 1.23676 1.02005 1.01284
0.480439 0.841988 -1.58504 0.937926 0.850281 -0.1073 0.235312



